0 0.5102040816326531 0.29086538461538464 0.10884353741496598 0.028846153846153848
0 0.5102040816326531 0.3173076923076923 0.10204081632653061 0.02403846153846154
0 0.5102040816326531 0.34375 0.10204081632653061 0.028846153846153848
0 0.4965986394557823 0.3701923076923077 0.10884353741496598 0.02403846153846154
0 0.47619047619047616 0.3918269230769231 0.11564625850340136 0.03365384615384615
0 0.4557823129251701 0.4182692307692308 0.11564625850340136 0.03365384615384615
0 0.4489795918367347 0.4495192307692308 0.12244897959183673 0.03365384615384615
0 0.4489795918367347 0.47836538461538464 0.1292517006802721 0.03125
0 0.4489795918367347 0.5096153846153846 0.14285714285714285 0.03125
0 0.4489795918367347 0.5480769230769231 0.14285714285714285 0.03365384615384615
0 0.4557823129251701 0.5817307692307693 0.1564625850340136 0.03365384615384615
0 0.47619047619047616 0.6201923076923077 0.16326530612244897 0.036057692307692304
0 0.4897959183673469 0.6586538461538461 0.17006802721088435 0.036057692307692304
0 0.4897959183673469 0.6995192307692307 0.16326530612244897 0.036057692307692304
0 0.4897959183673469 0.7427884615384616 0.1836734693877551 0.04326923076923077