0 0.4661016949152542 0.28365384615384615 0.1271186440677966 0.026442307692307692
0 0.4661016949152542 0.31009615384615385 0.1271186440677966 0.02403846153846154
0 0.4661016949152542 0.33653846153846156 0.1271186440677966 0.021634615384615384
0 0.4576271186440678 0.3581730769230769 0.13559322033898305 0.028846153846153848
0 0.4576271186440678 0.3870192307692308 0.15254237288135594 0.026442307692307692
0 0.4661016949152542 0.41586538461538464 0.15254237288135594 0.026442307692307692
0 0.4745762711864407 0.4423076923076923 0.16101694915254236 0.026442307692307692
0 0.4745762711864407 0.4735576923076923 0.16101694915254236 0.026442307692307692
0 0.4576271186440678 0.5048076923076923 0.1694915254237288 0.03125
0 0.4491525423728814 0.5408653846153846 0.1864406779661017 0.03365384615384615
0 0.4322033898305085 0.5793269230769231 0.2033898305084746 0.038461538461538464
0 0.423728813559322 0.6201923076923077 0.2033898305084746 0.038461538461538464
0 0.4322033898305085 0.6658653846153846 0.22033898305084745 0.04326923076923077
0 0.4491525423728814 0.7091346153846154 0.23728813559322035 0.038461538461538464
0 0.4491525423728814 0.75 0.2542372881355932 0.040865384615384616