0 0.5724137931034483 0.25240384615384615 0.1103448275862069 0.021634615384615384
0 0.5724137931034483 0.27884615384615385 0.10344827586206896 0.021634615384615384
0 0.5655172413793104 0.30288461538461536 0.10344827586206896 0.019230769230769232
0 0.5448275862068965 0.3317307692307692 0.09655172413793103 0.026442307692307692
0 0.5103448275862069 0.3557692307692308 0.10344827586206896 0.028846153846153848
0 0.4896551724137931 0.3798076923076923 0.09655172413793103 0.028846153846153848
0 0.47586206896551725 0.40865384615384615 0.09655172413793103 0.02403846153846154
0 0.4827586206896552 0.43990384615384615 0.1103448275862069 0.021634615384615384
0 0.496551724137931 0.46875 0.12413793103448276 0.026442307692307692
0 0.5310344827586206 0.5 0.13793103448275862 0.028846153846153848
0 0.5586206896551724 0.5360576923076923 0.13793103448275862 0.03365384615384615
0 0.5724137931034483 0.5745192307692307 0.14482758620689656 0.03125
0 0.5586206896551724 0.6153846153846154 0.14482758620689656 0.03365384615384615
0 0.5379310344827586 0.6586538461538461 0.15862068965517243 0.040865384615384616
0 0.503448275862069 0.6947115384615384 0.15172413793103448 0.03365384615384615
0 0.4896551724137931 0.7355769230769231 0.15862068965517243 0.036057692307692304
0 0.4896551724137931 0.7740384615384616 0.1724137931034483 0.03365384615384615