0 0.5694444444444444 0.2932692307692308 0.2847222222222222 0.026442307692307692
0 0.5763888888888888 0.3245192307692308 0.3194444444444444 0.03125
0 0.5138888888888888 0.7572115384615384 0.3055555555555556 0.04326923076923077
0 0.5277777777777778 0.71875 0.2986111111111111 0.03365384615384615
0 0.5763888888888888 0.6754807692307693 0.2708333333333333 0.038461538461538464
0 0.5902777777777778 0.6322115384615384 0.2638888888888889 0.036057692307692304
0 0.5763888888888888 0.5913461538461539 0.2569444444444444 0.03125
0 0.5277777777777778 0.5576923076923077 0.2638888888888889 0.026442307692307692
0 0.4722222222222222 0.53125 0.24305555555555555 0.02403846153846154
0 0.4236111111111111 0.5 0.22916666666666666 0.02403846153846154
0 0.4375 0.47836538461538464 0.2638888888888889 0.021634615384615384
0 0.4652777777777778 0.4519230769230769 0.2777777777777778 0.026442307692307692
0 0.5138888888888888 0.4254807692307692 0.2569444444444444 0.026442307692307692
0 0.5694444444444444 0.35336538461538464 0.2708333333333333 0.02403846153846154
0 0.5694444444444444 0.3798076923076923 0.22916666666666666 0.02403846153846154
0 0.5625 0.40384615384615385 0.2152777777777778 0.016826923076923076