0 0.46710526315789475 0.20481927710843373 0.125 0.024096385542168676
0 0.46710526315789475 0.23373493975903614 0.125 0.024096385542168676
0 0.46710526315789475 0.25542168674698795 0.10526315789473684 0.01927710843373494
0 0.47368421052631576 0.2819277108433735 0.1118421052631579 0.021686746987951807
0 0.47368421052631576 0.3036144578313253 0.1118421052631579 0.021686746987951807
0 0.48026315789473684 0.3301204819277108 0.125 0.01927710843373494
0 0.5 0.3566265060240964 0.1118421052631579 0.01927710843373494
0 0.506578947368421 0.3855421686746988 0.13157894736842105 0.021686746987951807
0 0.5328947368421053 0.41445783132530123 0.11842105263157894 0.021686746987951807
0 0.5526315789473685 0.4433734939759036 0.13815789473684212 0.021686746987951807
0 0.5855263157894737 0.46987951807228917 0.14473684210526316 0.02650602409638554
0 0.5921052631578947 0.4963855421686747 0.15789473684210525 0.01927710843373494
0 0.5723684210526315 0.5228915662650603 0.13815789473684212 0.021686746987951807
0 0.5394736842105263 0.5445783132530121 0.14473684210526316 0.024096385542168676
0 0.5131578947368421 0.563855421686747 0.13815789473684212 0.02891566265060241
0 0.4868421052631579 0.5951807228915663 0.15789473684210525 0.03855421686746988
0 0.48026315789473684 0.6385542168674698 0.17763157894736842 0.03855421686746988
0 0.4868421052631579 0.6819277108433734 0.19736842105263158 0.033734939759036145