0 0.5094339622641509 0.34375 0.16037735849056603 0.021634615384615384
0 0.5 0.3701923076923077 0.1509433962264151 0.026442307692307692
0 0.49056603773584906 0.3942307692307692 0.1509433962264151 0.021634615384615384
0 0.49056603773584906 0.4182692307692308 0.1509433962264151 0.02403846153846154
0 0.49056603773584906 0.44471153846153844 0.18867924528301888 0.021634615384615384
0 0.5094339622641509 0.47115384615384615 0.1792452830188679 0.028846153846153848
0 0.5188679245283019 0.5 0.1792452830188679 0.028846153846153848
0 0.5377358490566038 0.53125 0.20754716981132076 0.028846153846153848
0 0.5471698113207547 0.5673076923076923 0.22641509433962265 0.036057692307692304
0 0.5660377358490566 0.6057692307692307 0.20754716981132076 0.03365384615384615
0 0.5566037735849056 0.6442307692307693 0.20754716981132076 0.03365384615384615
0 0.5377358490566038 0.6802884615384616 0.22641509433962265 0.036057692307692304
0 0.5094339622641509 0.7235576923076923 0.25471698113207547 0.040865384615384616
0 0.5094339622641509 0.7620192307692307 0.2641509433962264 0.040865384615384616
0 0.5188679245283019 0.32211538461538464 0.1509433962264151 0.028846153846153848
0 0.5377358490566038 0.2956730769230769 0.1320754716981132 0.026442307692307692