0 0.4329268292682927 0.1875 0.12195121951219512 0.03125
0 0.4024390243902439 0.2091346153846154 0.13414634146341464 0.036057692307692304
0 0.35365853658536583 0.2283653846153846 0.11585365853658537 0.036057692307692304
0 0.3170731707317073 0.24278846153846154 0.0975609756097561 0.03125
0 0.2865853658536585 0.2620192307692308 0.11585365853658537 0.03365384615384615
0 0.2682926829268293 0.29086538461538464 0.10975609756097561 0.03125
0 0.2621951219512195 0.3173076923076923 0.10975609756097561 0.026442307692307692
0 0.2621951219512195 0.34615384615384615 0.14634146341463414 0.028846153846153848
0 0.2804878048780488 0.38221153846153844 0.1524390243902439 0.028846153846153848
0 0.3048780487804878 0.41586538461538464 0.15853658536585366 0.03365384615384615
0 0.34146341463414637 0.4543269230769231 0.14634146341463414 0.028846153846153848
0 0.4024390243902439 0.49278846153846156 0.14634146341463414 0.036057692307692304
0 0.45121951219512196 0.5288461538461539 0.15853658536585366 0.03125
0 0.4878048780487805 0.5697115384615384 0.15853658536585366 0.038461538461538464
0 0.5182926829268293 0.6177884615384616 0.17073170731707318 0.040865384615384616
0 0.524390243902439 0.6610576923076923 0.15853658536585366 0.036057692307692304