0 0.4114285714285714 0.2091346153846154 0.10857142857142857 0.026442307692307692
0 0.4114285714285714 0.23798076923076922 0.11428571428571428 0.028846153846153848
0 0.4114285714285714 0.2644230769230769 0.10285714285714286 0.028846153846153848
0 0.4057142857142857 0.2956730769230769 0.10857142857142857 0.03125
0 0.3942857142857143 0.3245192307692308 0.11428571428571428 0.03125
0 0.37714285714285717 0.3557692307692308 0.11428571428571428 0.03365384615384615
0 0.36 0.3870192307692308 0.10285714285714286 0.03365384615384615
0 0.35428571428571426 0.4230769230769231 0.12 0.038461538461538464
0 0.35428571428571426 0.45913461538461536 0.14285714285714285 0.03365384615384615
0 0.3657142857142857 0.49278846153846156 0.15428571428571428 0.036057692307692304
0 0.38857142857142857 0.53125 0.15428571428571428 0.03365384615384615
0 0.4114285714285714 0.5697115384615384 0.17142857142857143 0.036057692307692304
0 0.42857142857142855 0.6129807692307693 0.18857142857142858 0.040865384615384616
0 0.44571428571428573 0.6610576923076923 0.2 0.040865384615384616
0 0.45714285714285713 0.7115384615384616 0.18857142857142858 0.052884615384615384
0 0.4514285714285714 0.7596153846153846 0.18857142857142858 0.04326923076923077