0 0.4587628865979381 0.6947115384615384 0.18041237113402062 0.03125
0 0.4536082474226804 0.6538461538461539 0.211340206185567 0.03365384615384615
0 0.4587628865979381 0.6081730769230769 0.20103092783505155 0.03365384615384615
0 0.4845360824742268 0.5721153846153846 0.1958762886597938 0.03365384615384615
0 0.5257731958762887 0.5432692307692307 0.211340206185567 0.026442307692307692
0 0.5670103092783505 0.5168269230769231 0.17525773195876287 0.03125
0 0.5927835051546392 0.47836538461538464 0.18556701030927836 0.026442307692307692
0 0.5773195876288659 0.44711538461538464 0.16494845360824742 0.02403846153846154
0 0.5721649484536082 0.41346153846153844 0.14948453608247422 0.03365384615384615
0 0.5824742268041238 0.38221153846153844 0.15979381443298968 0.026442307692307692
0 0.5927835051546392 0.35096153846153844 0.15463917525773196 0.028846153846153848
0 0.6030927835051546 0.32211538461538464 0.14948453608247422 0.03125
0 0.6804123711340206 0.19951923076923078 0.14432989690721648 0.028846153846153848
0 0.6649484536082474 0.23317307692307693 0.15463917525773196 0.028846153846153848
0 0.6391752577319587 0.25721153846153844 0.13917525773195877 0.026442307692307692
0 0.6185567010309279 0.28846153846153844 0.17525773195876287 0.03125