0 0.3722627737226277 0.23557692307692307 0.2116788321167883 0.028846153846153848
0 0.3795620437956204 0.2644230769230769 0.18248175182481752 0.02403846153846154
0 0.38686131386861317 0.28846153846153844 0.18248175182481752 0.021634615384615384
0 0.38686131386861317 0.3125 0.20437956204379562 0.02403846153846154
0 0.38686131386861317 0.3389423076923077 0.21897810218978103 0.02403846153846154
0 0.38686131386861317 0.3701923076923077 0.20437956204379562 0.021634615384615384
0 0.39416058394160586 0.39903846153846156 0.1897810218978102 0.026442307692307692
0 0.39416058394160586 0.42788461538461536 0.16058394160583941 0.028846153846153848
0 0.40875912408759124 0.46153846153846156 0.19708029197080293 0.028846153846153848
0 0.40145985401459855 0.49278846153846156 0.20437956204379562 0.028846153846153848
0 0.3722627737226277 0.5264423076923077 0.2116788321167883 0.03125
0 0.32116788321167883 0.5625 0.2116788321167883 0.036057692307692304
0 0.2846715328467153 0.5985576923076923 0.24087591240875914 0.036057692307692304
0 0.27007299270072993 0.6418269230769231 0.27007299270072993 0.040865384615384616
0 0.2773722627737226 0.6899038461538461 0.30656934306569344 0.038461538461538464
0 0.31386861313868614 0.7403846153846154 0.32116788321167883 0.038461538461538464