0 0.5495049504950495 0.16826923076923078 0.07425742574257425 0.02403846153846154
0 0.5495049504950495 0.19471153846153846 0.07920792079207921 0.03125
0 0.5445544554455446 0.22596153846153846 0.07425742574257425 0.036057692307692304
0 0.5445544554455446 0.25721153846153844 0.07920792079207921 0.03125
0 0.5396039603960396 0.2860576923076923 0.07425742574257425 0.03365384615384615
0 0.5346534653465347 0.3173076923076923 0.08415841584158416 0.036057692307692304
0 0.5297029702970297 0.35336538461538464 0.07920792079207921 0.036057692307692304
0 0.5148514851485149 0.3870192307692308 0.09405940594059406 0.03365384615384615
0 0.504950495049505 0.4230769230769231 0.10396039603960396 0.036057692307692304
0 0.4900990099009901 0.45913461538461536 0.1188118811881188 0.03365384615384615
0 0.47029702970297027 0.5 0.12376237623762376 0.04326923076923077
0 0.43564356435643564 0.5456730769230769 0.13861386138613863 0.04326923076923077
0 0.400990099009901 0.5889423076923077 0.14356435643564355 0.04807692307692308
0 0.37623762376237624 0.6370192307692307 0.15841584158415842 0.04807692307692308
0 0.37623762376237624 0.6850961538461539 0.16831683168316833 0.04326923076923077
0 0.37623762376237624 0.7379807692307693 0.19306930693069307 0.04567307692307692