0 0.4692737430167598 0.7836538461538461 0.16759776536312848 0.028846153846153848
0 0.4692737430167598 0.7451923076923077 0.17318435754189945 0.03125
0 0.4748603351955307 0.7043269230769231 0.1787709497206704 0.026442307692307692
0 0.4748603351955307 0.6658653846153846 0.1787709497206704 0.02403846153846154
0 0.46368715083798884 0.6298076923076923 0.17318435754189945 0.026442307692307692
0 0.45251396648044695 0.59375 0.2011173184357542 0.02403846153846154
0 0.4245810055865922 0.5600961538461539 0.19553072625698323 0.02403846153846154
0 0.39664804469273746 0.5288461538461539 0.2011173184357542 0.026442307692307692
0 0.36312849162011174 0.5 0.2011173184357542 0.02403846153846154
0 0.36312849162011174 0.47115384615384615 0.16201117318435754 0.02403846153846154
0 0.36312849162011174 0.44471153846153844 0.15083798882681565 0.02403846153846154
0 0.3854748603351955 0.4182692307692308 0.1564245810055866 0.021634615384615384
0 0.4022346368715084 0.3942307692307692 0.15083798882681565 0.019230769230769232
0 0.41899441340782123 0.38221153846153844 0.16201117318435754 0.026442307692307692
0 0.4301675977653631 0.3557692307692308 0.16759776536312848 0.03125
0 0.45251396648044695 0.33413461538461536 0.15083798882681565 0.02403846153846154