0 0.5436241610738255 0.25240384615384615 0.10067114093959731 0.02403846153846154
0 0.5436241610738255 0.28125 0.10738255033557047 0.019230769230769232
0 0.5369127516778524 0.3076923076923077 0.087248322147651 0.019230769230769232
0 0.5436241610738255 0.3317307692307692 0.087248322147651 0.02403846153846154
0 0.5302013422818792 0.3605769230769231 0.12080536912751678 0.026442307692307692
0 0.5302013422818792 0.3894230769230769 0.11409395973154363 0.028846153846153848
0 0.5302013422818792 0.41586538461538464 0.10738255033557047 0.02403846153846154
0 0.5302013422818792 0.44711538461538464 0.11409395973154363 0.026442307692307692
0 0.5369127516778524 0.47596153846153844 0.12751677852348994 0.026442307692307692
0 0.5436241610738255 0.5096153846153846 0.14093959731543623 0.028846153846153848
0 0.5503355704697986 0.5456730769230769 0.14093959731543623 0.03125
0 0.5570469798657718 0.5889423076923077 0.1476510067114094 0.03365384615384615
0 0.5570469798657718 0.6298076923076923 0.1342281879194631 0.036057692307692304
0 0.5503355704697986 0.6778846153846154 0.16778523489932887 0.040865384615384616
0 0.5302013422818792 0.7211538461538461 0.16778523489932887 0.038461538461538464
0 0.5100671140939598 0.7548076923076923 0.18120805369127516 0.040865384615384616
0 0.48322147651006714 0.7956730769230769 0.20134228187919462 0.04326923076923077