0 0.43349753694581283 0.19230769230769232 0.09359605911330049 0.026442307692307692
0 0.43842364532019706 0.22115384615384615 0.09852216748768473 0.026442307692307692
0 0.4433497536945813 0.25 0.10837438423645321 0.03125
0 0.43842364532019706 0.28365384615384615 0.10837438423645321 0.036057692307692304
0 0.4236453201970443 0.31971153846153844 0.09852216748768473 0.036057692307692304
0 0.41379310344827586 0.35336538461538464 0.10344827586206896 0.036057692307692304
0 0.39901477832512317 0.3870192307692308 0.09852216748768473 0.036057692307692304
0 0.3842364532019704 0.4230769230769231 0.09852216748768473 0.038461538461538464
0 0.3793103448275862 0.46153846153846156 0.11330049261083744 0.036057692307692304
0 0.3842364532019704 0.5 0.1330049261083744 0.040865384615384616
0 0.39408866995073893 0.5456730769230769 0.12807881773399016 0.04326923076923077
0 0.4187192118226601 0.59375 0.13793103448275862 0.05048076923076923
0 0.43842364532019706 0.6442307692307693 0.14285714285714285 0.04807692307692308
0 0.43349753694581283 0.6947115384615384 0.14285714285714285 0.04567307692307692
0 0.4187192118226601 0.7451923076923077 0.1477832512315271 0.04807692307692308
0 0.42857142857142855 0.1658653846153846 0.10344827586206896 0.026442307692307692