0 0.5625 0.7331730769230769 0.29464285714285715 0.028846153846153848
0 0.6071428571428571 0.7043269230769231 0.2767857142857143 0.026442307692307692
0 0.6428571428571429 0.6778846153846154 0.24107142857142858 0.02403846153846154
0 0.6428571428571429 0.6490384615384616 0.29464285714285715 0.021634615384615384
0 0.5982142857142857 0.6274038461538461 0.33035714285714285 0.02403846153846154
0 0.5178571428571429 0.5961538461538461 0.2857142857142857 0.03125
0 0.49107142857142855 0.5600961538461539 0.25 0.03365384615384615
0 0.4732142857142857 0.5192307692307693 0.23214285714285715 0.03365384615384615
0 0.4642857142857143 0.4855769230769231 0.24107142857142858 0.028846153846153848
0 0.4732142857142857 0.4519230769230769 0.21428571428571427 0.026442307692307692
0 0.49107142857142855 0.4230769230769231 0.21428571428571427 0.026442307692307692
0 0.5 0.3918269230769231 0.22321428571428573 0.026442307692307692
0 0.5 0.3629807692307692 0.21428571428571427 0.026442307692307692
0 0.5178571428571429 0.33653846153846156 0.20535714285714285 0.026442307692307692
0 0.5267857142857143 0.31009615384615385 0.22321428571428573 0.026442307692307692
0 0.5357142857142857 0.28365384615384615 0.20535714285714285 0.021634615384615384
0 0.5357142857142857 0.25961538461538464 0.16071428571428573 0.02403846153846154
0 0.5535714285714286 0.23557692307692307 0.16964285714285715 0.021634615384615384