0 0.35714285714285715 0.23557692307692307 0.11904761904761904 0.03365384615384615
0 0.35119047619047616 0.2668269230769231 0.1130952380952381 0.02403846153846154
0 0.34523809523809523 0.2956730769230769 0.10714285714285714 0.026442307692307692
0 0.35119047619047616 0.32211538461538464 0.1130952380952381 0.02403846153846154
0 0.3333333333333333 0.35096153846153844 0.11904761904761904 0.028846153846153848
0 0.3273809523809524 0.38461538461538464 0.10714285714285714 0.026442307692307692
0 0.3273809523809524 0.41586538461538464 0.11904761904761904 0.026442307692307692
0 0.3392857142857143 0.4495192307692308 0.11904761904761904 0.03125
0 0.3392857142857143 0.4879807692307692 0.125 0.026442307692307692
0 0.35119047619047616 0.5240384615384616 0.13095238095238096 0.028846153846153848
0 0.36904761904761907 0.5649038461538461 0.13095238095238096 0.026442307692307692
0 0.39880952380952384 0.6057692307692307 0.14285714285714285 0.028846153846153848
0 0.4226190476190476 0.6466346153846154 0.14285714285714285 0.028846153846153848
0 0.44047619047619047 0.6971153846153846 0.1488095238095238 0.03365384615384615
0 0.4583333333333333 0.7427884615384616 0.15476190476190477 0.03365384615384615
0 0.4583333333333333 0.7836538461538461 0.15476190476190477 0.036057692307692304