0 0.4966887417218543 0.18990384615384615 0.10596026490066225 0.016826923076923076
0 0.4966887417218543 0.2091346153846154 0.09933774834437085 0.019230769230769232
0 0.5033112582781457 0.2283653846153846 0.09271523178807947 0.019230769230769232
0 0.5099337748344371 0.25240384615384615 0.09933774834437085 0.02403846153846154
0 0.5099337748344371 0.2764423076923077 0.09271523178807947 0.021634615384615384
0 0.5099337748344371 0.30288461538461536 0.09271523178807947 0.021634615384615384
0 0.5033112582781457 0.3317307692307692 0.09933774834437085 0.021634615384615384
0 0.5099337748344371 0.3581730769230769 0.10596026490066225 0.021634615384615384
0 0.5165562913907285 0.38461538461538464 0.10596026490066225 0.021634615384615384
0 0.5165562913907285 0.4110576923076923 0.11258278145695365 0.02403846153846154
0 0.5231788079470199 0.4375 0.11920529801324503 0.02403846153846154
0 0.5231788079470199 0.46634615384615385 0.12582781456953643 0.02403846153846154
0 0.5231788079470199 0.5 0.13245033112582782 0.026442307692307692
0 0.5099337748344371 0.5336538461538461 0.13245033112582782 0.028846153846153848
0 0.4966887417218543 0.5721153846153846 0.1390728476821192 0.03365384615384615
0 0.48344370860927155 0.6129807692307693 0.152317880794702 0.03365384615384615
0 0.48344370860927155 0.6586538461538461 0.152317880794702 0.036057692307692304
0 0.4768211920529801 0.6923076923076923 0.152317880794702 0.026442307692307692