0 0.5379310344827586 0.20432692307692307 0.10344827586206896 0.02403846153846154
0 0.5241379310344828 0.23076923076923078 0.1103448275862069 0.02403846153846154
0 0.5241379310344828 0.2548076923076923 0.09655172413793103 0.021634615384615384
0 0.5103448275862069 0.28125 0.10344827586206896 0.02403846153846154
0 0.503448275862069 0.30528846153846156 0.1103448275862069 0.02403846153846154
0 0.4896551724137931 0.3293269230769231 0.11724137931034483 0.02403846153846154
0 0.4689655172413793 0.3557692307692308 0.12413793103448276 0.028846153846153848
0 0.46206896551724136 0.3894230769230769 0.12413793103448276 0.026442307692307692
0 0.45517241379310347 0.4206730769230769 0.12413793103448276 0.028846153846153848
0 0.45517241379310347 0.4519230769230769 0.12413793103448276 0.02403846153846154
0 0.46206896551724136 0.4855769230769231 0.1310344827586207 0.028846153846153848
0 0.46206896551724136 0.5192307692307693 0.14482758620689656 0.03125
0 0.4689655172413793 0.5528846153846154 0.15172413793103448 0.03125
0 0.4827586206896552 0.5913461538461539 0.1724137931034483 0.03365384615384615
0 0.496551724137931 0.6298076923076923 0.18620689655172415 0.03125
0 0.496551724137931 0.6706730769230769 0.1793103448275862 0.03365384615384615
0 0.496551724137931 0.7211538461538461 0.1724137931034483 0.036057692307692304