0 0.5681818181818182 0.24278846153846154 0.12878787878787878 0.02403846153846154
0 0.5681818181818182 0.2668269230769231 0.12878787878787878 0.021634615384615384
0 0.5681818181818182 0.2932692307692308 0.12121212121212122 0.028846153846153848
0 0.5303030303030303 0.32211538461538464 0.12878787878787878 0.03365384615384615
0 0.4772727272727273 0.34375 0.13636363636363635 0.038461538461538464
0 0.4090909090909091 0.36538461538461536 0.12878787878787878 0.038461538461538464
0 0.3787878787878788 0.3918269230769231 0.14393939393939395 0.03125
0 0.3712121212121212 0.4230769230769231 0.1590909090909091 0.028846153846153848
0 0.4015151515151515 0.4495192307692308 0.15151515151515152 0.040865384615384616
0 0.4696969696969697 0.47596153846153844 0.1590909090909091 0.04326923076923077
0 0.553030303030303 0.5 0.17424242424242425 0.04567307692307692
0 0.6060606060606061 0.5360576923076923 0.18181818181818182 0.04326923076923077
0 0.6060606060606061 0.5817307692307693 0.18181818181818182 0.04567307692307692
0 0.5681818181818182 0.6225961538461539 0.1893939393939394 0.05048076923076923
0 0.48484848484848486 0.6634615384615384 0.21212121212121213 0.057692307692307696
0 0.42424242424242425 0.6947115384615384 0.2196969696969697 0.04326923076923077