0 0.47928994082840237 0.24519230769230768 0.10650887573964497 0.028846153846153848
0 0.47337278106508873 0.27403846153846156 0.10650887573964497 0.026442307692307692
0 0.4556213017751479 0.3004807692307692 0.11242603550295859 0.03125
0 0.4378698224852071 0.3245192307692308 0.1242603550295858 0.03125
0 0.41420118343195267 0.35096153846153844 0.1242603550295858 0.03365384615384615
0 0.40236686390532544 0.3798076923076923 0.11834319526627218 0.036057692307692304
0 0.3905325443786982 0.4110576923076923 0.1301775147928994 0.03365384615384615
0 0.40236686390532544 0.4423076923076923 0.15384615384615385 0.028846153846153848
0 0.42011834319526625 0.47836538461538464 0.14792899408284024 0.036057692307692304
0 0.4437869822485207 0.5168269230769231 0.15384615384615385 0.04326923076923077
0 0.47337278106508873 0.5528846153846154 0.14792899408284024 0.04807692307692308
0 0.5088757396449705 0.59375 0.15384615384615385 0.04807692307692308
0 0.5325443786982249 0.6394230769230769 0.15384615384615385 0.04326923076923077
0 0.5384615384615384 0.6802884615384616 0.15384615384615385 0.038461538461538464
0 0.5384615384615384 0.7115384615384616 0.15976331360946747 0.040865384615384616