0 0.5488721804511278 0.22409638554216868 0.13533834586466165 0.02650602409638554
0 0.5488721804511278 0.25301204819277107 0.12781954887218044 0.024096385542168676
0 0.5488721804511278 0.27951807228915665 0.12781954887218044 0.024096385542168676
0 0.556390977443609 0.30843373493975906 0.12781954887218044 0.024096385542168676
0 0.556390977443609 0.3373493975903614 0.12781954887218044 0.02650602409638554
0 0.5488721804511278 0.36626506024096384 0.12781954887218044 0.024096385542168676
0 0.5488721804511278 0.39759036144578314 0.12781954887218044 0.02650602409638554
0 0.5338345864661654 0.42891566265060244 0.13533834586466165 0.02650602409638554
0 0.518796992481203 0.4602409638554217 0.15037593984962405 0.02650602409638554
0 0.49624060150375937 0.4963855421686747 0.15789473684210525 0.03132530120481928
0 0.48872180451127817 0.5301204819277109 0.16541353383458646 0.02891566265060241
0 0.47368421052631576 0.5686746987951807 0.18045112781954886 0.03132530120481928
0 0.46616541353383456 0.6096385542168675 0.18796992481203006 0.03132530120481928
0 0.45864661654135336 0.653012048192771 0.20300751879699247 0.033734939759036145
0 0.45112781954887216 0.6987951807228916 0.21052631578947367 0.03614457831325301
0 0.45112781954887216 0.7421686746987952 0.24060150375939848 0.033734939759036145