0 0.5277777777777778 0.23557692307692307 0.125 0.02403846153846154
0 0.5277777777777778 0.25961538461538464 0.1111111111111111 0.02403846153846154
0 0.5347222222222222 0.28365384615384615 0.1111111111111111 0.02403846153846154
0 0.5416666666666666 0.3076923076923077 0.10416666666666667 0.021634615384615384
0 0.5416666666666666 0.3317307692307692 0.1111111111111111 0.019230769230769232
0 0.5486111111111112 0.3557692307692308 0.11805555555555555 0.021634615384615384
0 0.5486111111111112 0.38461538461538464 0.1111111111111111 0.021634615384615384
0 0.5555555555555556 0.41346153846153844 0.11805555555555555 0.019230769230769232
0 0.5486111111111112 0.43990384615384615 0.125 0.02403846153846154
0 0.5486111111111112 0.47115384615384615 0.125 0.02403846153846154
0 0.5625 0.5048076923076923 0.13194444444444445 0.02403846153846154
0 0.5833333333333334 0.5432692307692307 0.1388888888888889 0.026442307692307692
0 0.5972222222222222 0.5793269230769231 0.14583333333333334 0.03125
0 0.5972222222222222 0.6201923076923077 0.14583333333333334 0.036057692307692304
0 0.5625 0.6634615384615384 0.1597222222222222 0.03365384615384615
0 0.5208333333333334 0.6923076923076923 0.1736111111111111 0.036057692307692304
0 0.4791666666666667 0.7307692307692307 0.1875 0.038461538461538464