0 0.5225225225225225 0.23798076923076922 0.23423423423423423 0.019230769230769232
0 0.5405405405405406 0.2644230769230769 0.1891891891891892 0.021634615384615384
0 0.5495495495495496 0.28846153846153844 0.17117117117117117 0.019230769230769232
0 0.5405405405405406 0.31009615384615385 0.18018018018018017 0.02403846153846154
0 0.5225225225225225 0.33653846153846156 0.16216216216216217 0.021634615384615384
0 0.5135135135135135 0.3629807692307692 0.1891891891891892 0.021634615384615384
0 0.4954954954954955 0.3870192307692308 0.2072072072072072 0.021634615384615384
0 0.4864864864864865 0.41346153846153844 0.2072072072072072 0.026442307692307692
0 0.5045045045045045 0.4423076923076923 0.23423423423423423 0.02403846153846154
0 0.5225225225225225 0.47115384615384615 0.22522522522522523 0.026442307692307692
0 0.5405405405405406 0.5 0.21621621621621623 0.028846153846153848
0 0.5495495495495496 0.53125 0.23423423423423423 0.028846153846153848
0 0.5495495495495496 0.5697115384615384 0.24324324324324326 0.036057692307692304
0 0.5585585585585585 0.6081730769230769 0.25225225225225223 0.036057692307692304
0 0.5495495495495496 0.6490384615384616 0.26126126126126126 0.036057692307692304
0 0.5045045045045045 0.6850961538461539 0.22522522522522523 0.028846153846153848