0 0.5193798449612403 0.22115384615384615 0.14728682170542637 0.02403846153846154
0 0.5193798449612403 0.24759615384615385 0.11627906976744186 0.019230769230769232
0 0.5116279069767442 0.27163461538461536 0.13178294573643412 0.02403846153846154
0 0.49612403100775193 0.2980769230769231 0.11627906976744186 0.021634615384615384
0 0.4806201550387597 0.3245192307692308 0.12403100775193798 0.02403846153846154
0 0.4573643410852713 0.35336538461538464 0.13953488372093023 0.026442307692307692
0 0.4496124031007752 0.38221153846153844 0.13178294573643412 0.026442307692307692
0 0.4418604651162791 0.41346153846153844 0.13178294573643412 0.028846153846153848
0 0.4496124031007752 0.44471153846153844 0.13178294573643412 0.028846153846153848
0 0.46511627906976744 0.47596153846153844 0.13953488372093023 0.026442307692307692
0 0.4806201550387597 0.5096153846153846 0.15503875968992248 0.03125
0 0.49612403100775193 0.5504807692307693 0.15503875968992248 0.028846153846153848
0 0.5116279069767442 0.5913461538461539 0.16279069767441862 0.036057692307692304
0 0.5116279069767442 0.6394230769230769 0.17829457364341086 0.038461538461538464
0 0.5116279069767442 0.6850961538461539 0.18604651162790697 0.040865384615384616
0 0.49612403100775193 0.7235576923076923 0.17054263565891473 0.03125
0 0.49612403100775193 0.7668269230769231 0.1937984496124031 0.038461538461538464