0 0.5476190476190477 0.21153846153846154 0.12698412698412698 0.026442307692307692
0 0.5555555555555556 0.23798076923076922 0.1349206349206349 0.02403846153846154
0 0.5634920634920635 0.2620192307692308 0.1349206349206349 0.02403846153846154
0 0.5634920634920635 0.2860576923076923 0.1349206349206349 0.02403846153846154
0 0.5634920634920635 0.3125 0.1349206349206349 0.028846153846153848
0 0.5634920634920635 0.34134615384615385 0.12698412698412698 0.028846153846153848
0 0.5634920634920635 0.36778846153846156 0.14285714285714285 0.028846153846153848
0 0.5714285714285714 0.3942307692307692 0.14285714285714285 0.026442307692307692
0 0.5714285714285714 0.4254807692307692 0.15079365079365079 0.028846153846153848
0 0.5634920634920635 0.4567307692307692 0.15873015873015872 0.03365384615384615
0 0.5555555555555556 0.49038461538461536 0.1746031746031746 0.03365384615384615
0 0.5396825396825397 0.5240384615384616 0.19047619047619047 0.036057692307692304
0 0.5317460317460317 0.5649038461538461 0.20634920634920634 0.038461538461538464
0 0.5238095238095238 0.6057692307692307 0.20634920634920634 0.040865384615384616
0 0.5238095238095238 0.6514423076923077 0.2222222222222222 0.040865384615384616
0 0.5158730158730159 0.6995192307692307 0.2222222222222222 0.04326923076923077
0 0.5476190476190477 0.1875 0.1349206349206349 0.021634615384615384