0 0.5350877192982456 0.25721153846153844 0.14912280701754385 0.028846153846153848
0 0.5350877192982456 0.2860576923076923 0.13157894736842105 0.02403846153846154
0 0.5263157894736842 0.31009615384615385 0.11403508771929824 0.02403846153846154
0 0.5087719298245614 0.33413461538461536 0.13157894736842105 0.019230769230769232
0 0.49122807017543857 0.3581730769230769 0.13157894736842105 0.021634615384615384
0 0.4649122807017544 0.38461538461538464 0.14035087719298245 0.02403846153846154
0 0.45614035087719296 0.4110576923076923 0.14035087719298245 0.02403846153846154
0 0.45614035087719296 0.43990384615384615 0.14035087719298245 0.02403846153846154
0 0.4649122807017544 0.47115384615384615 0.14912280701754385 0.02403846153846154
0 0.4824561403508772 0.5024038461538461 0.16666666666666666 0.02403846153846154
0 0.5 0.5360576923076923 0.17543859649122806 0.026442307692307692
0 0.5087719298245614 0.5697115384615384 0.18421052631578946 0.03125
0 0.5175438596491229 0.6081730769230769 0.18421052631578946 0.03125
0 0.5175438596491229 0.6514423076923077 0.21052631578947367 0.038461538461538464
0 0.5 0.6971153846153846 0.21929824561403508 0.040865384615384616
0 0.49122807017543857 0.7451923076923077 0.23684210526315788 0.036057692307692304