0 0.37948717948717947 0.25 0.07692307692307693 0.03365384615384615
0 0.36923076923076925 0.27884615384615385 0.08205128205128205 0.036057692307692304
0 0.3641025641025641 0.3125 0.08205128205128205 0.036057692307692304
0 0.358974358974359 0.34615384615384615 0.08205128205128205 0.03365384615384615
0 0.358974358974359 0.38221153846153844 0.09743589743589744 0.036057692307692304
0 0.35384615384615387 0.41586538461538464 0.11282051282051282 0.036057692307692304
0 0.358974358974359 0.4543269230769231 0.12307692307692308 0.036057692307692304
0 0.3641025641025641 0.4951923076923077 0.13846153846153847 0.040865384615384616
0 0.37435897435897436 0.53125 0.14358974358974358 0.04326923076923077
0 0.4153846153846154 0.5745192307692307 0.14871794871794872 0.038461538461538464
0 0.4153846153846154 0.6201923076923077 0.14358974358974358 0.04807692307692308
0 0.38461538461538464 0.6610576923076923 0.14871794871794872 0.04807692307692308
0 0.3487179487179487 0.6971153846153846 0.15897435897435896 0.052884615384615384
0 0.31794871794871793 0.7403846153846154 0.18461538461538463 0.055288461538461536
0 0.38974358974358975 0.22115384615384615 0.07692307692307693 0.03365384615384615