0 0.5068493150684932 0.29086538461538464 0.10273972602739725 0.02403846153846154
0 0.4863013698630137 0.3125 0.1095890410958904 0.02403846153846154
0 0.4657534246575342 0.33413461538461536 0.1095890410958904 0.028846153846153848
0 0.4452054794520548 0.3557692307692308 0.1232876712328767 0.03125
0 0.4041095890410959 0.37740384615384615 0.13013698630136986 0.03125
0 0.3767123287671233 0.39903846153846156 0.11643835616438356 0.028846153846153848
0 0.3698630136986301 0.4254807692307692 0.13013698630136986 0.03125
0 0.363013698630137 0.4519230769230769 0.14383561643835616 0.026442307692307692
0 0.363013698630137 0.47836538461538464 0.136986301369863 0.026442307692307692
0 0.3904109589041096 0.5096153846153846 0.136986301369863 0.038461538461538464
0 0.4178082191780822 0.5408653846153846 0.1506849315068493 0.040865384615384616
0 0.4383561643835616 0.5745192307692307 0.14383561643835616 0.04326923076923077
0 0.4726027397260274 0.6105769230769231 0.15753424657534246 0.040865384615384616
0 0.4931506849315068 0.6466346153846154 0.1506849315068493 0.03365384615384615
0 0.5 0.6802884615384616 0.1643835616438356 0.026442307692307692
0 0.5 0.7115384615384616 0.1643835616438356 0.03365384615384615