0 0.4095238095238095 0.708433734939759 0.45714285714285713 0.043373493975903614
0 0.5047619047619047 0.7590361445783133 0.38095238095238093 0.03855421686746988
0 0.37142857142857144 0.6626506024096386 0.45714285714285713 0.04096385542168675
0 0.3523809523809524 0.6168674698795181 0.3904761904761905 0.04096385542168675
0 0.3904761904761905 0.5759036144578313 0.38095238095238093 0.03855421686746988
0 0.4095238095238095 0.5349397590361445 0.3238095238095238 0.033734939759036145
0 0.45714285714285713 0.5060240963855421 0.29523809523809524 0.03614457831325301
0 0.4666666666666667 0.4674698795180723 0.29523809523809524 0.02891566265060241
0 0.4666666666666667 0.43614457831325304 0.2761904761904762 0.02650602409638554
0 0.44761904761904764 0.40481927710843374 0.24761904761904763 0.02650602409638554
0 0.4380952380952381 0.37349397590361444 0.24761904761904763 0.02891566265060241
0 0.4380952380952381 0.3542168674698795 0.21904761904761905 0.02650602409638554
0 0.44761904761904764 0.3253012048192771 0.23809523809523808 0.02650602409638554
0 0.44761904761904764 0.30120481927710846 0.2571428571428571 0.024096385542168676
0 0.44761904761904764 0.2674698795180723 0.23809523809523808 0.02650602409638554
0 0.4380952380952381 0.2385542168674699 0.24761904761904763 0.024096385542168676