0 0.48214285714285715 0.7403846153846154 0.2767857142857143 0.03125
0 0.45535714285714285 0.6610576923076923 0.29464285714285715 0.03125
0 0.4732142857142857 0.7019230769230769 0.32142857142857145 0.03125
0 0.5 0.24759615384615385 0.23214285714285715 0.021634615384615384
0 0.4642857142857143 0.6201923076923077 0.29464285714285715 0.03365384615384615
0 0.4732142857142857 0.5793269230769231 0.29464285714285715 0.03125
0 0.48214285714285715 0.5432692307692307 0.2857142857142857 0.03125
0 0.5089285714285714 0.5048076923076923 0.2857142857142857 0.028846153846153848
0 0.5267857142857143 0.4735576923076923 0.24107142857142858 0.026442307692307692
0 0.5178571428571429 0.43990384615384615 0.23214285714285715 0.026442307692307692
0 0.5089285714285714 0.4110576923076923 0.24107142857142858 0.026442307692307692
0 0.5089285714285714 0.38221153846153844 0.24107142857142858 0.026442307692307692
0 0.5178571428571429 0.35096153846153844 0.20535714285714285 0.028846153846153848
0 0.5178571428571429 0.32211538461538464 0.19642857142857142 0.02403846153846154
0 0.5267857142857143 0.2980769230769231 0.20535714285714285 0.021634615384615384
0 0.5178571428571429 0.27403846153846156 0.19642857142857142 0.019230769230769232