0 0.43359375 0.19230769230769232 0.1171875 0.03125
0 0.44921875 0.22596153846153846 0.11328125 0.02403846153846154
0 0.4453125 0.25961538461538464 0.1171875 0.021634615384615384
0 0.44140625 0.2932692307692308 0.1171875 0.026442307692307692
0 0.4375 0.3293269230769231 0.11328125 0.03125
0 0.4375 0.36538461538461536 0.09765625 0.026442307692307692
0 0.44140625 0.4014423076923077 0.08984375 0.026442307692307692
0 0.44921875 0.43509615384615385 0.10546875 0.02403846153846154
0 0.47265625 0.46875 0.109375 0.026442307692307692
0 0.4921875 0.5144230769230769 0.12109375 0.03365384615384615
0 0.5234375 0.5600961538461539 0.12890625 0.03365384615384615
0 0.53125 0.5985576923076923 0.109375 0.02403846153846154
0 0.52734375 0.6322115384615384 0.12890625 0.03365384615384615
0 0.53515625 0.6706730769230769 0.12890625 0.03365384615384615
0 0.48828125 0.7091346153846154 0.16015625 0.04567307692307692
0 0.45703125 0.7524038461538461 0.140625 0.036057692307692304