0 0.47058823529411764 0.2860576923076923 0.10457516339869281 0.028846153846153848
0 0.46405228758169936 0.3125 0.10457516339869281 0.026442307692307692
0 0.47058823529411764 0.3389423076923077 0.10457516339869281 0.03125
0 0.47058823529411764 0.36778846153846156 0.1111111111111111 0.028846153846153848
0 0.477124183006536 0.39663461538461536 0.1111111111111111 0.02403846153846154
0 0.46405228758169936 0.4254807692307692 0.11764705882352941 0.028846153846153848
0 0.47058823529411764 0.4567307692307692 0.1111111111111111 0.028846153846153848
0 0.46405228758169936 0.4879807692307692 0.1111111111111111 0.03125
0 0.45751633986928103 0.5192307692307693 0.12418300653594772 0.03125
0 0.45751633986928103 0.5528846153846154 0.12418300653594772 0.036057692307692304
0 0.45751633986928103 0.5913461538461539 0.1437908496732026 0.040865384615384616
0 0.45751633986928103 0.6346153846153846 0.1437908496732026 0.04326923076923077
0 0.45751633986928103 0.6802884615384616 0.1568627450980392 0.040865384615384616
0 0.46405228758169936 0.7283653846153846 0.16993464052287582 0.04326923076923077
0 0.46405228758169936 0.7740384615384616 0.16993464052287582 0.04326923076923077
0 0.47058823529411764 0.8197115384615384 0.17647058823529413 0.040865384615384616
0 0.46405228758169936 0.8629807692307693 0.16993464052287582 0.03365384615384615