0 0.424 0.16346153846153846 0.152 0.02403846153846154
0 0.432 0.18990384615384615 0.152 0.021634615384615384
0 0.44 0.21634615384615385 0.136 0.026442307692307692
0 0.44 0.24278846153846154 0.136 0.026442307692307692
0 0.416 0.27403846153846156 0.136 0.026442307692307692
0 0.392 0.3004807692307692 0.136 0.026442307692307692
0 0.36 0.3293269230769231 0.144 0.026442307692307692
0 0.336 0.3581730769230769 0.152 0.026442307692307692
0 0.32 0.3894230769230769 0.152 0.026442307692307692
0 0.328 0.4230769230769231 0.16 0.026442307692307692
0 0.344 0.45913461538461536 0.176 0.028846153846153848
0 0.384 0.49278846153846156 0.184 0.03125
0 0.44 0.5288461538461539 0.192 0.03125
0 0.504 0.5697115384615384 0.192 0.028846153846153848
0 0.552 0.6153846153846154 0.224 0.03125
0 0.576 0.6586538461538461 0.224 0.03125