0 0.45789473684210524 0.7115384615384616 0.19473684210526315 0.03365384615384615
0 0.46842105263157896 0.6682692307692307 0.16842105263157894 0.036057692307692304
0 0.4789473684210526 0.6274038461538461 0.18421052631578946 0.03365384615384615
0 0.4842105263157895 0.5889423076923077 0.1631578947368421 0.03365384615384615
0 0.48947368421052634 0.5552884615384616 0.14210526315789473 0.028846153846153848
0 0.5052631578947369 0.5216346153846154 0.14210526315789473 0.026442307692307692
0 0.5052631578947369 0.4879807692307692 0.1368421052631579 0.028846153846153848
0 0.5105263157894737 0.4567307692307692 0.12105263157894737 0.026442307692307692
0 0.5105263157894737 0.42788461538461536 0.11052631578947368 0.02403846153846154
0 0.5105263157894737 0.4014423076923077 0.12105263157894737 0.02403846153846154
0 0.5052631578947369 0.37259615384615385 0.12105263157894737 0.02403846153846154
0 0.5 0.34615384615384615 0.1 0.02403846153846154
0 0.5 0.31971153846153844 0.11052631578947368 0.021634615384615384
0 0.5 0.2956730769230769 0.11578947368421053 0.02403846153846154
0 0.5 0.2692307692307692 0.12631578947368421 0.019230769230769232
0 0.48947368421052634 0.24278846153846154 0.1368421052631579 0.021634615384615384