0 0.6048387096774194 0.22355769230769232 0.12903225806451613 0.019230769230769232
0 0.6048387096774194 0.24519230769230768 0.12096774193548387 0.019230769230769232
0 0.6048387096774194 0.2692307692307692 0.11290322580645161 0.021634615384615384
0 0.5887096774193549 0.2932692307692308 0.12096774193548387 0.02403846153846154
0 0.5806451612903226 0.32211538461538464 0.12096774193548387 0.026442307692307692
0 0.5725806451612904 0.34615384615384615 0.11290322580645161 0.021634615384615384
0 0.5483870967741935 0.375 0.11290322580645161 0.02403846153846154
0 0.5241935483870968 0.40625 0.12096774193548387 0.026442307692307692
0 0.5161290322580645 0.43509615384615385 0.12096774193548387 0.026442307692307692
0 0.5161290322580645 0.46634615384615385 0.14516129032258066 0.028846153846153848
0 0.5241935483870968 0.5024038461538461 0.16129032258064516 0.028846153846153848
0 0.5403225806451613 0.5384615384615384 0.1693548387096774 0.03365384615384615
0 0.5564516129032258 0.5793269230769231 0.1693548387096774 0.03365384615384615
0 0.5403225806451613 0.6201923076923077 0.1693548387096774 0.036057692307692304
0 0.5161290322580645 0.6634615384615384 0.18548387096774194 0.03365384615384615
0 0.47580645161290325 0.7115384615384616 0.20161290322580644 0.040865384615384616