0 0.5483870967741935 0.29086538461538464 0.14516129032258066 0.028846153846153848
0 0.5483870967741935 0.2668269230769231 0.13709677419354838 0.028846153846153848
0 0.5403225806451613 0.3173076923076923 0.12903225806451613 0.028846153846153848
0 0.5161290322580645 0.34134615384615385 0.13709677419354838 0.03365384615384615
0 0.49193548387096775 0.36778846153846156 0.1532258064516129 0.03365384615384615
0 0.45161290322580644 0.3942307692307692 0.14516129032258066 0.03365384615384615
0 0.43548387096774194 0.4182692307692308 0.14516129032258066 0.03365384615384615
0 0.4112903225806452 0.44711538461538464 0.1532258064516129 0.02403846153846154
0 0.3951612903225806 0.47836538461538464 0.1693548387096774 0.036057692307692304
0 0.4032258064516129 0.5120192307692307 0.1774193548387097 0.036057692307692304
0 0.41935483870967744 0.5480769230769231 0.1935483870967742 0.038461538461538464
0 0.43548387096774194 0.5865384615384616 0.20161290322580644 0.04807692307692308
0 0.4596774193548387 0.6298076923076923 0.22580645161290322 0.04567307692307692
0 0.4838709677419355 0.6754807692307693 0.22580645161290322 0.04567307692307692
0 0.5 0.71875 0.23387096774193547 0.04807692307692308
0 0.5080645161290323 0.7475961538461539 0.25 0.04326923076923077