0 0.4857142857142857 0.27228915662650605 0.11428571428571428 0.02891566265060241
0 0.4785714285714286 0.3036144578313253 0.10714285714285714 0.02650602409638554
0 0.4785714285714286 0.3301204819277108 0.12142857142857143 0.02891566265060241
0 0.4857142857142857 0.3542168674698795 0.11428571428571428 0.02891566265060241
0 0.4928571428571429 0.38072289156626504 0.1357142857142857 0.03132530120481928
0 0.5071428571428571 0.41204819277108434 0.1357142857142857 0.02650602409638554
0 0.5214285714285715 0.44096385542168676 0.14285714285714285 0.02650602409638554
0 0.5285714285714286 0.472289156626506 0.14285714285714285 0.03132530120481928
0 0.5142857142857142 0.5036144578313253 0.15 0.03855421686746988
0 0.5071428571428571 0.5397590361445783 0.15714285714285714 0.04096385542168675
0 0.5 0.5807228915662651 0.17857142857142858 0.04096385542168675
0 0.4928571428571429 0.6240963855421687 0.18571428571428572 0.043373493975903614
0 0.4928571428571429 0.6698795180722892 0.19285714285714287 0.043373493975903614
0 0.4857142857142857 0.7132530120481928 0.20714285714285716 0.043373493975903614
0 0.4785714285714286 0.7542168674698795 0.19285714285714287 0.033734939759036145