0 0.5087719298245614 0.6225961538461539 0.2631578947368421 0.040865384615384616
0 0.5087719298245614 0.6682692307692307 0.2543859649122807 0.036057692307692304
0 0.49122807017543857 0.7163461538461539 0.2543859649122807 0.040865384615384616
0 0.49122807017543857 0.7596153846153846 0.2894736842105263 0.036057692307692304
0 0.5087719298245614 0.5817307692307693 0.24561403508771928 0.036057692307692304
0 0.5 0.5432692307692307 0.2631578947368421 0.03365384615384615
0 0.4824561403508772 0.5072115384615384 0.21929824561403508 0.028846153846153848
0 0.4649122807017544 0.4735576923076923 0.21929824561403508 0.02403846153846154
0 0.4473684210526316 0.44471153846153844 0.21052631578947367 0.028846153846153848
0 0.4298245614035088 0.41346153846153844 0.18421052631578946 0.021634615384615384
0 0.4298245614035088 0.3870192307692308 0.18421052631578946 0.021634615384615384
0 0.4473684210526316 0.3605769230769231 0.16666666666666666 0.02403846153846154
0 0.47368421052631576 0.33653846153846156 0.14912280701754385 0.02403846153846154
0 0.49122807017543857 0.31009615384615385 0.14912280701754385 0.02403846153846154
0 0.5 0.28846153846153844 0.18421052631578946 0.02403846153846154
0 0.5175438596491229 0.2644230769230769 0.15789473684210525 0.021634615384615384