0 0.5172413793103449 0.20432692307692307 0.10344827586206896 0.021634615384615384
0 0.5229885057471264 0.22596153846153846 0.10344827586206896 0.021634615384615384
0 0.5287356321839081 0.25240384615384615 0.09770114942528736 0.026442307692307692
0 0.5229885057471264 0.27884615384615385 0.09770114942528736 0.026442307692307692
0 0.5172413793103449 0.3076923076923077 0.09770114942528736 0.03125
0 0.5057471264367817 0.33653846153846156 0.09195402298850575 0.03125
0 0.5 0.36538461538461536 0.09770114942528736 0.03125
0 0.4885057471264368 0.39663461538461536 0.09770114942528736 0.03125
0 0.4942528735632184 0.42788461538461536 0.10919540229885058 0.03365384615384615
0 0.5 0.45913461538461536 0.11494252873563218 0.03125
0 0.5057471264367817 0.49278846153846156 0.1206896551724138 0.040865384615384616
0 0.5229885057471264 0.53125 0.13218390804597702 0.04326923076923077
0 0.5287356321839081 0.5673076923076923 0.13793103448275862 0.040865384615384616
0 0.5229885057471264 0.6105769230769231 0.14942528735632185 0.04567307692307692
0 0.5 0.65625 0.16666666666666666 0.05048076923076923
0 0.46551724137931033 0.6995192307692307 0.1724137931034483 0.052884615384615384
0 0.4425287356321839 0.7403846153846154 0.16091954022988506 0.04326923076923077