0 0.6229508196721312 0.21875 0.09289617486338798 0.03125
0 0.5846994535519126 0.24519230769230768 0.10382513661202186 0.040865384615384616
0 0.5409836065573771 0.2668269230769231 0.10382513661202186 0.038461538461538464
0 0.5027322404371585 0.2932692307692308 0.1092896174863388 0.040865384615384616
0 0.47540983606557374 0.3245192307692308 0.1092896174863388 0.038461538461538464
0 0.45901639344262296 0.35336538461538464 0.10382513661202186 0.040865384615384616
0 0.453551912568306 0.38461538461538464 0.11475409836065574 0.038461538461538464
0 0.44808743169398907 0.4206730769230769 0.1366120218579235 0.038461538461538464
0 0.4426229508196721 0.46153846153846156 0.13114754098360656 0.040865384615384616
0 0.4371584699453552 0.5 0.13114754098360656 0.04567307692307692
0 0.40437158469945356 0.5432692307692307 0.14754098360655737 0.05048076923076923
0 0.3879781420765027 0.5913461538461539 0.15846994535519127 0.06490384615384616
0 0.366120218579235 0.6418269230769231 0.16393442622950818 0.05048076923076923
0 0.36065573770491804 0.6826923076923077 0.16393442622950818 0.04807692307692308
0 0.36065573770491804 0.7211538461538461 0.17486338797814208 0.05048076923076923