0 0.5384615384615384 0.5865384615384616 0.19230769230769232 0.036057692307692304
0 0.5384615384615384 0.6274038461538461 0.19230769230769232 0.03365384615384615
0 0.5384615384615384 0.6754807692307693 0.1987179487179487 0.040865384615384616
0 0.48717948717948717 0.7283653846153846 0.27564102564102566 0.05048076923076923
0 0.5384615384615384 0.5480769230769231 0.1794871794871795 0.03125
0 0.5256410256410257 0.5120192307692307 0.16666666666666666 0.028846153846153848
0 0.5256410256410257 0.47836538461538464 0.16025641025641027 0.028846153846153848
0 0.5192307692307693 0.44471153846153844 0.15384615384615385 0.03125
0 0.5192307692307693 0.41586538461538464 0.14743589743589744 0.026442307692307692
0 0.5192307692307693 0.38461538461538464 0.1346153846153846 0.028846153846153848
0 0.5192307692307693 0.3557692307692308 0.11538461538461539 0.02403846153846154
0 0.5128205128205128 0.3269230769230769 0.11538461538461539 0.021634615384615384
0 0.5128205128205128 0.3004807692307692 0.1282051282051282 0.026442307692307692
0 0.5192307692307693 0.27403846153846156 0.11538461538461539 0.02403846153846154
0 0.5256410256410257 0.25 0.10897435897435898 0.021634615384615384
0 0.5256410256410257 0.22596153846153846 0.11538461538461539 0.021634615384615384