0 0.4845360824742268 0.2932692307692308 0.15463917525773196 0.02403846153846154
0 0.5051546391752577 0.3173076923076923 0.15463917525773196 0.02403846153846154
0 0.5257731958762887 0.34134615384615385 0.17525773195876287 0.026442307692307692
0 0.5463917525773195 0.36778846153846156 0.17525773195876287 0.028846153846153848
0 0.5463917525773195 0.39663461538461536 0.18556701030927836 0.028846153846153848
0 0.5463917525773195 0.4326923076923077 0.20618556701030927 0.036057692307692304
0 0.5670103092783505 0.46634615384615385 0.20618556701030927 0.028846153846153848
0 0.5670103092783505 0.4951923076923077 0.20618556701030927 0.03125
0 0.5670103092783505 0.5264423076923077 0.20618556701030927 0.03125
0 0.5567010309278351 0.5600961538461539 0.2268041237113402 0.03365384615384615
0 0.5567010309278351 0.59375 0.23711340206185566 0.038461538461538464
0 0.5360824742268041 0.6322115384615384 0.25773195876288657 0.038461538461538464
0 0.5257731958762887 0.6730769230769231 0.25773195876288657 0.040865384615384616
0 0.5051546391752577 0.7139423076923077 0.26804123711340205 0.04567307692307692
0 0.5051546391752577 0.7596153846153846 0.26804123711340205 0.04326923076923077
0 0.5154639175257731 0.7956730769230769 0.27835051546391754 0.03365384615384615
0 0.4845360824742268 0.2692307692307692 0.17525773195876287 0.02403846153846154