0 0.52 0.26506024096385544 0.128 0.03614457831325301
0 0.504 0.29156626506024097 0.12 0.024096385542168676
0 0.504 0.3180722891566265 0.128 0.02891566265060241
0 0.496 0.344578313253012 0.128 0.02650602409638554
0 0.488 0.37349397590361444 0.136 0.03132530120481928
0 0.496 0.40240963855421685 0.12 0.02650602409638554
0 0.496 0.43132530120481927 0.136 0.02891566265060241
0 0.504 0.4602409638554217 0.144 0.033734939759036145
0 0.512 0.4939759036144578 0.144 0.03132530120481928
0 0.536 0.5301204819277109 0.168 0.033734939759036145
0 0.56 0.5686746987951807 0.16 0.03614457831325301
0 0.568 0.6048192771084338 0.168 0.043373493975903614
0 0.56 0.6481927710843374 0.176 0.043373493975903614
0 0.544 0.6987951807228916 0.192 0.05542168674698795