0 0.5620915032679739 0.31490384615384615 0.12418300653594772 0.028846153846153848
0 0.5620915032679739 0.34134615384615385 0.1111111111111111 0.03125
0 0.5490196078431373 0.36778846153846156 0.1111111111111111 0.03365384615384615
0 0.5424836601307189 0.3942307692307692 0.1111111111111111 0.03365384615384615
0 0.5228758169934641 0.4230769230769231 0.12418300653594772 0.03365384615384615
0 0.5163398692810458 0.4543269230769231 0.12418300653594772 0.028846153846153848
0 0.5163398692810458 0.4831730769230769 0.13071895424836602 0.028846153846153848
0 0.5098039215686274 0.5144230769230769 0.13071895424836602 0.03365384615384615
0 0.5163398692810458 0.5504807692307693 0.13071895424836602 0.03125
0 0.5294117647058824 0.5841346153846154 0.16339869281045752 0.036057692307692304
0 0.5359477124183006 0.6225961538461539 0.16339869281045752 0.036057692307692304
0 0.5294117647058824 0.6658653846153846 0.16993464052287582 0.040865384615384616
0 0.5163398692810458 0.7043269230769231 0.1895424836601307 0.04807692307692308
0 0.49019607843137253 0.7475961538461539 0.1895424836601307 0.04807692307692308
0 0.477124183006536 0.7884615384615384 0.19607843137254902 0.04567307692307692