0 0.5663716814159292 0.21153846153846154 0.1504424778761062 0.026442307692307692
0 0.5663716814159292 0.23798076923076922 0.1415929203539823 0.02403846153846154
0 0.5486725663716814 0.2644230769230769 0.1415929203539823 0.026442307692307692
0 0.5221238938053098 0.28846153846153844 0.1504424778761062 0.026442307692307692
0 0.48672566371681414 0.3125 0.1592920353982301 0.026442307692307692
0 0.4424778761061947 0.3389423076923077 0.17699115044247787 0.026442307692307692
0 0.39823008849557523 0.36778846153846156 0.1592920353982301 0.028846153846153848
0 0.39823008849557523 0.39903846153846156 0.18584070796460178 0.028846153846153848
0 0.39823008849557523 0.42788461538461536 0.17699115044247787 0.02403846153846154
0 0.4336283185840708 0.45913461538461536 0.18584070796460178 0.028846153846153848
0 0.4690265486725664 0.4951923076923077 0.20353982300884957 0.036057692307692304
0 0.5132743362831859 0.5336538461538461 0.20353982300884957 0.03365384615384615
0 0.5486725663716814 0.5745192307692307 0.20353982300884957 0.038461538461538464
0 0.5575221238938053 0.6225961538461539 0.22123893805309736 0.040865384615384616
0 0.5309734513274337 0.6706730769230769 0.23893805309734514 0.04567307692307692
0 0.49557522123893805 0.71875 0.24778761061946902 0.04807692307692308