0 0.5327868852459017 0.5807228915662651 0.2540983606557377 0.033734939759036145
0 0.5655737704918032 0.6216867469879518 0.2540983606557377 0.03132530120481928
0 0.5819672131147541 0.6650602409638554 0.2786885245901639 0.03614457831325301
0 0.5901639344262295 0.7156626506024096 0.2786885245901639 0.04096385542168675
0 0.5081967213114754 0.5421686746987951 0.28688524590163933 0.03132530120481928
0 0.4672131147540984 0.5084337349397591 0.29508196721311475 0.03132530120481928
0 0.4344262295081967 0.4746987951807229 0.2786885245901639 0.02650602409638554
0 0.4180327868852459 0.44096385542168676 0.2459016393442623 0.02891566265060241
0 0.4016393442622951 0.40963855421686746 0.20491803278688525 0.02650602409638554
0 0.4180327868852459 0.38313253012048193 0.19672131147540983 0.02891566265060241
0 0.45081967213114754 0.3566265060240964 0.21311475409836064 0.02650602409638554
0 0.48360655737704916 0.3301204819277108 0.22131147540983606 0.03132530120481928
0 0.5245901639344263 0.30843373493975906 0.22950819672131148 0.02650602409638554
0 0.5409836065573771 0.2819277108433735 0.21311475409836064 0.024096385542168676
0 0.5491803278688525 0.25783132530120484 0.1885245901639344 0.024096385542168676
0 0.5491803278688525 0.23373493975903614 0.19672131147540983 0.021686746987951807