0 0.45132743362831856 0.19951923076923078 0.084070796460177 0.021634615384615384
0 0.4557522123893805 0.22596153846153846 0.0752212389380531 0.021634615384615384
0 0.4646017699115044 0.2548076923076923 0.0752212389380531 0.02403846153846154
0 0.47345132743362833 0.28125 0.07079646017699115 0.02403846153846154
0 0.47345132743362833 0.31490384615384615 0.0752212389380531 0.028846153846153848
0 0.4778761061946903 0.3485576923076923 0.0752212389380531 0.028846153846153848
0 0.4778761061946903 0.38221153846153844 0.0752212389380531 0.026442307692307692
0 0.4823008849557522 0.41346153846153844 0.084070796460177 0.028846153846153848
0 0.48672566371681414 0.44711538461538464 0.084070796460177 0.028846153846153848
0 0.4823008849557522 0.4831730769230769 0.08849557522123894 0.03125
0 0.47345132743362833 0.5216346153846154 0.09734513274336283 0.03365384615384615
0 0.45132743362831856 0.5600961538461539 0.10176991150442478 0.03365384615384615
0 0.42035398230088494 0.6033653846153846 0.11946902654867257 0.038461538461538464
0 0.4026548672566372 0.6466346153846154 0.11946902654867257 0.040865384615384616
0 0.41150442477876104 0.6947115384615384 0.12389380530973451 0.040865384615384616
0 0.4336283185840708 0.7427884615384616 0.12389380530973451 0.040865384615384616
0 0.46017699115044247 0.7932692307692307 0.13274336283185842 0.04326923076923077