0 0.5 0.2548076923076923 0.10084033613445378 0.02403846153846154
0 0.5 0.27884615384615385 0.09663865546218488 0.026442307692307692
0 0.49159663865546216 0.3125 0.09663865546218488 0.03125
0 0.48739495798319327 0.3389423076923077 0.08823529411764706 0.03365384615384615
0 0.48739495798319327 0.3701923076923077 0.09663865546218488 0.036057692307692304
0 0.48739495798319327 0.39663461538461536 0.09243697478991597 0.03365384615384615
0 0.4831932773109244 0.43028846153846156 0.11764705882352941 0.038461538461538464
0 0.47478991596638653 0.4639423076923077 0.12184873949579832 0.04567307692307692
0 0.46638655462184875 0.5 0.12605042016806722 0.040865384615384616
0 0.44537815126050423 0.5480769230769231 0.12184873949579832 0.04567307692307692
0 0.4411764705882353 0.5913461538461539 0.12605042016806722 0.04567307692307692
0 0.44537815126050423 0.6322115384615384 0.13865546218487396 0.05048076923076923
0 0.47478991596638653 0.6826923076923077 0.15546218487394958 0.057692307692307696
0 0.4957983193277311 0.7259615384615384 0.15966386554621848 0.04807692307692308
0 0.5042016806722689 0.2283653846153846 0.10084033613445378 0.026442307692307692