0 0.45918367346938777 0.2091346153846154 0.16326530612244897 0.03125
0 0.45918367346938777 0.24519230769230768 0.15306122448979592 0.038461538461538464
0 0.4489795918367347 0.27163461538461536 0.15306122448979592 0.03365384615384615
0 0.42857142857142855 0.2980769230769231 0.17346938775510204 0.03365384615384615
0 0.40816326530612246 0.3269230769230769 0.1836734693877551 0.03125
0 0.3877551020408163 0.3557692307692308 0.19387755102040816 0.03125
0 0.3673469387755102 0.38461538461538464 0.19387755102040816 0.03125
0 0.37755102040816324 0.4182692307692308 0.22448979591836735 0.03365384615384615
0 0.3877551020408163 0.4543269230769231 0.23469387755102042 0.03125
0 0.40816326530612246 0.4879807692307692 0.24489795918367346 0.03365384615384615
0 0.42857142857142855 0.5192307692307693 0.23469387755102042 0.040865384615384616
0 0.4387755102040816 0.5625 0.2653061224489796 0.040865384615384616
0 0.46938775510204084 0.6105769230769231 0.2653061224489796 0.040865384615384616
0 0.46938775510204084 0.65625 0.2857142857142857 0.04326923076923077
0 0.46938775510204084 0.6923076923076923 0.2857142857142857 0.036057692307692304