0 0.4842105263157895 0.2433734939759036 0.08947368421052632 0.01927710843373494
0 0.4842105263157895 0.26506024096385544 0.08947368421052632 0.01927710843373494
0 0.4789473684210526 0.2891566265060241 0.08421052631578947 0.024096385542168676
0 0.47368421052631576 0.3156626506024096 0.07894736842105263 0.02650602409638554
0 0.46842105263157896 0.3421686746987952 0.08947368421052632 0.02650602409638554
0 0.45789473684210524 0.3686746987951807 0.08947368421052632 0.024096385542168676
0 0.45789473684210524 0.4 0.1 0.033734939759036145
0 0.45789473684210524 0.43373493975903615 0.1 0.02650602409638554
0 0.45789473684210524 0.46265060240963857 0.1 0.024096385542168676
0 0.45789473684210524 0.4963855421686747 0.1 0.02650602409638554
0 0.4631578947368421 0.5277108433734939 0.11052631578947368 0.02650602409638554
0 0.47368421052631576 0.563855421686747 0.11578947368421053 0.02891566265060241
0 0.47368421052631576 0.6024096385542169 0.11052631578947368 0.02891566265060241
0 0.4789473684210526 0.6433734939759036 0.11578947368421053 0.03132530120481928
0 0.4842105263157895 0.6843373493975904 0.12631578947368421 0.033734939759036145
0 0.4842105263157895 0.7253012048192771 0.1368421052631579 0.033734939759036145
0 0.4789473684210526 0.7662650602409639 0.1631578947368421 0.03855421686746988