0 0.6091954022988506 0.7692307692307693 0.16666666666666666 0.04567307692307692
0 0.632183908045977 0.7331730769230769 0.16666666666666666 0.04326923076923077
0 0.6436781609195402 0.6947115384615384 0.14942528735632185 0.04326923076923077
0 0.6379310344827587 0.6538461538461539 0.15517241379310345 0.040865384615384616
0 0.6494252873563219 0.6201923076923077 0.14367816091954022 0.038461538461538464
0 0.6494252873563219 0.5817307692307693 0.14942528735632185 0.028846153846153848
0 0.6436781609195402 0.5480769230769231 0.12643678160919541 0.028846153846153848
0 0.6379310344827587 0.5168269230769231 0.1206896551724138 0.026442307692307692
0 0.6264367816091954 0.4879807692307692 0.11494252873563218 0.026442307692307692
0 0.6206896551724138 0.45913461538461536 0.11494252873563218 0.02403846153846154
0 0.6091954022988506 0.4326923076923077 0.10344827586206896 0.02403846153846154
0 0.6091954022988506 0.40865384615384615 0.10344827586206896 0.02403846153846154
0 0.5977011494252874 0.38221153846153844 0.10344827586206896 0.026442307692307692
0 0.5919540229885057 0.3605769230769231 0.09770114942528736 0.019230769230769232
0 0.5919540229885057 0.33653846153846156 0.10919540229885058 0.021634615384615384
0 0.5919540229885057 0.31009615384615385 0.10919540229885058 0.02403846153846154