0 0.524390243902439 0.4951923076923077 0.25609756097560976 0.028846153846153848
0 0.5121951219512195 0.5288461538461539 0.2682926829268293 0.026442307692307692
0 0.47560975609756095 0.5625 0.3170731707317073 0.03125
0 0.4634146341463415 0.6009615384615384 0.35365853658536583 0.03125
0 0.4268292682926829 0.6418269230769231 0.34146341463414637 0.03125
0 0.43902439024390244 0.6778846153846154 0.35365853658536583 0.028846153846153848
0 0.4878048780487805 0.71875 0.3780487804878049 0.028846153846153848
0 0.524390243902439 0.46634615384615385 0.2682926829268293 0.02403846153846154
0 0.5121951219512195 0.43509615384615385 0.24390243902439024 0.02403846153846154
0 0.5 0.40865384615384615 0.2682926829268293 0.02403846153846154
0 0.5 0.3798076923076923 0.25609756097560976 0.02403846153846154
0 0.4878048780487805 0.35096153846153844 0.21951219512195122 0.021634615384615384
0 0.47560975609756095 0.3269230769230769 0.23170731707317074 0.021634615384615384
0 0.47560975609756095 0.30288461538461536 0.21951219512195122 0.019230769230769232
0 0.47560975609756095 0.27884615384615385 0.23170731707317074 0.02403846153846154
0 0.47560975609756095 0.2548076923076923 0.24390243902439024 0.021634615384615384