0 0.5210526315789473 0.6033653846153846 0.16842105263157894 0.040865384615384616
0 0.531578947368421 0.6466346153846154 0.1631578947368421 0.036057692307692304
0 0.5421052631578948 0.6923076923076923 0.1736842105263158 0.036057692307692304
0 0.5473684210526316 0.7379807692307693 0.1631578947368421 0.038461538461538464
0 0.5421052631578948 0.78125 0.15263157894736842 0.03365384615384615
0 0.5 0.5625 0.15263157894736842 0.03365384615384615
0 0.4789473684210526 0.5240384615384616 0.1631578947368421 0.03125
0 0.47368421052631576 0.4879807692307692 0.14736842105263157 0.028846153846153848
0 0.45789473684210524 0.45913461538461536 0.13157894736842105 0.026442307692307692
0 0.45263157894736844 0.42788461538461536 0.12105263157894737 0.028846153846153848
0 0.4631578947368421 0.39903846153846156 0.11578947368421053 0.026442307692307692
0 0.4789473684210526 0.37259615384615385 0.13157894736842105 0.028846153846153848
0 0.5368421052631579 0.2692307692307692 0.11052631578947368 0.02403846153846154
0 0.5473684210526316 0.3125 0.11578947368421053 0.026442307692307692
0 0.5157894736842106 0.34375 0.10526315789473684 0.02403846153846154
0 0.5473684210526316 0.28846153846153844 0.11052631578947368 0.02403846153846154