0 0.5132743362831859 0.2283653846153846 0.12389380530973451 0.021634615384615384
0 0.5132743362831859 0.2548076923076923 0.13274336283185842 0.021634615384615384
0 0.5132743362831859 0.28125 0.12389380530973451 0.021634615384615384
0 0.5132743362831859 0.3076923076923077 0.12389380530973451 0.026442307692307692
0 0.5132743362831859 0.33653846153846156 0.12389380530973451 0.02403846153846154
0 0.504424778761062 0.3629807692307692 0.13274336283185842 0.02403846153846154
0 0.504424778761062 0.3918269230769231 0.13274336283185842 0.02403846153846154
0 0.504424778761062 0.4206730769230769 0.13274336283185842 0.02403846153846154
0 0.5221238938053098 0.4519230769230769 0.1504424778761062 0.026442307692307692
0 0.5398230088495575 0.4831730769230769 0.1592920353982301 0.026442307692307692
0 0.584070796460177 0.5144230769230769 0.18584070796460178 0.03125
0 0.6106194690265486 0.5528846153846154 0.19469026548672566 0.03365384615384615
0 0.6283185840707964 0.5913461538461539 0.19469026548672566 0.036057692307692304
0 0.6106194690265486 0.6346153846153846 0.21238938053097345 0.038461538461538464
0 0.5575221238938053 0.6778846153846154 0.23008849557522124 0.04326923076923077
0 0.49557522123893805 0.7115384615384616 0.21238938053097345 0.038461538461538464
0 0.45132743362831856 0.75 0.23008849557522124 0.036057692307692304