0 0.5275590551181102 0.19951923076923078 0.11811023622047244 0.021634615384615384
0 0.5196850393700787 0.22115384615384615 0.11811023622047244 0.02403846153846154
0 0.5196850393700787 0.24759615384615385 0.11811023622047244 0.026442307692307692
0 0.5196850393700787 0.27403846153846156 0.11811023622047244 0.028846153846153848
0 0.5196850393700787 0.3004807692307692 0.11023622047244094 0.026442307692307692
0 0.5118110236220472 0.3293269230769231 0.11023622047244094 0.028846153846153848
0 0.5118110236220472 0.3605769230769231 0.11811023622047244 0.028846153846153848
0 0.5118110236220472 0.3894230769230769 0.12598425196850394 0.028846153846153848
0 0.5118110236220472 0.4206730769230769 0.12598425196850394 0.028846153846153848
0 0.5275590551181102 0.4495192307692308 0.13385826771653545 0.028846153846153848
0 0.5354330708661418 0.47836538461538464 0.14173228346456693 0.03365384615384615
0 0.5433070866141733 0.5120192307692307 0.14960629921259844 0.03125
0 0.5433070866141733 0.5480769230769231 0.16535433070866143 0.036057692307692304
0 0.5196850393700787 0.5865384615384616 0.1732283464566929 0.038461538461538464
0 0.49606299212598426 0.6298076923076923 0.18110236220472442 0.04326923076923077
0 0.47244094488188976 0.6706730769230769 0.1889763779527559 0.04326923076923077
0 0.4566929133858268 0.7067307692307693 0.18110236220472442 0.03365384615384615