0 0.5803571428571429 0.30528846153846156 0.13392857142857142 0.03125
0 0.5446428571428571 0.3293269230769231 0.16964285714285715 0.03125
0 0.5089285714285714 0.3581730769230769 0.16071428571428573 0.03125
0 0.49107142857142855 0.38461538461538464 0.14285714285714285 0.03125
0 0.49107142857142855 0.4182692307692308 0.15178571428571427 0.03365384615384615
0 0.5 0.44711538461538464 0.15178571428571427 0.03365384615384615
0 0.5089285714285714 0.47836538461538464 0.16964285714285715 0.038461538461538464
0 0.5267857142857143 0.5120192307692307 0.17857142857142858 0.036057692307692304
0 0.5357142857142857 0.5504807692307693 0.20535714285714285 0.036057692307692304
0 0.5267857142857143 0.5889423076923077 0.20535714285714285 0.036057692307692304
0 0.5089285714285714 0.6298076923076923 0.19642857142857142 0.04326923076923077
0 0.48214285714285715 0.6706730769230769 0.21428571428571427 0.04807692307692308
0 0.44642857142857145 0.7067307692307693 0.25892857142857145 0.040865384615384616
0 0.4375 0.7620192307692307 0.2767857142857143 0.03365384615384615
0 0.44642857142857145 0.7259615384615384 0.25 0.040865384615384616