0 0.5522388059701493 0.27163461538461536 0.1044776119402985 0.03125
0 0.5522388059701493 0.2980769230769231 0.12686567164179105 0.03125
0 0.5522388059701493 0.3245192307692308 0.12686567164179105 0.03365384615384615
0 0.5522388059701493 0.35096153846153844 0.12686567164179105 0.03365384615384615
0 0.5447761194029851 0.38221153846153844 0.14925373134328357 0.036057692307692304
0 0.5149253731343284 0.41346153846153844 0.13432835820895522 0.028846153846153848
0 0.5149253731343284 0.4423076923076923 0.1417910447761194 0.03125
0 0.5223880597014925 0.47596153846153844 0.16417910447761194 0.03365384615384615
0 0.5298507462686567 0.5096153846153846 0.14925373134328357 0.03365384615384615
0 0.5597014925373134 0.5432692307692307 0.1865671641791045 0.03365384615384615
0 0.5597014925373134 0.5793269230769231 0.1791044776119403 0.040865384615384616
0 0.5522388059701493 0.6201923076923077 0.1865671641791045 0.04326923076923077
0 0.5223880597014925 0.6634615384615384 0.208955223880597 0.052884615384615384
0 0.47761194029850745 0.7067307692307693 0.21641791044776118 0.04567307692307692
0 0.47761194029850745 0.75 0.22388059701492538 0.04326923076923077