0 0.5760869565217391 0.30288461538461536 0.20652173913043478 0.036057692307692304
0 0.5760869565217391 0.3317307692307692 0.1956521739130435 0.03365384615384615
0 0.5652173913043478 0.3629807692307692 0.21739130434782608 0.036057692307692304
0 0.5543478260869565 0.3942307692307692 0.20652173913043478 0.036057692307692304
0 0.5543478260869565 0.43028846153846156 0.2391304347826087 0.036057692307692304
0 0.5434782608695652 0.4639423076923077 0.22826086956521738 0.036057692307692304
0 0.5543478260869565 0.5 0.2608695652173913 0.036057692307692304
0 0.5543478260869565 0.5384615384615384 0.2717391304347826 0.036057692307692304
0 0.5652173913043478 0.5793269230769231 0.2826086956521739 0.040865384615384616
0 0.5760869565217391 0.6225961538461539 0.31521739130434784 0.04567307692307692
0 0.5978260869565217 0.6706730769230769 0.31521739130434784 0.04567307692307692
0 0.6086956521739131 0.71875 0.30434782608695654 0.04807692307692308
0 0.5760869565217391 0.7692307692307693 0.32608695652173914 0.04567307692307692
0 0.532608695652174 0.8076923076923077 0.32608695652173914 0.03125
0 0.4782608695652174 0.8413461538461539 0.31521739130434784 0.040865384615384616
0 0.5760869565217391 0.27163461538461536 0.20652173913043478 0.028846153846153848