0 0.5882352941176471 0.2283653846153846 0.12299465240641712 0.04326923076923077
0 0.5775401069518716 0.2668269230769231 0.12299465240641712 0.04326923076923077
0 0.5454545454545454 0.3004807692307692 0.12834224598930483 0.04567307692307692
0 0.5187165775401069 0.3293269230769231 0.12834224598930483 0.038461538461538464
0 0.49732620320855614 0.3581730769230769 0.1443850267379679 0.038461538461538464
0 0.48663101604278075 0.3918269230769231 0.13368983957219252 0.038461538461538464
0 0.48128342245989303 0.43028846153846156 0.1443850267379679 0.038461538461538464
0 0.47593582887700536 0.46153846153846156 0.1497326203208556 0.04326923076923077
0 0.49732620320855614 0.5 0.17647058823529413 0.04567307692307692
0 0.49732620320855614 0.5480769230769231 0.1657754010695187 0.03365384615384615
0 0.5026737967914439 0.5985576923076923 0.18181818181818182 0.05048076923076923
0 0.4919786096256685 0.65625 0.19786096256684493 0.04326923076923077
0 0.48663101604278075 0.6971153846153846 0.1925133689839572 0.052884615384615384
0 0.4919786096256685 0.75 0.17647058823529413 0.040865384615384616
0 0.47593582887700536 0.8028846153846154 0.2192513368983957 0.057692307692307696