0 0.43209876543209874 0.24759615384615385 0.11728395061728394 0.02403846153846154
0 0.4382716049382716 0.27403846153846156 0.09876543209876543 0.02403846153846154
0 0.4382716049382716 0.30288461538461536 0.09876543209876543 0.02403846153846154
0 0.4382716049382716 0.3293269230769231 0.09876543209876543 0.026442307692307692
0 0.43209876543209874 0.3581730769230769 0.09876543209876543 0.028846153846153848
0 0.42592592592592593 0.3870192307692308 0.09876543209876543 0.028846153846153848
0 0.41358024691358025 0.4182692307692308 0.1111111111111111 0.026442307692307692
0 0.4074074074074074 0.44711538461538464 0.12345679012345678 0.028846153846153848
0 0.4012345679012346 0.47836538461538464 0.12345679012345678 0.028846153846153848
0 0.3950617283950617 0.5120192307692307 0.12345679012345678 0.03125
0 0.3950617283950617 0.5432692307692307 0.12962962962962962 0.028846153846153848
0 0.3950617283950617 0.5793269230769231 0.13580246913580246 0.036057692307692304
0 0.3950617283950617 0.6225961538461539 0.12962962962962962 0.038461538461538464
0 0.41975308641975306 0.6682692307692307 0.14814814814814814 0.040865384615384616
0 0.4691358024691358 0.7139423076923077 0.18518518518518517 0.036057692307692304
0 0.5061728395061729 0.7524038461538461 0.16666666666666666 0.036057692307692304
0 0.5123456790123457 0.7908653846153846 0.18518518518518517 0.038461538461538464