0 0.5636363636363636 0.1710843373493976 0.16363636363636364 0.03132530120481928
0 0.5545454545454546 0.19759036144578312 0.16363636363636364 0.02650602409638554
0 0.5272727272727272 0.2216867469879518 0.15454545454545454 0.03132530120481928
0 0.4909090909090909 0.25542168674698795 0.15454545454545454 0.02891566265060241
0 0.44545454545454544 0.27951807228915665 0.16363636363636364 0.02650602409638554
0 0.4 0.30120481927710846 0.15454545454545454 0.02891566265060241
0 0.38181818181818183 0.3325301204819277 0.17272727272727273 0.03132530120481928
0 0.35454545454545455 0.3614457831325301 0.18181818181818182 0.02891566265060241
0 0.36363636363636365 0.39036144578313253 0.19090909090909092 0.024096385542168676
0 0.38181818181818183 0.42409638554216866 0.20909090909090908 0.02891566265060241
0 0.4090909090909091 0.4602409638554217 0.21818181818181817 0.03132530120481928
0 0.43636363636363634 0.4987951807228916 0.21818181818181817 0.03132530120481928
0 0.45454545454545453 0.5445783132530121 0.23636363636363636 0.03855421686746988
0 0.4818181818181818 0.5927710843373494 0.24545454545454545 0.04096385542168675
0 0.4818181818181818 0.6433734939759036 0.2636363636363636 0.043373493975903614
0 0.4727272727272727 0.6987951807228916 0.2727272727272727 0.04578313253012048
0 0.4727272727272727 0.7518072289156627 0.2909090909090909 0.043373493975903614