0 0.509090909090909 0.2764423076923077 0.10303030303030303 0.03365384615384615
0 0.503030303030303 0.3004807692307692 0.09696969696969697 0.026442307692307692
0 0.4909090909090909 0.3269230769230769 0.11515151515151516 0.028846153846153848
0 0.4666666666666667 0.35336538461538464 0.10909090909090909 0.040865384615384616
0 0.46060606060606063 0.37740384615384615 0.12121212121212122 0.03365384615384615
0 0.4484848484848485 0.40384615384615385 0.10909090909090909 0.028846153846153848
0 0.44242424242424244 0.4326923076923077 0.12121212121212122 0.026442307692307692
0 0.4484848484848485 0.46634615384615385 0.12121212121212122 0.03365384615384615
0 0.45454545454545453 0.5024038461538461 0.13333333333333333 0.03365384615384615
0 0.4666666666666667 0.5408653846153846 0.12727272727272726 0.036057692307692304
0 0.4727272727272727 0.5817307692307693 0.14545454545454545 0.038461538461538464
0 0.4909090909090909 0.6225961538461539 0.15151515151515152 0.038461538461538464
0 0.49696969696969695 0.6634615384615384 0.15757575757575756 0.04326923076923077
0 0.5151515151515151 0.7067307692307693 0.16363636363636364 0.040865384615384616
0 0.509090909090909 0.7379807692307693 0.15757575757575756 0.038461538461538464