0 0.5914634146341463 0.6634615384615384 0.2804878048780488 0.040865384615384616
0 0.5487804878048781 0.6225961538461539 0.25609756097560976 0.03365384615384615
0 0.4146341463414634 0.5072115384615384 0.22560975609756098 0.028846153846153848
0 0.4634146341463415 0.47596153846153844 0.2865853658536585 0.026442307692307692
0 0.5 0.4495192307692308 0.3048780487804878 0.02403846153846154
0 0.5426829268292683 0.4254807692307692 0.25 0.026442307692307692
0 0.5609756097560976 0.39663461538461536 0.21341463414634146 0.026442307692307692
0 0.5792682926829268 0.3701923076923077 0.20121951219512196 0.026442307692307692
0 0.573170731707317 0.34375 0.18292682926829268 0.021634615384615384
0 0.5853658536585366 0.3173076923076923 0.17682926829268292 0.026442307692307692
0 0.5914634146341463 0.28846153846153844 0.17073170731707318 0.02403846153846154
0 0.5792682926829268 0.2620192307692308 0.1524390243902439 0.02403846153846154
0 0.6036585365853658 0.6995192307692307 0.2682926829268293 0.036057692307692304
0 0.5 0.59375 0.27439024390243905 0.02403846153846154
0 0.4634146341463415 0.5649038461538461 0.27439024390243905 0.02403846153846154
0 0.4329268292682927 0.5360576923076923 0.2682926829268293 0.02403846153846154