0 0.552 0.25961538461538464 0.144 0.021634615384615384
0 0.544 0.28365384615384615 0.128 0.02403846153846154
0 0.544 0.30528846153846156 0.12 0.028846153846153848
0 0.536 0.33413461538461536 0.12 0.026442307692307692
0 0.528 0.3605769230769231 0.144 0.028846153846153848
0 0.504 0.3870192307692308 0.152 0.026442307692307692
0 0.496 0.4182692307692308 0.152 0.03365384615384615
0 0.496 0.4495192307692308 0.152 0.028846153846153848
0 0.496 0.4807692307692308 0.16 0.02403846153846154
0 0.52 0.5120192307692307 0.176 0.028846153846153848
0 0.536 0.5432692307692307 0.168 0.036057692307692304
0 0.56 0.5817307692307693 0.168 0.038461538461538464
0 0.56 0.625 0.192 0.038461538461538464
0 0.528 0.6634615384615384 0.224 0.04807692307692308
0 0.472 0.7091346153846154 0.224 0.055288461538461536
0 0.432 0.7524038461538461 0.256 0.04807692307692308