0 0.5471698113207547 0.22115384615384615 0.11949685534591195 0.026442307692307692
0 0.5534591194968553 0.24759615384615385 0.11320754716981132 0.021634615384615384
0 0.5471698113207547 0.27403846153846156 0.10062893081761007 0.026442307692307692
0 0.5408805031446541 0.3004807692307692 0.10062893081761007 0.021634615384615384
0 0.5283018867924528 0.3245192307692308 0.09433962264150944 0.026442307692307692
0 0.5157232704402516 0.35336538461538464 0.10062893081761007 0.026442307692307692
0 0.4968553459119497 0.38221153846153844 0.11320754716981132 0.028846153846153848
0 0.48427672955974843 0.4110576923076923 0.1069182389937107 0.026442307692307692
0 0.4779874213836478 0.43990384615384615 0.1069182389937107 0.028846153846153848
0 0.48427672955974843 0.47115384615384615 0.11949685534591195 0.026442307692307692
0 0.5094339622641509 0.5024038461538461 0.11949685534591195 0.028846153846153848
0 0.5345911949685535 0.5384615384615384 0.13836477987421383 0.03365384615384615
0 0.559748427672956 0.5745192307692307 0.11949685534591195 0.03125
0 0.5660377358490566 0.6153846153846154 0.12578616352201258 0.03125
0 0.5534591194968553 0.65625 0.14465408805031446 0.036057692307692304
0 0.5283018867924528 0.6995192307692307 0.14465408805031446 0.04326923076923077
0 0.5094339622641509 0.7379807692307693 0.1509433962264151 0.03125