0 0.5572519083969466 0.40625 0.2748091603053435 0.03365384615384615
0 0.5725190839694656 0.44471153846153844 0.2824427480916031 0.03125
0 0.5877862595419847 0.4879807692307692 0.25190839694656486 0.03365384615384615
0 0.5801526717557252 0.53125 0.2824427480916031 0.040865384615384616
0 0.5725190839694656 0.5817307692307693 0.29770992366412213 0.04326923076923077
0 0.5343511450381679 0.6274038461538461 0.29770992366412213 0.04567307692307692
0 0.5572519083969466 0.3701923076923077 0.2748091603053435 0.038461538461538464
0 0.549618320610687 0.33413461538461536 0.26717557251908397 0.036057692307692304
0 0.5572519083969466 0.30288461538461536 0.2366412213740458 0.03125
0 0.5725190839694656 0.2692307692307692 0.1984732824427481 0.03125
0 0.5725190839694656 0.23557692307692307 0.183206106870229 0.028846153846153848
0 0.5877862595419847 0.2091346153846154 0.17557251908396945 0.02403846153846154
0 0.6030534351145038 0.18269230769230768 0.1984732824427481 0.026442307692307692
0 0.6106870229007634 0.12740384615384615 0.183206106870229 0.026442307692307692
0 0.6030534351145038 0.15625 0.183206106870229 0.02403846153846154
0 0.6106870229007634 0.0985576923076923 0.22137404580152673 0.02403846153846154