0 0.5195530726256983 0.22355769230769232 0.08379888268156424 0.021634615384615384
0 0.5251396648044693 0.24759615384615385 0.0893854748603352 0.02403846153846154
0 0.5307262569832403 0.27403846153846156 0.09497206703910614 0.02403846153846154
0 0.5363128491620112 0.3004807692307692 0.09497206703910614 0.026442307692307692
0 0.5363128491620112 0.3317307692307692 0.1005586592178771 0.026442307692307692
0 0.5418994413407822 0.3629807692307692 0.09497206703910614 0.026442307692307692
0 0.553072625698324 0.3918269230769231 0.09497206703910614 0.026442307692307692
0 0.5642458100558659 0.4182692307692308 0.10614525139664804 0.02403846153846154
0 0.5698324022346368 0.4495192307692308 0.11731843575418995 0.03125
0 0.5754189944134078 0.4879807692307692 0.11731843575418995 0.03365384615384615
0 0.5754189944134078 0.5240384615384616 0.11731843575418995 0.036057692307692304
0 0.5642458100558659 0.5649038461538461 0.11731843575418995 0.038461538461538464
0 0.553072625698324 0.6081730769230769 0.11173184357541899 0.038461538461538464
0 0.5307262569832403 0.6466346153846154 0.1340782122905028 0.040865384615384616
0 0.5027932960893855 0.6923076923076923 0.13966480446927373 0.040865384615384616
0 0.4972067039106145 0.7379807692307693 0.15083798882681565 0.036057692307692304