0 0.4788732394366197 0.6153846153846154 0.2676056338028169 0.040865384615384616
0 0.49295774647887325 0.5697115384615384 0.2535211267605634 0.038461538461538464
0 0.45774647887323944 0.6634615384615384 0.2605633802816901 0.04326923076923077
0 0.47183098591549294 0.5264423076923077 0.24647887323943662 0.036057692307692304
0 0.44366197183098594 0.4879807692307692 0.2535211267605634 0.036057692307692304
0 0.39436619718309857 0.4495192307692308 0.2535211267605634 0.028846153846153848
0 0.5 0.2403846153846154 0.176056338028169 0.02403846153846154
0 0.4788732394366197 0.2668269230769231 0.176056338028169 0.019230769230769232
0 0.45774647887323944 0.29086538461538464 0.176056338028169 0.021634615384615384
0 0.4154929577464789 0.3125 0.176056338028169 0.02403846153846154
0 0.36619718309859156 0.33413461538461536 0.19718309859154928 0.019230769230769232
0 0.34507042253521125 0.3581730769230769 0.2112676056338028 0.021634615384615384
0 0.34507042253521125 0.3870192307692308 0.2112676056338028 0.026442307692307692
0 0.352112676056338 0.4206730769230769 0.22535211267605634 0.03125
0 0.47183098591549294 0.21634615384615385 0.15492957746478872 0.019230769230769232
0 0.43661971830985913 0.7067307692307693 0.2605633802816901 0.03365384615384615