0 0.5225225225225225 0.5552884615384616 0.3063063063063063 0.03125
0 0.5135135135135135 0.5961538461538461 0.3063063063063063 0.03365384615384615
0 0.5045045045045045 0.6418269230769231 0.3153153153153153 0.040865384615384616
0 0.4864864864864865 0.6826923076923077 0.2972972972972973 0.038461538461538464
0 0.5045045045045045 0.5120192307692307 0.2882882882882883 0.03365384615384615
0 0.4774774774774775 0.47596153846153844 0.25225225225225223 0.028846153846153848
0 0.4594594594594595 0.4423076923076923 0.21621621621621623 0.026442307692307692
0 0.44144144144144143 0.40865384615384615 0.24324324324324326 0.026442307692307692
0 0.43243243243243246 0.37740384615384615 0.1891891891891892 0.02403846153846154
0 0.45045045045045046 0.3485576923076923 0.1981981981981982 0.02403846153846154
0 0.46846846846846846 0.31971153846153844 0.18018018018018017 0.02403846153846154
0 0.4864864864864865 0.2980769230769231 0.24324324324324326 0.021634615384615384
0 0.4954954954954955 0.27403846153846156 0.23423423423423423 0.021634615384615384
0 0.4954954954954955 0.24519230769230768 0.24324324324324326 0.026442307692307692
0 0.5045045045045045 0.21875 0.26126126126126126 0.019230769230769232
0 0.5045045045045045 0.19471153846153846 0.26126126126126126 0.019230769230769232