0 0.44144144144144143 0.6289156626506024 0.32432432432432434 0.03132530120481928
0 0.42342342342342343 0.6674698795180722 0.34234234234234234 0.02891566265060241
0 0.40540540540540543 0.7156626506024096 0.36936936936936937 0.03855421686746988
0 0.4864864864864865 0.5879518072289157 0.32432432432432434 0.03132530120481928
0 0.5225225225225225 0.5469879518072289 0.25225225225225223 0.033734939759036145
0 0.5225225225225225 0.5108433734939759 0.22522522522522523 0.02650602409638554
0 0.5495495495495496 0.4819277108433735 0.2072072072072072 0.024096385542168676
0 0.5495495495495496 0.4506024096385542 0.21621621621621623 0.02650602409638554
0 0.5585585585585585 0.42409638554216866 0.22522522522522523 0.02891566265060241
0 0.5585585585585585 0.39518072289156625 0.1981981981981982 0.024096385542168676
0 0.5765765765765766 0.3686746987951807 0.1891891891891892 0.021686746987951807
0 0.5945945945945946 0.3421686746987952 0.1981981981981982 0.021686746987951807
0 0.5855855855855856 0.3132530120481928 0.2072072072072072 0.024096385542168676
0 0.5945945945945946 0.2891566265060241 0.22522522522522523 0.024096385542168676
0 0.5765765765765766 0.26265060240963856 0.22522522522522523 0.024096385542168676
0 0.5765765765765766 0.2385542168674699 0.2072072072072072 0.024096385542168676