0 0.49344978165938863 0.028846153846153848 0.20087336244541484 0.04326923076923077
0 0.5240174672489083 0.06971153846153846 0.22270742358078602 0.052884615384615384
0 0.5720524017467249 0.11538461538461539 0.24890829694323144 0.06009615384615385
0 0.6200873362445415 0.15865384615384615 0.2445414847161572 0.057692307692307696
0 0.6681222707423581 0.2091346153846154 0.24017467248908297 0.0625
0 0.6593886462882096 0.2548076923076923 0.22270742358078602 0.06009615384615385
0 0.6812227074235808 0.3004807692307692 0.22270742358078602 0.0673076923076923
0 0.6681222707423581 0.3557692307692308 0.22270742358078602 0.06490384615384616
0 0.6462882096069869 0.40865384615384615 0.1965065502183406 0.06009615384615385
0 0.6331877729257642 0.46153846153846156 0.21397379912663755 0.0625
0 0.6157205240174672 0.5240384615384616 0.21397379912663755 0.08413461538461539
0 0.5895196506550219 0.5841346153846154 0.22707423580786026 0.07451923076923077
0 0.5545851528384279 0.6514423076923077 0.22270742358078602 0.06971153846153846
0 0.5283842794759825 0.7091346153846154 0.22707423580786026 0.0673076923076923
0 0.4978165938864629 0.7740384615384616 0.22707423580786026 0.07211538461538461
0 0.462882096069869 0.84375 0.24017467248908297 0.07692307692307693
0 0.4410480349344978 0.90625 0.27510917030567683 0.07692307692307693