0 0.5481927710843374 0.24519230769230768 0.12650602409638553 0.03365384615384615
0 0.536144578313253 0.2668269230769231 0.12650602409638553 0.026442307692307692
0 0.5301204819277109 0.29086538461538464 0.10843373493975904 0.03365384615384615
0 0.5180722891566265 0.3173076923076923 0.12048192771084337 0.03125
0 0.5 0.3389423076923077 0.0963855421686747 0.028846153846153848
0 0.4819277108433735 0.3629807692307692 0.10843373493975904 0.03125
0 0.46987951807228917 0.3870192307692308 0.1144578313253012 0.036057692307692304
0 0.4759036144578313 0.41586538461538464 0.12048192771084337 0.03125
0 0.5120481927710844 0.43990384615384615 0.12650602409638553 0.040865384615384616
0 0.5602409638554217 0.45913461538461536 0.15060240963855423 0.04807692307692308
0 0.6144578313253012 0.4735576923076923 0.15060240963855423 0.04567307692307692
0 0.6746987951807228 0.49278846153846156 0.16265060240963855 0.04807692307692308
0 0.7048192771084337 0.5216346153846154 0.18072289156626506 0.04326923076923077
0 0.7108433734939759 0.5600961538461539 0.16265060240963855 0.04807692307692308
0 0.6867469879518072 0.59375 0.1566265060240964 0.06009615384615385
0 0.6325301204819277 0.6298076923076923 0.1566265060240964 0.057692307692307696