0 0.4148471615720524 0.06971153846153846 0.2445414847161572 0.0625
0 0.40611353711790393 0.12259615384615384 0.2576419213973799 0.07211538461538461
0 0.39737991266375544 0.1778846153846154 0.24017467248908297 0.06009615384615385
0 0.4017467248908297 0.22596153846153846 0.22270742358078602 0.06490384615384616
0 0.4017467248908297 0.2764423076923077 0.24890829694323144 0.07211538461538461
0 0.4017467248908297 0.3317307692307692 0.2576419213973799 0.07692307692307693
0 0.40611353711790393 0.3918269230769231 0.2663755458515284 0.07211538461538461
0 0.43231441048034935 0.4495192307692308 0.3056768558951965 0.07692307692307693
0 0.462882096069869 0.5072115384615384 0.32751091703056767 0.08413461538461539
0 0.5283842794759825 0.5600961538461539 0.3799126637554585 0.09375
0 0.6331877729257642 0.6177884615384616 0.39737991266375544 0.08653846153846154
0 0.6768558951965066 0.6730769230769231 0.44541484716157204 0.08413461538461539
0 0.6943231441048034 0.7355769230769231 0.3930131004366812 0.08173076923076923
0 0.6462882096069869 0.8004807692307693 0.38427947598253276 0.09134615384615384
0 0.5545851528384279 0.8725961538461539 0.38427947598253276 0.11298076923076923