0 0.519650655021834 0.021634615384615384 0.19213973799126638 0.038461538461538464
0 0.5109170305676856 0.055288461538461536 0.18777292576419213 0.04326923076923077
0 0.5021834061135371 0.09375 0.17903930131004367 0.05048076923076923
0 0.5021834061135371 0.1346153846153846 0.17467248908296942 0.04567307692307692
0 0.5109170305676856 0.18028846153846154 0.18340611353711792 0.06490384615384616
0 0.5109170305676856 0.23076923076923078 0.18777292576419213 0.06009615384615385
0 0.5109170305676856 0.27884615384615385 0.18777292576419213 0.057692307692307696
0 0.4978165938864629 0.3269230769230769 0.1965065502183406 0.0673076923076923
0 0.4672489082969432 0.37740384615384615 0.1965065502183406 0.06490384615384616
0 0.4497816593886463 0.43028846153846156 0.2096069868995633 0.055288461538461536
0 0.45414847161572053 0.47836538461538464 0.21397379912663755 0.06009615384615385
0 0.45414847161572053 0.5336538461538461 0.22707423580786026 0.0673076923076923
0 0.48034934497816595 0.5913461538461539 0.2445414847161572 0.06490384615384616
0 0.5109170305676856 0.65625 0.24017467248908297 0.07692307692307693
0 0.5327510917030568 0.7259615384615384 0.24890829694323144 0.07211538461538461
0 0.5327510917030568 0.8004807692307693 0.2445414847161572 0.07692307692307693
0 0.5327510917030568 0.8677884615384616 0.27074235807860264 0.07451923076923077
0 0.5240174672489083 0.9302884615384616 0.2794759825327511 0.07451923076923077