0 0.42358078602620086 0.026442307692307692 0.2925764192139738 0.04326923076923077
0 0.42358078602620086 0.0625 0.2925764192139738 0.05048076923076923
0 0.45414847161572053 0.10576923076923077 0.28820960698689957 0.052884615384615384
0 0.4978165938864629 0.15144230769230768 0.27510917030567683 0.055288461538461536
0 0.5502183406113537 0.19951923076923078 0.28820960698689957 0.052884615384615384
0 0.5982532751091703 0.24519230769230768 0.31004366812227074 0.0625
0 0.6069868995633187 0.2956730769230769 0.30131004366812225 0.05048076923076923
0 0.5982532751091703 0.34615384615384615 0.31877729257641924 0.0625
0 0.5982532751091703 0.4014423076923077 0.31004366812227074 0.06971153846153846
0 0.5502183406113537 0.4543269230769231 0.35807860262008734 0.07451923076923077
0 0.5109170305676856 0.5096153846153846 0.3537117903930131 0.07451923076923077
0 0.47161572052401746 0.5769230769230769 0.36681222707423583 0.07451923076923077
0 0.45414847161572053 0.6442307692307693 0.3624454148471616 0.06971153846153846
0 0.44541484716157204 0.7211538461538461 0.37117903930131 0.06971153846153846
0 0.4366812227074236 0.7908653846153846 0.37117903930131 0.06971153846153846
0 0.45414847161572053 0.8629807692307693 0.40611353711790393 0.07451923076923077
0 0.4585152838427948 0.9326923076923077 0.4366812227074236 0.08173076923076923