0 0.4366812227074236 0.09134615384615384 0.17903930131004367 0.038461538461538464
0 0.4279475982532751 0.12740384615384615 0.1703056768558952 0.040865384615384616
0 0.4192139737991266 0.16346153846153846 0.1703056768558952 0.04326923076923077
0 0.4410480349344978 0.20432692307692307 0.1965065502183406 0.05048076923076923
0 0.47161572052401746 0.24759615384615385 0.18777292576419213 0.04567307692307692
0 0.4890829694323144 0.28846153846153844 0.2052401746724891 0.052884615384615384
0 0.5283842794759825 0.3317307692307692 0.2314410480349345 0.0625
0 0.5545851528384279 0.37740384615384615 0.22270742358078602 0.057692307692307696
0 0.5720524017467249 0.4254807692307692 0.2052401746724891 0.055288461538461536
0 0.5589519650655022 0.47596153846153844 0.19213973799126638 0.06971153846153846
0 0.5109170305676856 0.5360576923076923 0.2314410480349345 0.07211538461538461
0 0.4497816593886463 0.5961538461538461 0.24890829694323144 0.07692307692307693
0 0.40611353711790393 0.6586538461538461 0.23580786026200873 0.07211538461538461
0 0.37117903930131 0.7235576923076923 0.2576419213973799 0.0673076923076923
0 0.35807860262008734 0.7908653846153846 0.25327510917030566 0.0625
0 0.3799126637554585 0.8677884615384616 0.2794759825327511 0.06971153846153846
0 0.40611353711790393 0.9399038461538461 0.32751091703056767 0.06971153846153846