0 0.49557522123893805 0.5528846153846154 0.336283185840708 0.03365384615384615
0 0.45132743362831856 0.5865384615384616 0.2920353982300885 0.03365384615384615
0 0.4336283185840708 0.625 0.2831858407079646 0.03125
0 0.4336283185840708 0.6658653846153846 0.3008849557522124 0.036057692307692304
0 0.46017699115044247 0.7091346153846154 0.3185840707964602 0.04326923076923077
0 0.5398230088495575 0.5192307692307693 0.2743362831858407 0.03125
0 0.5752212389380531 0.4879807692307692 0.22123893805309736 0.026442307692307692
0 0.584070796460177 0.45913461538461536 0.22123893805309736 0.026442307692307692
0 0.5929203539823009 0.42788461538461536 0.22123893805309736 0.02403846153846154
0 0.584070796460177 0.39903846153846156 0.23893805309734514 0.026442307692307692
0 0.5752212389380531 0.37259615384615385 0.24778761061946902 0.028846153846153848
0 0.5663716814159292 0.34615384615384615 0.25663716814159293 0.026442307692307692
0 0.5486725663716814 0.31490384615384615 0.23008849557522124 0.026442307692307692
0 0.5309734513274337 0.28846153846153844 0.23008849557522124 0.02403846153846154
0 0.5132743362831859 0.2620192307692308 0.22123893805309736 0.026442307692307692
0 0.5132743362831859 0.23557692307692307 0.17699115044247787 0.019230769230769232