0 0.5021834061135371 0.8245192307692307 0.4279475982532751 0.08173076923076923
0 0.42358078602620086 0.7524038461538461 0.3799126637554585 0.0673076923076923
0 0.388646288209607 0.6875 0.35807860262008734 0.08173076923076923
0 0.38427947598253276 0.625 0.32751091703056767 0.06971153846153846
0 0.47161572052401746 0.5721153846153846 0.31004366812227074 0.07451923076923077
0 0.5676855895196506 0.5120192307692307 0.29694323144104806 0.07211538461538461
0 0.6375545851528385 0.45913461538461536 0.314410480349345 0.0673076923076923
0 0.6681222707423581 0.39663461538461536 0.3056768558951965 0.057692307692307696
0 0.6724890829694323 0.34615384615384615 0.27074235807860264 0.05048076923076923
0 0.6244541484716157 0.2932692307692308 0.26200873362445415 0.05048076923076923
0 0.5764192139737991 0.25 0.2576419213973799 0.0625
0 0.4497816593886463 0.20432692307692307 0.22707423580786026 0.05048076923076923
0 0.42358078602620086 0.16346153846153846 0.2663755458515284 0.057692307692307696
0 0.38427947598253276 0.11057692307692307 0.22707423580786026 0.04807692307692308
0 0.37554585152838427 0.0625 0.2314410480349345 0.04807692307692308