0 0.4672489082969432 0.055288461538461536 0.20087336244541484 0.036057692307692304
0 0.4847161572052402 0.0889423076923077 0.19213973799126638 0.04326923076923077
0 0.5109170305676856 0.12980769230769232 0.2096069868995633 0.04567307692307692
0 0.5283842794759825 0.1658653846153846 0.18777292576419213 0.04567307692307692
0 0.5502183406113537 0.2091346153846154 0.18340611353711792 0.05048076923076923
0 0.5720524017467249 0.25 0.1965065502183406 0.04807692307692308
0 0.5938864628820961 0.2956730769230769 0.20087336244541484 0.05048076923076923
0 0.5895196506550219 0.34134615384615385 0.20087336244541484 0.052884615384615384
0 0.5720524017467249 0.38461538461538464 0.21397379912663755 0.06009615384615385
0 0.537117903930131 0.4326923076923077 0.2314410480349345 0.0673076923076923
0 0.48034934497816595 0.47596153846153844 0.24890829694323144 0.07211538461538461
0 0.42358078602620086 0.5240384615384616 0.25327510917030566 0.07211538461538461
0 0.388646288209607 0.5769230769230769 0.25327510917030566 0.057692307692307696
0 0.43231441048034935 0.6274038461538461 0.25327510917030566 0.0625
0 0.519650655021834 0.6730769230769231 0.2794759825327511 0.06971153846153846
0 0.5807860262008734 0.7259615384615384 0.27510917030567683 0.06009615384615385
0 0.6157205240174672 0.7884615384615384 0.314410480349345 0.07211538461538461