0 0.4954954954954955 0.2403846153846154 0.15315315315315314 0.026442307692307692
0 0.4864864864864865 0.2644230769230769 0.17117117117117117 0.026442307692307692
0 0.4774774774774775 0.28846153846153844 0.14414414414414414 0.02403846153846154
0 0.46846846846846846 0.3125 0.16216216216216217 0.028846153846153848
0 0.4774774774774775 0.33653846153846156 0.16216216216216217 0.028846153846153848
0 0.5045045045045045 0.3605769230769231 0.17117117117117117 0.028846153846153848
0 0.5135135135135135 0.3870192307692308 0.15315315315315314 0.03125
0 0.5315315315315315 0.41346153846153844 0.16216216216216217 0.028846153846153848
0 0.5135135135135135 0.4423076923076923 0.15315315315315314 0.03125
0 0.5045045045045045 0.46875 0.18018018018018017 0.03365384615384615
0 0.4864864864864865 0.5 0.18018018018018017 0.036057692307692304
0 0.4594594594594595 0.5336538461538461 0.1981981981981982 0.03365384615384615
0 0.44144144144144143 0.5697115384615384 0.1981981981981982 0.038461538461538464
0 0.44144144144144143 0.6105769230769231 0.1981981981981982 0.038461538461538464
0 0.46846846846846846 0.6490384615384616 0.21621621621621623 0.04326923076923077
0 0.4954954954954955 0.6875 0.1981981981981982 0.038461538461538464
0 0.5315315315315315 0.7211538461538461 0.2702702702702703 0.03125