0 0.5152838427947598 0.9134615384615384 0.3056768558951965 0.06971153846153846
0 0.4847161572052402 0.8293269230769231 0.3056768558951965 0.07932692307692307
0 0.47161572052401746 0.7644230769230769 0.25327510917030566 0.0673076923076923
0 0.49344978165938863 0.7019230769230769 0.25327510917030566 0.07451923076923077
0 0.5065502183406113 0.6394230769230769 0.2663755458515284 0.0673076923076923
0 0.5327510917030568 0.5865384615384616 0.22707423580786026 0.07932692307692307
0 0.5720524017467249 0.5432692307692307 0.22707423580786026 0.07211538461538461
0 0.5982532751091703 0.5192307692307693 0.2096069868995633 0.0673076923076923
0 0.6462882096069869 0.4639423076923077 0.22707423580786026 0.07692307692307693
0 0.6724890829694323 0.3894230769230769 0.23580786026200873 0.06490384615384616
0 0.6724890829694323 0.34134615384615385 0.2314410480349345 0.0625
0 0.6506550218340611 0.3004807692307692 0.2096069868995633 0.057692307692307696
0 0.5895196506550219 0.25240384615384615 0.2183406113537118 0.06009615384615385
0 0.5545851528384279 0.2091346153846154 0.18777292576419213 0.06490384615384616
0 0.5021834061135371 0.16826923076923078 0.17467248908296942 0.04567307692307692
0 0.4759825327510917 0.12259615384615384 0.18340611353711792 0.052884615384615384
0 0.4759825327510917 0.07692307692307693 0.1965065502183406 0.05048076923076923