0 0.6026200873362445 0.8701923076923077 0.26200873362445415 0.06490384615384616
0 0.5938864628820961 0.8028846153846154 0.28820960698689957 0.06490384615384616
0 0.5851528384279476 0.7331730769230769 0.314410480349345 0.06490384615384616
0 0.5327510917030568 0.6658653846153846 0.2445414847161572 0.057692307692307696
0 0.5152838427947598 0.6177884615384616 0.2576419213973799 0.06009615384615385
0 0.4890829694323144 0.5576923076923077 0.2576419213973799 0.057692307692307696
0 0.45414847161572053 0.5 0.2445414847161572 0.04807692307692308
0 0.4366812227074236 0.4423076923076923 0.22270742358078602 0.05048076923076923
0 0.43231441048034935 0.3942307692307692 0.2096069868995633 0.052884615384615384
0 0.4104803493449782 0.3485576923076923 0.2096069868995633 0.055288461538461536
0 0.4104803493449782 0.3004807692307692 0.2052401746724891 0.04807692307692308
0 0.4148471615720524 0.2548076923076923 0.17467248908296942 0.040865384615384616
0 0.4279475982532751 0.2091346153846154 0.18340611353711792 0.05048076923076923
0 0.4366812227074236 0.1658653846153846 0.14410480349344978 0.04326923076923077
0 0.44541484716157204 0.12740384615384615 0.16593886462882096 0.04807692307692308
0 0.4497816593886463 0.08413461538461539 0.1572052401746725 0.04567307692307692
0 0.45414847161572053 0.04326923076923077 0.1615720524017467 0.052884615384615384