0 0.5865921787709497 0.3581730769230769 0.1005586592178771 0.038461538461538464
0 0.5251396648044693 0.7043269230769231 0.12849162011173185 0.038461538461538464
0 0.5307262569832403 0.6634615384615384 0.11731843575418995 0.03365384615384615
0 0.547486033519553 0.6274038461538461 0.11173184357541899 0.036057692307692304
0 0.5642458100558659 0.5913461538461539 0.12290502793296089 0.038461538461538464
0 0.5865921787709497 0.5600961538461539 0.11173184357541899 0.038461538461538464
0 0.6033519553072626 0.5288461538461539 0.10614525139664804 0.036057692307692304
0 0.6256983240223464 0.5024038461538461 0.09497206703910614 0.03365384615384615
0 0.6424581005586593 0.47596153846153844 0.10614525139664804 0.028846153846153848
0 0.6480446927374302 0.4495192307692308 0.10614525139664804 0.02403846153846154
0 0.6480446927374302 0.4254807692307692 0.1005586592178771 0.028846153846153848
0 0.6312849162011173 0.40384615384615385 0.08379888268156424 0.021634615384615384
0 0.6145251396648045 0.3798076923076923 0.09497206703910614 0.021634615384615384
0 0.5307262569832403 0.7451923076923077 0.1452513966480447 0.038461538461538464
0 0.5363128491620112 0.7836538461538461 0.13966480446927373 0.038461538461538464