0 0.4672489082969432 0.8581730769230769 0.27074235807860264 0.07692307692307693
0 0.45414847161572053 0.7860576923076923 0.27510917030567683 0.06971153846153846
0 0.4192139737991266 0.7043269230769231 0.27074235807860264 0.07692307692307693
0 0.4497816593886463 0.6346153846153846 0.24890829694323144 0.07211538461538461
0 0.5414847161572053 0.5793269230769231 0.23580786026200873 0.07692307692307693
0 0.6419213973799127 0.5288461538461539 0.2052401746724891 0.06971153846153846
0 0.7336244541484717 0.4807692307692308 0.19213973799126638 0.0673076923076923
0 0.7685589519650655 0.4254807692307692 0.2576419213973799 0.06971153846153846
0 0.7729257641921398 0.3701923076923077 0.2445414847161572 0.06009615384615385
0 0.7117903930131004 0.32211538461538464 0.2096069868995633 0.06971153846153846
0 0.6331877729257642 0.27884615384615385 0.22270742358078602 0.06009615384615385
0 0.5589519650655022 0.23317307692307693 0.22707423580786026 0.0625
0 0.49344978165938863 0.18990384615384615 0.23580786026200873 0.06490384615384616
0 0.4410480349344978 0.125 0.18777292576419213 0.0673076923076923
0 0.45414847161572053 0.07932692307692307 0.1703056768558952 0.040865384615384616
0 0.4497816593886463 0.038461538461538464 0.18340611353711792 0.04567307692307692