0 0.759825327510917 0.8533653846153846 0.32751091703056767 0.07211538461538461
0 0.8034934497816594 0.7740384615384616 0.29694323144104806 0.07211538461538461
0 0.8078602620087336 0.6923076923076923 0.2794759825327511 0.06490384615384616
0 0.777292576419214 0.6225961538461539 0.24017467248908297 0.0625
0 0.7248908296943232 0.5576923076923077 0.22270742358078602 0.05048076923076923
0 0.6462882096069869 0.5144230769230769 0.22270742358078602 0.0625
0 0.5676855895196506 0.4543269230769231 0.20087336244541484 0.052884615384615384
0 0.5021834061135371 0.42788461538461536 0.21397379912663755 0.04807692307692308
0 0.4148471615720524 0.3798076923076923 0.19213973799126638 0.052884615384615384
0 0.3799126637554585 0.34134615384615385 0.17467248908296942 0.06009615384615385
0 0.3406113537117904 0.2956730769230769 0.1965065502183406 0.06009615384615385
0 0.314410480349345 0.24278846153846154 0.18340611353711792 0.04326923076923077
0 0.30131004366812225 0.19471153846153846 0.18777292576419213 0.04567307692307692
0 0.29694323144104806 0.1466346153846154 0.22270742358078602 0.04567307692307692
0 0.2794759825327511 0.10336538461538461 0.2096069868995633 0.04567307692307692
0 0.2794759825327511 0.052884615384615384 0.16593886462882096 0.05048076923076923