0 0.45414847161572053 0.14182692307692307 0.1965065502183406 0.0625
0 0.4497816593886463 0.19230769230769232 0.1965065502183406 0.0625
0 0.462882096069869 0.2403846153846154 0.20087336244541484 0.06009615384615385
0 0.4672489082969432 0.2932692307692308 0.2096069868995633 0.0625
0 0.462882096069869 0.34375 0.2096069868995633 0.06490384615384616
0 0.45414847161572053 0.3894230769230769 0.2183406113537118 0.06971153846153846
0 0.4017467248908297 0.4326923076923077 0.2445414847161572 0.07932692307692307
0 0.40611353711790393 0.49038461538461536 0.2445414847161572 0.0673076923076923
0 0.4192139737991266 0.5504807692307693 0.27510917030567683 0.07211538461538461
0 0.44541484716157204 0.6081730769230769 0.2576419213973799 0.08173076923076923
0 0.49344978165938863 0.6634615384615384 0.3056768558951965 0.07211538461538461
0 0.5720524017467249 0.7283653846153846 0.2794759825327511 0.07692307692307693
0 0.6026200873362445 0.7980769230769231 0.2663755458515284 0.08413461538461539
0 0.5458515283842795 0.8701923076923077 0.2925764192139738 0.0889423076923077
0 0.4759825327510917 0.9399038461538461 0.28820960698689957 0.08173076923076923