0 0.5327510917030568 0.8581730769230769 0.30131004366812225 0.08173076923076923
0 0.5065502183406113 0.7884615384615384 0.2663755458515284 0.0673076923076923
0 0.48034934497816595 0.71875 0.24017467248908297 0.06009615384615385
0 0.45414847161572053 0.6490384615384616 0.2314410480349345 0.055288461538461536
0 0.462882096069869 0.5889423076923077 0.2314410480349345 0.06009615384615385
0 0.4672489082969432 0.5288461538461539 0.21397379912663755 0.057692307692307696
0 0.4847161572052402 0.4807692307692308 0.1965065502183406 0.06971153846153846
0 0.519650655021834 0.4230769230769231 0.22270742358078602 0.07692307692307693
0 0.5589519650655022 0.3701923076923077 0.22707423580786026 0.06490384615384616
0 0.5676855895196506 0.3269230769230769 0.22270742358078602 0.04807692307692308
0 0.5676855895196506 0.28125 0.2052401746724891 0.055288461538461536
0 0.5414847161572053 0.23798076923076922 0.1965065502183406 0.057692307692307696
0 0.519650655021834 0.18509615384615385 0.19213973799126638 0.04567307692307692
0 0.4978165938864629 0.14423076923076922 0.17903930131004367 0.040865384615384616
0 0.48034934497816595 0.11057692307692307 0.1703056768558952 0.04326923076923077
0 0.47161572052401746 0.0625 0.1615720524017467 0.05048076923076923