0 0.62882096069869 0.8004807692307693 0.28820960698689957 0.06490384615384616
0 0.5152838427947598 0.7403846153846154 0.2663755458515284 0.0673076923076923
0 0.4148471615720524 0.6850961538461539 0.2794759825327511 0.07451923076923077
0 0.3799126637554585 0.6177884615384616 0.31877729257641924 0.057692307692307696
0 0.37554585152838427 0.5576923076923077 0.2925764192139738 0.06009615384615385
0 0.3930131004366812 0.49759615384615385 0.26200873362445415 0.06009615384615385
0 0.4192139737991266 0.4423076923076923 0.2314410480349345 0.052884615384615384
0 0.4410480349344978 0.3942307692307692 0.2576419213973799 0.04326923076923077
0 0.4585152838427948 0.35096153846153844 0.23580786026200873 0.052884615384615384
0 0.462882096069869 0.3004807692307692 0.2314410480349345 0.057692307692307696
0 0.47161572052401746 0.24759615384615385 0.2052401746724891 0.05048076923076923
0 0.4497816593886463 0.20432692307692307 0.18340611353711792 0.040865384615384616
0 0.4279475982532751 0.16346153846153846 0.18340611353711792 0.04326923076923077
0 0.4104803493449782 0.11538461538461539 0.2052401746724891 0.040865384615384616
0 0.3930131004366812 0.07211538461538461 0.19213973799126638 0.038461538461538464
0 0.3930131004366812 0.03365384615384615 0.17903930131004367 0.03365384615384615