0 0.6812227074235808 0.055288461538461536 0.1965065502183406 0.0625
0 0.6593886462882096 0.10096153846153846 0.20087336244541484 0.0625
0 0.6200873362445415 0.14182692307692307 0.27074235807860264 0.0625
0 0.6157205240174672 0.19230769230769232 0.2925764192139738 0.0673076923076923
0 0.6244541484716157 0.24759615384615385 0.31004366812227074 0.07451923076923077
0 0.611353711790393 0.2932692307692308 0.31004366812227074 0.06971153846153846
0 0.5982532751091703 0.34615384615384615 0.3056768558951965 0.06490384615384616
0 0.5676855895196506 0.39903846153846156 0.30131004366812225 0.08653846153846154
0 0.5545851528384279 0.44711538461538464 0.2445414847161572 0.10336538461538461
0 0.4497816593886463 0.4735576923076923 0.20087336244541484 0.11538461538461539
0 0.34497816593886466 0.5120192307692307 0.17903930131004367 0.10817307692307693
0 0.25327510917030566 0.5600961538461539 0.2183406113537118 0.10336538461538461
0 0.2096069868995633 0.625 0.25327510917030566 0.09134615384615384
0 0.22270742358078602 0.7067307692307693 0.24890829694323144 0.0985576923076923
0 0.2794759825327511 0.7836538461538461 0.24017467248908297 0.11538461538461539
0 0.35807860262008734 0.8581730769230769 0.25327510917030566 0.12980769230769232