0 0.4017467248908297 0.8629807692307693 0.43231441048034935 0.07451923076923077
0 0.34497816593886466 0.7884615384615384 0.37117903930131 0.06490384615384616
0 0.3318777292576419 0.7235576923076923 0.388646288209607 0.06971153846153846
0 0.36681222707423583 0.6490384615384616 0.37117903930131 0.07451923076923077
0 0.462882096069869 0.5841346153846154 0.3799126637554585 0.07451923076923077
0 0.5982532751091703 0.5144230769230769 0.3406113537117904 0.06490384615384616
0 0.6812227074235808 0.46634615384615385 0.32751091703056767 0.07451923076923077
0 0.7467248908296943 0.41586538461538464 0.3056768558951965 0.0625
0 0.7947598253275109 0.35336538461538464 0.3231441048034934 0.05048076923076923
0 0.7816593886462883 0.3076923076923077 0.3056768558951965 0.06009615384615385
0 0.7074235807860262 0.24759615384615385 0.3318777292576419 0.06009615384615385
0 0.6244541484716157 0.2091346153846154 0.2794759825327511 0.0673076923076923
0 0.537117903930131 0.17067307692307693 0.31004366812227074 0.07211538461538461
0 0.47161572052401746 0.12980769230769232 0.26200873362445415 0.06490384615384616
0 0.4192139737991266 0.07932692307692307 0.2794759825327511 0.055288461538461536
0 0.388646288209607 0.03365384615384615 0.31877729257641924 0.038461538461538464