0 0.38427947598253276 0.019230769230769232 0.314410480349345 0.036057692307692304
0 0.37554585152838427 0.055288461538461536 0.31004366812227074 0.055288461538461536
0 0.35807860262008734 0.0985576923076923 0.31877729257641924 0.04807692307692308
0 0.37554585152838427 0.13942307692307693 0.32751091703056767 0.052884615384615384
0 0.40611353711790393 0.18028846153846154 0.31004366812227074 0.04807692307692308
0 0.44541484716157204 0.22115384615384615 0.3056768558951965 0.052884615384615384
0 0.5152838427947598 0.2644230769230769 0.32751091703056767 0.057692307692307696
0 0.5458515283842795 0.31490384615384615 0.3231441048034934 0.055288461538461536
0 0.5764192139737991 0.3629807692307692 0.3318777292576419 0.0673076923076923
0 0.537117903930131 0.4206730769230769 0.31877729257641924 0.06971153846153846
0 0.4672489082969432 0.47115384615384615 0.33624454148471616 0.07692307692307693
0 0.39737991266375544 0.5216346153846154 0.34934497816593885 0.07451923076923077
0 0.32751091703056767 0.5793269230769231 0.3930131004366812 0.06971153846153846
0 0.32751091703056767 0.6442307692307693 0.4148471615720524 0.07211538461538461
0 0.3930131004366812 0.7115384615384616 0.4104803493449782 0.08413461538461539
0 0.4672489082969432 0.78125 0.43231441048034935 0.07932692307692307
0 0.5458515283842795 0.8557692307692307 0.4410480349344978 0.09134615384615384
0 0.5502183406113537 0.9375 0.43231441048034935 0.07211538461538461