0 0.388646288209607 0.12259615384615384 0.22270742358078602 0.06490384615384616
0 0.42358078602620086 0.1778846153846154 0.24017467248908297 0.08413461538461539
0 0.47161572052401746 0.22115384615384615 0.27074235807860264 0.09134615384615384
0 0.5283842794759825 0.25961538461538464 0.2925764192139738 0.09615384615384616
0 0.5982532751091703 0.30528846153846156 0.30131004366812225 0.08653846153846154
0 0.6462882096069869 0.3557692307692308 0.3056768558951965 0.08173076923076923
0 0.6855895196506551 0.40625 0.32751091703056767 0.07451923076923077
0 0.6855895196506551 0.45913461538461536 0.314410480349345 0.08653846153846154
0 0.6550218340611353 0.5216346153846154 0.314410480349345 0.0889423076923077
0 0.5982532751091703 0.5793269230769231 0.2838427947598253 0.10336538461538461
0 0.5240174672489083 0.6322115384615384 0.25327510917030566 0.10817307692307693
0 0.42358078602620086 0.6850961538461539 0.26200873362445415 0.10336538461538461
0 0.34497816593886466 0.7524038461538461 0.27510917030567683 0.08413461538461539
0 0.35807860262008734 0.8269230769230769 0.27074235807860264 0.09134615384615384
0 0.4410480349344978 0.8894230769230769 0.3318777292576419 0.10576923076923077