0 0.4017467248908297 0.6923076923076923 0.2925764192139738 0.055288461538461536
0 0.43231441048034935 0.6298076923076923 0.30131004366812225 0.052884615384615384
0 0.4672489082969432 0.5721153846153846 0.2838427947598253 0.05048076923076923
0 0.5283842794759825 0.5216346153846154 0.2794759825327511 0.055288461538461536
0 0.5545851528384279 0.46875 0.2576419213973799 0.057692307692307696
0 0.5764192139737991 0.4206730769230769 0.25327510917030566 0.04326923076923077
0 0.5633187772925764 0.3701923076923077 0.26200873362445415 0.057692307692307696
0 0.5633187772925764 0.3269230769230769 0.2838427947598253 0.055288461538461536
0 0.5414847161572053 0.27884615384615385 0.27074235807860264 0.057692307692307696
0 0.519650655021834 0.23798076923076922 0.24017467248908297 0.052884615384615384
0 0.4890829694323144 0.19471153846153846 0.21397379912663755 0.04567307692307692
0 0.47161572052401746 0.14903846153846154 0.2314410480349345 0.04326923076923077
0 0.45414847161572053 0.11057692307692307 0.2096069868995633 0.0625
0 0.4497816593886463 0.07451923076923077 0.21397379912663755 0.04807692307692308
0 0.4672489082969432 0.03365384615384615 0.22270742358078602 0.040865384615384616