0 0.49344978165938863 0.9158653846153846 0.27074235807860264 0.0889423076923077
0 0.5021834061135371 0.8389423076923077 0.2663755458515284 0.0625
0 0.5065502183406113 0.7668269230769231 0.26200873362445415 0.06490384615384616
0 0.5458515283842795 0.6971153846153846 0.23580786026200873 0.08173076923076923
0 0.5720524017467249 0.6370192307692307 0.22270742358078602 0.08173076923076923
0 0.611353711790393 0.5793269230769231 0.2314410480349345 0.0673076923076923
0 0.6593886462882096 0.5192307692307693 0.22270742358078602 0.07211538461538461
0 0.6637554585152838 0.4639423076923077 0.2052401746724891 0.057692307692307696
0 0.6637554585152838 0.40625 0.19213973799126638 0.05048076923076923
0 0.6593886462882096 0.3557692307692308 0.2052401746724891 0.04326923076923077
0 0.62882096069869 0.31971153846153844 0.1965065502183406 0.040865384615384616
0 0.6200873362445415 0.27163461538461536 0.21397379912663755 0.055288461538461536
0 0.6069868995633187 0.2283653846153846 0.1965065502183406 0.05048076923076923
0 0.5938864628820961 0.18509615384615385 0.1965065502183406 0.052884615384615384
0 0.5720524017467249 0.14182692307692307 0.16593886462882096 0.055288461538461536
0 0.5676855895196506 0.10336538461538461 0.1965065502183406 0.0625