0 0.503030303030303 0.7716346153846154 0.24242424242424243 0.06490384615384616
0 0.5515151515151515 0.7091346153846154 0.2545454545454545 0.06009615384615385
0 0.6121212121212121 0.6634615384615384 0.20606060606060606 0.0673076923076923
0 0.6787878787878788 0.6177884615384616 0.20606060606060606 0.06971153846153846
0 0.7333333333333333 0.5769230769230769 0.18787878787878787 0.057692307692307696
0 0.7515151515151515 0.5264423076923077 0.2 0.06009615384615385
0 0.7696969696969697 0.47596153846153844 0.21212121212121213 0.052884615384615384
0 0.7515151515151515 0.43990384615384615 0.18181818181818182 0.052884615384615384
0 0.703030303030303 0.39903846153846156 0.15151515151515152 0.055288461538461536
0 0.6424242424242425 0.3701923076923077 0.16363636363636364 0.057692307692307696
0 0.503030303030303 0.31971153846153844 0.1696969696969697 0.052884615384615384
0 0.5575757575757576 0.34134615384615385 0.1696969696969697 0.06490384615384616
0 0.46060606060606063 0.2932692307692308 0.19393939393939394 0.057692307692307696
0 0.38181818181818183 0.27163461538461536 0.15757575757575756 0.057692307692307696
0 0.32727272727272727 0.2403846153846154 0.18787878787878787 0.05048076923076923