0 0.49344978165938863 0.10817307692307693 0.18340611353711792 0.06971153846153846
0 0.537117903930131 0.15384615384615385 0.17467248908296942 0.0673076923076923
0 0.5676855895196506 0.18990384615384615 0.1703056768558952 0.08413461538461539
0 0.6331877729257642 0.22596153846153846 0.1615720524017467 0.07451923076923077
0 0.6986899563318777 0.2668269230769231 0.17903930131004367 0.07451923076923077
0 0.7685589519650655 0.30288461538461536 0.18340611353711792 0.08653846153846154
0 0.8078602620087336 0.3485576923076923 0.16593886462882096 0.07451923076923077
0 0.8253275109170306 0.40865384615384615 0.17903930131004367 0.07451923076923077
0 0.8122270742358079 0.46875 0.1965065502183406 0.07692307692307693
0 0.7991266375545851 0.5216346153846154 0.19213973799126638 0.08413461538461539
0 0.7248908296943232 0.5745192307692307 0.22270742358078602 0.10096153846153846
0 0.6506550218340611 0.6322115384615384 0.2445414847161572 0.11298076923076923
0 0.5502183406113537 0.6850961538461539 0.24890829694323144 0.11298076923076923
0 0.47161572052401746 0.7475961538461539 0.2576419213973799 0.10817307692307693
0 0.42358078602620086 0.8197115384615384 0.2663755458515284 0.09134615384615384