0 0.7205240174672489 0.08653846153846154 0.2314410480349345 0.0625
0 0.7117903930131004 0.13942307692307693 0.22270742358078602 0.0625
0 0.6986899563318777 0.1778846153846154 0.22270742358078602 0.06971153846153846
0 0.6855895196506551 0.22355769230769232 0.2314410480349345 0.0625
0 0.6637554585152838 0.2620192307692308 0.23580786026200873 0.06009615384615385
0 0.6462882096069869 0.30528846153846156 0.22270742358078602 0.057692307692307696
0 0.62882096069869 0.3485576923076923 0.2445414847161572 0.06490384615384616
0 0.6026200873362445 0.39903846153846156 0.23580786026200873 0.06490384615384616
0 0.5807860262008734 0.44711538461538464 0.22707423580786026 0.06490384615384616
0 0.5458515283842795 0.49759615384615385 0.24890829694323144 0.0673076923076923
0 0.537117903930131 0.5432692307692307 0.2576419213973799 0.0625
0 0.5283842794759825 0.5961538461538461 0.27510917030567683 0.06971153846153846
0 0.519650655021834 0.6538461538461539 0.27074235807860264 0.06490384615384616
0 0.5152838427947598 0.7163461538461539 0.3231441048034934 0.07211538461538461
0 0.462882096069869 0.7740384615384616 0.3056768558951965 0.07451923076923077
0 0.40611353711790393 0.8341346153846154 0.30131004366812225 0.07451923076923077