0 0.5240174672489083 0.8701923076923077 0.33624454148471616 0.11538461538461539
0 0.4672489082969432 0.8076923076923077 0.33624454148471616 0.09615384615384616
0 0.34497816593886466 0.7475961538461539 0.40611353711790393 0.10576923076923077
0 0.3318777292576419 0.6538461538461539 0.388646288209607 0.0889423076923077
0 0.34497816593886466 0.59375 0.3406113537117904 0.07451923076923077
0 0.3406113537117904 0.5336538461538461 0.314410480349345 0.07211538461538461
0 0.3624454148471616 0.49278846153846156 0.31004366812227074 0.06490384615384616
0 0.37117903930131 0.4326923076923077 0.30131004366812225 0.057692307692307696
0 0.4017467248908297 0.3798076923076923 0.27510917030567683 0.08173076923076923
0 0.4279475982532751 0.3245192307692308 0.24890829694323144 0.0889423076923077
0 0.48034934497816595 0.2860576923076923 0.2052401746724891 0.08413461538461539
0 0.5458515283842795 0.24278846153846154 0.24017467248908297 0.07932692307692307
0 0.5938864628820961 0.19471153846153846 0.23580786026200873 0.0889423076923077
0 0.6419213973799127 0.1466346153846154 0.25327510917030566 0.08173076923076923
0 0.6593886462882096 0.09615384615384616 0.22707423580786026 0.08413461538461539