0 0.49504950495049505 0.2403846153846154 0.18811881188118812 0.026442307692307692
0 0.48514851485148514 0.2692307692307692 0.2079207920792079 0.028846153846153848
0 0.4752475247524752 0.2956730769230769 0.18811881188118812 0.03125
0 0.46534653465346537 0.3245192307692308 0.19801980198019803 0.03125
0 0.44554455445544555 0.35336538461538464 0.18811881188118812 0.03125
0 0.43564356435643564 0.38461538461538464 0.1782178217821782 0.03365384615384615
0 0.42574257425742573 0.41586538461538464 0.18811881188118812 0.036057692307692304
0 0.42574257425742573 0.44471153846153844 0.19801980198019803 0.03125
0 0.4158415841584158 0.4807692307692308 0.2079207920792079 0.038461538461538464
0 0.4158415841584158 0.5144230769230769 0.22772277227722773 0.036057692307692304
0 0.42574257425742573 0.5480769230769231 0.24752475247524752 0.040865384615384616
0 0.43564356435643564 0.5889423076923077 0.24752475247524752 0.04807692307692308
0 0.45544554455445546 0.6346153846153846 0.27722772277227725 0.04567307692307692
0 0.4752475247524752 0.6802884615384616 0.26732673267326734 0.04807692307692308
0 0.48514851485148514 0.7307692307692307 0.27722772277227725 0.052884615384615384
0 0.49504950495049505 0.78125 0.297029702970297 0.05048076923076923