0 0.4890829694323144 0.07451923076923077 0.18340611353711792 0.038461538461538464
0 0.4847161572052402 0.11298076923076923 0.17467248908296942 0.04567307692307692
0 0.48034934497816595 0.15625 0.16593886462882096 0.05048076923076923
0 0.4759825327510917 0.20192307692307693 0.18340611353711792 0.052884615384615384
0 0.4585152838427948 0.25721153846153844 0.2052401746724891 0.06971153846153846
0 0.45414847161572053 0.3125 0.2052401746724891 0.0673076923076923
0 0.4366812227074236 0.3701923076923077 0.1965065502183406 0.057692307692307696
0 0.4017467248908297 0.42788461538461536 0.1965065502183406 0.06009615384615385
0 0.38427947598253276 0.47596153846153844 0.20087336244541484 0.0625
0 0.37117903930131 0.5288461538461539 0.21397379912663755 0.06009615384615385
0 0.37117903930131 0.5769230769230769 0.2096069868995633 0.06009615384615385
0 0.3799126637554585 0.6370192307692307 0.2183406113537118 0.0625
0 0.4104803493449782 0.6971153846153846 0.2183406113537118 0.06971153846153846
0 0.4410480349344978 0.7692307692307693 0.23580786026200873 0.06971153846153846
0 0.462882096069869 0.84375 0.2663755458515284 0.08173076923076923
0 0.4585152838427948 0.9158653846153846 0.3231441048034934 0.08173076923076923