0 0.537117903930131 0.10096153846153846 0.27074235807860264 0.0625
0 0.519650655021834 0.14903846153846154 0.23580786026200873 0.055288461538461536
0 0.5065502183406113 0.19471153846153846 0.2183406113537118 0.055288461538461536
0 0.5021834061135371 0.23317307692307693 0.2314410480349345 0.057692307692307696
0 0.4978165938864629 0.27884615384615385 0.23580786026200873 0.06490384615384616
0 0.5021834061135371 0.3293269230769231 0.24890829694323144 0.06009615384615385
0 0.5021834061135371 0.37740384615384615 0.23580786026200873 0.057692307692307696
0 0.4978165938864629 0.4206730769230769 0.2314410480349345 0.06490384615384616
0 0.4978165938864629 0.47115384615384615 0.2576419213973799 0.06490384615384616
0 0.5021834061135371 0.5288461538461539 0.27074235807860264 0.0625
0 0.5065502183406113 0.5889423076923077 0.29694323144104806 0.06009615384615385
0 0.519650655021834 0.65625 0.2794759825327511 0.06971153846153846
0 0.5327510917030568 0.71875 0.3056768558951965 0.0625
0 0.537117903930131 0.7716346153846154 0.314410480349345 0.06971153846153846
0 0.5589519650655022 0.84375 0.3231441048034934 0.06971153846153846