0 0.45414847161572053 0.8966346153846154 0.25327510917030566 0.07932692307692307
0 0.4497816593886463 0.8100961538461539 0.25327510917030566 0.07932692307692307
0 0.4759825327510917 0.7403846153846154 0.27510917030567683 0.08653846153846154
0 0.49344978165938863 0.6754807692307693 0.2183406113537118 0.08413461538461539
0 0.5152838427947598 0.6033653846153846 0.1965065502183406 0.08653846153846154
0 0.5633187772925764 0.5480769230769231 0.22270742358078602 0.09615384615384616
0 0.62882096069869 0.49278846153846156 0.19213973799126638 0.08413461538461539
0 0.6855895196506551 0.43990384615384615 0.20087336244541484 0.07211538461538461
0 0.7336244541484717 0.37740384615384615 0.19213973799126638 0.07211538461538461
0 0.7379912663755459 0.3293269230769231 0.18777292576419213 0.0625
0 0.7074235807860262 0.2764423076923077 0.22270742358078602 0.07451923076923077
0 0.6506550218340611 0.23557692307692307 0.22270742358078602 0.11298076923076923
0 0.5589519650655022 0.20192307692307693 0.18340611353711792 0.09375
0 0.49344978165938863 0.17307692307692307 0.2096069868995633 0.0889423076923077
0 0.45414847161572053 0.1346153846153846 0.20087336244541484 0.0625
0 0.42358078602620086 0.10336538461538461 0.22707423580786026 0.052884615384615384