0 0.40939597315436244 0.7908653846153846 0.28859060402684567 0.052884615384615384
0 0.37583892617449666 0.75 0.2953020134228188 0.05048076923076923
0 0.3422818791946309 0.6971153846153846 0.28859060402684567 0.04807692307692308
0 0.3221476510067114 0.6370192307692307 0.26174496644295303 0.06490384615384616
0 0.35570469798657717 0.5841346153846154 0.2751677852348993 0.0625
0 0.42953020134228187 0.5360576923076923 0.22818791946308725 0.0625
0 0.4966442953020134 0.49038461538461536 0.2214765100671141 0.06009615384615385
0 0.5704697986577181 0.4495192307692308 0.21476510067114093 0.057692307692307696
0 0.610738255033557 0.40865384615384615 0.18791946308724833 0.038461538461538464
0 0.6375838926174496 0.36778846153846156 0.19463087248322147 0.04567307692307692
0 0.6308724832214765 0.33653846153846156 0.18791946308724833 0.04326923076923077
0 0.5906040268456376 0.30528846153846156 0.18120805369127516 0.04807692307692308
0 0.5234899328859061 0.2764423076923077 0.18791946308724833 0.05048076923076923
0 0.4563758389261745 0.25 0.18120805369127516 0.04326923076923077
0 0.40268456375838924 0.2283653846153846 0.1610738255033557 0.04326923076923077
0 0.3691275167785235 0.20192307692307693 0.18120805369127516 0.036057692307692304
0 0.3422818791946309 0.17307692307692307 0.174496644295302 0.036057692307692304