0 0.4847161572052402 0.021634615384615384 0.1965065502183406 0.038461538461538464
0 0.48034934497816595 0.052884615384615384 0.1965065502183406 0.04326923076923077
0 0.48034934497816595 0.0889423076923077 0.1965065502183406 0.04807692307692308
0 0.4847161572052402 0.12740384615384615 0.19213973799126638 0.05048076923076923
0 0.5021834061135371 0.16826923076923078 0.19213973799126638 0.052884615384615384
0 0.519650655021834 0.21394230769230768 0.1965065502183406 0.06009615384615385
0 0.5502183406113537 0.25961538461538464 0.1965065502183406 0.052884615384615384
0 0.5720524017467249 0.31009615384615385 0.21397379912663755 0.0673076923076923
0 0.5982532751091703 0.3605769230769231 0.2052401746724891 0.055288461538461536
0 0.5982532751091703 0.41346153846153844 0.2096069868995633 0.057692307692307696
0 0.5807860262008734 0.46634615384615385 0.22270742358078602 0.06490384615384616
0 0.5545851528384279 0.5216346153846154 0.2314410480349345 0.07692307692307693
0 0.4978165938864629 0.5865384615384616 0.25327510917030566 0.07451923076923077
0 0.4672489082969432 0.6514423076923077 0.2576419213973799 0.06971153846153846
0 0.48034934497816595 0.7067307692307693 0.2576419213973799 0.0673076923076923
0 0.4890829694323144 0.7692307692307693 0.27074235807860264 0.07932692307692307
0 0.5545851528384279 0.8341346153846154 0.2925764192139738 0.08173076923076923
0 0.5895196506550219 0.90625 0.3231441048034934 0.08653846153846154