0 0.5633187772925764 0.8389423076923077 0.33624454148471616 0.06971153846153846
0 0.48034934497816595 0.7572115384615384 0.3406113537117904 0.06971153846153846
0 0.4104803493449782 0.6947115384615384 0.31004366812227074 0.07692307692307693
0 0.37117903930131 0.6346153846153846 0.30131004366812225 0.06971153846153846
0 0.3537117903930131 0.5697115384615384 0.29694323144104806 0.07211538461538461
0 0.3930131004366812 0.5144230769230769 0.29694323144104806 0.06971153846153846
0 0.4104803493449782 0.4567307692307692 0.3056768558951965 0.057692307692307696
0 0.4759825327510917 0.39903846153846156 0.314410480349345 0.052884615384615384
0 0.4890829694323144 0.34615384615384615 0.26200873362445415 0.057692307692307696
0 0.4890829694323144 0.2956730769230769 0.27074235807860264 0.06009615384615385
0 0.47161572052401746 0.24278846153846154 0.23580786026200873 0.057692307692307696
0 0.4410480349344978 0.19471153846153846 0.22707423580786026 0.055288461538461536
0 0.40611353711790393 0.14182692307692307 0.18777292576419213 0.04567307692307692
0 0.3930131004366812 0.09615384615384616 0.19213973799126638 0.04326923076923077
0 0.4104803493449782 0.057692307692307696 0.18777292576419213 0.036057692307692304