0 0.4847161572052402 0.04567307692307692 0.21397379912663755 0.04326923076923077
0 0.49344978165938863 0.08413461538461539 0.21397379912663755 0.04326923076923077
0 0.5109170305676856 0.12740384615384615 0.2096069868995633 0.052884615384615384
0 0.519650655021834 0.1658653846153846 0.2096069868995633 0.04807692307692308
0 0.5633187772925764 0.20432692307692307 0.22707423580786026 0.055288461538461536
0 0.6157205240174672 0.2403846153846154 0.22270742358078602 0.057692307692307696
0 0.6724890829694323 0.28125 0.24890829694323144 0.057692307692307696
0 0.7117903930131004 0.3269230769230769 0.2314410480349345 0.06490384615384616
0 0.7292576419213974 0.3798076923076923 0.22707423580786026 0.0625
0 0.7074235807860262 0.4254807692307692 0.24890829694323144 0.0625
0 0.6244541484716157 0.4735576923076923 0.2663755458515284 0.07692307692307693
0 0.5458515283842795 0.5288461538461539 0.28820960698689957 0.08413461538461539
0 0.48034934497816595 0.5841346153846154 0.2794759825327511 0.08173076923076923
0 0.4279475982532751 0.6514423076923077 0.2663755458515284 0.0889423076923077
0 0.3930131004366812 0.7211538461538461 0.28820960698689957 0.08413461538461539
0 0.4104803493449782 0.7836538461538461 0.31004366812227074 0.07692307692307693
0 0.45414847161572053 0.84375 0.35807860262008734 0.08173076923076923