0 0.49099099099099097 0.1778846153846154 0.08108108108108109 0.026442307692307692
0 0.481981981981982 0.20673076923076922 0.08108108108108109 0.026442307692307692
0 0.481981981981982 0.23798076923076922 0.09009009009009009 0.026442307692307692
0 0.49099099099099097 0.2668269230769231 0.1036036036036036 0.028846153846153848
0 0.5180180180180181 0.2932692307692308 0.0945945945945946 0.03125
0 0.5495495495495496 0.32211538461538464 0.1036036036036036 0.03365384615384615
0 0.5720720720720721 0.3605769230769231 0.11261261261261261 0.03365384615384615
0 0.5765765765765766 0.39663461538461536 0.12612612612612611 0.03125
0 0.5630630630630631 0.4206730769230769 0.12162162162162163 0.036057692307692304
0 0.5315315315315315 0.4543269230769231 0.13063063063063063 0.036057692307692304
0 0.509009009009009 0.49278846153846156 0.12612612612612611 0.038461538461538464
0 0.481981981981982 0.5360576923076923 0.13513513513513514 0.040865384615384616
0 0.481981981981982 0.5841346153846154 0.13513513513513514 0.040865384615384616
0 0.481981981981982 0.6346153846153846 0.14414414414414414 0.04567307692307692
0 0.5 0.6850961538461539 0.15315315315315314 0.04807692307692308
0 0.5225225225225225 0.7379807692307693 0.16666666666666666 0.04567307692307692