0 0.48917748917748916 0.18990384615384615 0.09090909090909091 0.03125
0 0.47619047619047616 0.21394230769230768 0.11255411255411256 0.03365384615384615
0 0.46320346320346323 0.23798076923076922 0.09523809523809523 0.038461538461538464
0 0.46320346320346323 0.2668269230769231 0.1038961038961039 0.03365384615384615
0 0.46320346320346323 0.2956730769230769 0.11688311688311688 0.036057692307692304
0 0.47619047619047616 0.33653846153846156 0.09956709956709957 0.040865384615384616
0 0.48484848484848486 0.36778846153846156 0.1038961038961039 0.038461538461538464
0 0.4675324675324675 0.40384615384615385 0.10822510822510822 0.038461538461538464
0 0.45454545454545453 0.43990384615384615 0.10822510822510822 0.04567307692307692
0 0.43722943722943725 0.4735576923076923 0.10822510822510822 0.052884615384615384
0 0.4025974025974026 0.5120192307692307 0.11688311688311688 0.057692307692307696
0 0.36796536796536794 0.5504807692307693 0.1038961038961039 0.0625
0 0.341991341991342 0.5913461538461539 0.12121212121212122 0.05048076923076923
0 0.33766233766233766 0.6394230769230769 0.11688311688311688 0.04807692307692308
0 0.3463203463203463 0.6875 0.13852813852813853 0.052884615384615384
0 0.48917748917748916 0.16826923076923078 0.10822510822510822 0.03125