0 0.39737991266375544 0.04567307692307692 0.20087336244541484 0.04807692307692308
0 0.39737991266375544 0.08653846153846154 0.20087336244541484 0.057692307692307696
0 0.40611353711790393 0.125 0.2096069868995633 0.05048076923076923
0 0.43231441048034935 0.17307692307692307 0.2096069868995633 0.057692307692307696
0 0.45414847161572053 0.22115384615384615 0.2183406113537118 0.057692307692307696
0 0.4978165938864629 0.2668269230769231 0.21397379912663755 0.057692307692307696
0 0.537117903930131 0.31009615384615385 0.2052401746724891 0.057692307692307696
0 0.5851528384279476 0.35336538461538464 0.24890829694323144 0.057692307692307696
0 0.6550218340611353 0.39663461538461536 0.25327510917030566 0.0673076923076923
0 0.7467248908296943 0.4375 0.26200873362445415 0.07211538461538461
0 0.8122270742358079 0.4855769230769231 0.27074235807860264 0.06971153846153846
0 0.8471615720524017 0.5336538461538461 0.2794759825327511 0.07932692307692307
0 0.8296943231441049 0.5961538461538461 0.28820960698689957 0.07692307692307693
0 0.7510917030567685 0.6442307692307693 0.29694323144104806 0.0889423076923077
0 0.6200873362445415 0.6826923076923077 0.27510917030567683 0.07692307692307693
0 0.4978165938864629 0.7283653846153846 0.2925764192139738 0.0889423076923077
0 0.4017467248908297 0.7788461538461539 0.28820960698689957 0.07932692307692307
0 0.37117903930131 0.8245192307692307 0.29694323144104806 0.07451923076923077
0 0.3537117903930131 0.8774038461538461 0.3231441048034934 0.08173076923076923