0 0.4672489082969432 0.07692307692307693 0.2663755458515284 0.05048076923076923
0 0.4890829694323144 0.12259615384615384 0.28820960698689957 0.057692307692307696
0 0.4890829694323144 0.15865384615384615 0.27510917030567683 0.06490384615384616
0 0.519650655021834 0.20673076923076922 0.3231441048034934 0.0673076923076923
0 0.537117903930131 0.24278846153846154 0.3624454148471616 0.06490384615384616
0 0.5764192139737991 0.2956730769230769 0.3537117903930131 0.057692307692307696
0 0.5676855895196506 0.34615384615384615 0.34934497816593885 0.0625
0 0.5589519650655022 0.3918269230769231 0.3231441048034934 0.057692307692307696
0 0.5327510917030568 0.4423076923076923 0.3056768558951965 0.06009615384615385
0 0.4847161572052402 0.5 0.3231441048034934 0.06971153846153846
0 0.4192139737991266 0.5504807692307693 0.34497816593886466 0.07451923076923077
0 0.39737991266375544 0.6057692307692307 0.34934497816593885 0.07932692307692307
0 0.40611353711790393 0.6634615384615384 0.34934497816593885 0.07932692307692307
0 0.4410480349344978 0.7331730769230769 0.4017467248908297 0.07451923076923077
0 0.4890829694323144 0.7980769230769231 0.40611353711790393 0.08173076923076923