0 0.5283842794759825 0.9278846153846154 0.4192139737991266 0.07451923076923077
0 0.4759825327510917 0.8677884615384616 0.38427947598253276 0.08653846153846154
0 0.37554585152838427 0.7956730769230769 0.32751091703056767 0.08173076923076923
0 0.32751091703056767 0.7355769230769231 0.27510917030567683 0.06490384615384616
0 0.3318777292576419 0.6634615384615384 0.2925764192139738 0.07932692307692307
0 0.37554585152838427 0.5913461538461539 0.31004366812227074 0.07692307692307693
0 0.4366812227074236 0.5336538461538461 0.25327510917030566 0.07692307692307693
0 0.4978165938864629 0.47115384615384615 0.2445414847161572 0.0625
0 0.5502183406113537 0.42788461538461536 0.24890829694323144 0.07932692307692307
0 0.5807860262008734 0.375 0.2576419213973799 0.06490384615384616
0 0.5589519650655022 0.31971153846153844 0.2445414847161572 0.057692307692307696
0 0.5283842794759825 0.2764423076923077 0.2576419213973799 0.0673076923076923
0 0.47161572052401746 0.22115384615384615 0.21397379912663755 0.0625
0 0.43231441048034935 0.16346153846153846 0.2314410480349345 0.06971153846153846
0 0.4148471615720524 0.125 0.23580786026200873 0.04807692307692308