0 0.4279475982532751 0.04326923076923077 0.25327510917030566 0.05048076923076923
0 0.4279475982532751 0.0889423076923077 0.25327510917030566 0.06490384615384616
0 0.44541484716157204 0.13701923076923078 0.2663755458515284 0.07211538461538461
0 0.4410480349344978 0.18509615384615385 0.2445414847161572 0.07211538461538461
0 0.48034934497816595 0.2403846153846154 0.2794759825327511 0.08413461538461539
0 0.5021834061135371 0.2932692307692308 0.31004366812227074 0.07211538461538461
0 0.5065502183406113 0.33653846153846156 0.3056768558951965 0.07451923076923077
0 0.5109170305676856 0.4014423076923077 0.3231441048034934 0.07692307692307693
0 0.5240174672489083 0.4519230769230769 0.3231441048034934 0.08173076923076923
0 0.5720524017467249 0.47596153846153844 0.28820960698689957 0.08413461538461539
0 0.5982532751091703 0.5288461538461539 0.3318777292576419 0.0673076923076923
0 0.6026200873362445 0.5865384615384616 0.3231441048034934 0.07692307692307693
0 0.5851528384279476 0.6466346153846154 0.30131004366812225 0.07692307692307693
0 0.5327510917030568 0.7235576923076923 0.30131004366812225 0.09134615384615384
0 0.5327510917030568 0.8004807692307693 0.2925764192139738 0.08173076923076923