0 0.5021834061135371 0.07932692307692307 0.22270742358078602 0.055288461538461536
0 0.4978165938864629 0.12980769230769232 0.2183406113537118 0.0625
0 0.5065502183406113 0.17307692307692307 0.2096069868995633 0.06009615384615385
0 0.4978165938864629 0.22596153846153846 0.22270742358078602 0.0673076923076923
0 0.5021834061135371 0.28125 0.2183406113537118 0.055288461538461536
0 0.5109170305676856 0.3317307692307692 0.22270742358078602 0.0625
0 0.519650655021834 0.38221153846153844 0.22270742358078602 0.06490384615384616
0 0.5327510917030568 0.43028846153846156 0.2445414847161572 0.07211538461538461
0 0.5327510917030568 0.49038461538461536 0.26200873362445415 0.08173076923076923
0 0.5458515283842795 0.5528846153846154 0.27510917030567683 0.07211538461538461
0 0.5589519650655022 0.6201923076923077 0.3056768558951965 0.08173076923076923
0 0.5895196506550219 0.6730769230769231 0.33624454148471616 0.0673076923076923
0 0.5982532751091703 0.7379807692307693 0.3231441048034934 0.07211538461538461
0 0.5938864628820961 0.7884615384615384 0.35807860262008734 0.07451923076923077
0 0.5720524017467249 0.8509615384615384 0.36681222707423583 0.08653846153846154