0 0.4366812227074236 0.040865384615384616 0.2183406113537118 0.052884615384615384
0 0.42358078602620086 0.0889423076923077 0.2183406113537118 0.055288461538461536
0 0.4279475982532751 0.13701923076923078 0.22270742358078602 0.06009615384615385
0 0.43231441048034935 0.1778846153846154 0.2183406113537118 0.057692307692307696
0 0.4672489082969432 0.2283653846153846 0.2183406113537118 0.057692307692307696
0 0.49344978165938863 0.27403846153846156 0.2314410480349345 0.06009615384615385
0 0.5283842794759825 0.31971153846153844 0.2314410480349345 0.057692307692307696
0 0.5502183406113537 0.36538461538461536 0.25327510917030566 0.0625
0 0.6157205240174672 0.41346153846153844 0.2663755458515284 0.07211538461538461
0 0.6943231441048034 0.45913461538461536 0.26200873362445415 0.06971153846153846
0 0.7685589519650655 0.5072115384615384 0.27510917030567683 0.07211538461538461
0 0.8209606986899564 0.5721153846153846 0.28820960698689957 0.08173076923076923
0 0.8034934497816594 0.6394230769230769 0.29694323144104806 0.0889423076923077
0 0.74235807860262 0.7019230769230769 0.29694323144104806 0.08413461538461539
0 0.6331877729257642 0.7620192307692307 0.2925764192139738 0.10336538461538461
0 0.4978165938864629 0.8317307692307693 0.28820960698689957 0.11538461538461539
0 0.42358078602620086 0.9038461538461539 0.35807860262008734 0.10576923076923077