0 0.5109170305676856 0.9158653846153846 0.34934497816593885 0.0889423076923077
0 0.5109170305676856 0.84375 0.26200873362445415 0.07451923076923077
0 0.5021834061135371 0.7644230769230769 0.27074235807860264 0.0673076923076923
0 0.5065502183406113 0.6923076923076923 0.26200873362445415 0.07692307692307693
0 0.5240174672489083 0.6298076923076923 0.23580786026200873 0.0673076923076923
0 0.5502183406113537 0.5649038461538461 0.2445414847161572 0.0673076923076923
0 0.5764192139737991 0.5120192307692307 0.2445414847161572 0.057692307692307696
0 0.5982532751091703 0.46153846153846156 0.24017467248908297 0.04326923076923077
0 0.6244541484716157 0.4014423076923077 0.2096069868995633 0.057692307692307696
0 0.6200873362445415 0.3557692307692308 0.18340611353711792 0.057692307692307696
0 0.5982532751091703 0.3004807692307692 0.18340611353711792 0.04567307692307692
0 0.537117903930131 0.2644230769230769 0.17903930131004367 0.057692307692307696
0 0.4978165938864629 0.2283653846153846 0.16593886462882096 0.04567307692307692
0 0.4497816593886463 0.1875 0.17903930131004367 0.04567307692307692
0 0.43231441048034935 0.13942307692307693 0.17903930131004367 0.05048076923076923
0 0.4192139737991266 0.0985576923076923 0.1965065502183406 0.04807692307692308