0 0.4192139737991266 0.11778846153846154 0.1703056768558952 0.04567307692307692
0 0.4192139737991266 0.15865384615384615 0.1615720524017467 0.04567307692307692
0 0.43231441048034935 0.20192307692307693 0.17467248908296942 0.057692307692307696
0 0.4497816593886463 0.24519230769230768 0.16593886462882096 0.06009615384615385
0 0.4672489082969432 0.28846153846153844 0.1572052401746725 0.057692307692307696
0 0.48034934497816595 0.34134615384615385 0.1615720524017467 0.057692307692307696
0 0.48034934497816595 0.3894230769230769 0.17903930131004367 0.057692307692307696
0 0.4672489082969432 0.4423076923076923 0.1965065502183406 0.06009615384615385
0 0.44541484716157204 0.4951923076923077 0.2052401746724891 0.06009615384615385
0 0.42358078602620086 0.5528846153846154 0.21397379912663755 0.0625
0 0.4148471615720524 0.6153846153846154 0.22270742358078602 0.07211538461538461
0 0.4366812227074236 0.6826923076923077 0.22707423580786026 0.08173076923076923
0 0.4890829694323144 0.7403846153846154 0.23580786026200873 0.08413461538461539
0 0.5458515283842795 0.8028846153846154 0.25327510917030566 0.08173076923076923
0 0.5895196506550219 0.875 0.24890829694323144 0.07692307692307693