0 0.5220588235294118 0.07692307692307693 0.19852941176470587 0.036057692307692304
0 0.5220588235294118 0.10576923076923077 0.19852941176470587 0.036057692307692304
0 0.5441176470588235 0.1346153846153846 0.19852941176470587 0.04326923076923077
0 0.5514705882352942 0.1658653846153846 0.20588235294117646 0.040865384615384616
0 0.5735294117647058 0.1971153846153846 0.22058823529411764 0.04326923076923077
0 0.5882352941176471 0.23076923076923078 0.21323529411764705 0.04326923076923077
0 0.6176470588235294 0.27163461538461536 0.19117647058823528 0.05048076923076923
0 0.6323529411764706 0.3076923076923077 0.19852941176470587 0.04326923076923077
0 0.625 0.34375 0.21323529411764705 0.04326923076923077
0 0.6029411764705882 0.38221153846153844 0.19117647058823528 0.055288461538461536
0 0.5661764705882353 0.4254807692307692 0.20588235294117646 0.052884615384615384
0 0.5220588235294118 0.46634615384615385 0.22058823529411764 0.06490384615384616
0 0.4852941176470588 0.5096153846153846 0.23529411764705882 0.052884615384615384
0 0.4852941176470588 0.5600961538461539 0.25 0.06009615384615385
0 0.49264705882352944 0.6105769230769231 0.25735294117647056 0.06971153846153846
0 0.5220588235294118 0.6706730769230769 0.2647058823529412 0.06971153846153846
0 0.5661764705882353 0.71875 0.29411764705882354 0.0673076923076923
0 0.6102941176470589 0.78125 0.3014705882352941 0.05048076923076923