0 0.5181818181818182 0.7331730769230769 0.2 0.028846153846153848
0 0.4727272727272727 0.6995192307692307 0.20909090909090908 0.03365384615384615
0 0.41818181818181815 0.6538461538461539 0.23636363636363636 0.040865384615384616
0 0.38181818181818183 0.6081730769230769 0.23636363636363636 0.04326923076923077
0 0.4 0.5649038461538461 0.22727272727272727 0.04567307692307692
0 0.4090909090909091 0.5336538461538461 0.22727272727272727 0.038461538461538464
0 0.44545454545454544 0.5048076923076923 0.18181818181818182 0.038461538461538464
0 0.4909090909090909 0.4735576923076923 0.17272727272727273 0.036057692307692304
0 0.5181818181818182 0.44711538461538464 0.16363636363636364 0.026442307692307692
0 0.5363636363636364 0.4182692307692308 0.12727272727272726 0.02403846153846154
0 0.5272727272727272 0.3894230769230769 0.16363636363636364 0.028846153846153848
0 0.5181818181818182 0.3605769230769231 0.13636363636363635 0.026442307692307692
0 0.509090909090909 0.33653846153846156 0.15454545454545454 0.026442307692307692
0 0.4909090909090909 0.31009615384615385 0.15454545454545454 0.026442307692307692
0 0.4909090909090909 0.2860576923076923 0.15454545454545454 0.028846153846153848
0 0.4818181818181818 0.2620192307692308 0.14545454545454545 0.028846153846153848