0 0.5545851528384279 0.038461538461538464 0.27510917030567683 0.05048076923076923
0 0.5764192139737991 0.07692307692307693 0.26200873362445415 0.055288461538461536
0 0.6244541484716157 0.11298076923076923 0.24890829694323144 0.055288461538461536
0 0.6506550218340611 0.15865384615384615 0.2576419213973799 0.06490384615384616
0 0.6855895196506551 0.18990384615384615 0.24017467248908297 0.06009615384615385
0 0.7554585152838428 0.24759615384615385 0.27074235807860264 0.0625
0 0.7860262008733624 0.30288461538461536 0.2794759825327511 0.07451923076923077
0 0.7947598253275109 0.35336538461538464 0.26200873362445415 0.0673076923076923
0 0.777292576419214 0.4110576923076923 0.2663755458515284 0.07932692307692307
0 0.7292576419213974 0.46634615384615385 0.24890829694323144 0.08653846153846154
0 0.6593886462882096 0.5216346153846154 0.3231441048034934 0.07932692307692307
0 0.5414847161572053 0.5769230769230769 0.27074235807860264 0.08413461538461539
0 0.4410480349344978 0.6322115384615384 0.28820960698689957 0.0889423076923077
0 0.38427947598253276 0.6971153846153846 0.27510917030567683 0.07451923076923077
0 0.3624454148471616 0.7644230769230769 0.28820960698689957 0.06971153846153846
0 0.37554585152838427 0.8365384615384616 0.314410480349345 0.07692307692307693
0 0.4192139737991266 0.90625 0.3537117903930131 0.08413461538461539