0 0.639344262295082 0.6826923076923077 0.20218579234972678 0.036057692307692304
0 0.644808743169399 0.6394230769230769 0.1912568306010929 0.036057692307692304
0 0.6174863387978142 0.5913461538461539 0.1912568306010929 0.03365384615384615
0 0.5792349726775956 0.5408653846153846 0.19672131147540983 0.036057692307692304
0 0.5683060109289617 0.5 0.17486338797814208 0.028846153846153848
0 0.5628415300546448 0.45913461538461536 0.14754098360655737 0.028846153846153848
0 0.5628415300546448 0.4182692307692308 0.14207650273224043 0.03125
0 0.5683060109289617 0.3870192307692308 0.16393442622950818 0.028846153846153848
0 0.5519125683060109 0.35336538461538464 0.18032786885245902 0.02403846153846154
0 0.546448087431694 0.32211538461538464 0.16393442622950818 0.026442307692307692
0 0.5136612021857924 0.2956730769230769 0.14754098360655737 0.02403846153846154
0 0.47540983606557374 0.2668269230769231 0.15846994535519127 0.02403846153846154
0 0.4262295081967213 0.24519230769230768 0.18579234972677597 0.028846153846153848
0 0.3989071038251366 0.21875 0.17486338797814208 0.026442307692307692
0 0.37158469945355194 0.19471153846153846 0.16939890710382513 0.021634615384615384
0 0.32786885245901637 0.16826923076923078 0.16939890710382513 0.019230769230769232