0 0.4315068493150685 0.2692307692307692 0.1095890410958904 0.021634615384615384
0 0.4383561643835616 0.29086538461538464 0.11643835616438356 0.028846153846153848
0 0.4520547945205479 0.3173076923076923 0.10273972602739725 0.021634615384615384
0 0.4589041095890411 0.33413461538461536 0.10273972602739725 0.02403846153846154
0 0.4726027397260274 0.3557692307692308 0.1095890410958904 0.026442307692307692
0 0.4863013698630137 0.3798076923076923 0.1095890410958904 0.026442307692307692
0 0.5 0.4014423076923077 0.11643835616438356 0.026442307692307692
0 0.5068493150684932 0.42788461538461536 0.136986301369863 0.028846153846153848
0 0.4931506849315068 0.4543269230769231 0.11643835616438356 0.026442307692307692
0 0.4863013698630137 0.47836538461538464 0.1232876712328767 0.026442307692307692
0 0.4657534246575342 0.5048076923076923 0.14383561643835616 0.03365384615384615
0 0.4383561643835616 0.5336538461538461 0.14383561643835616 0.036057692307692304
0 0.4246575342465753 0.5673076923076923 0.15753424657534246 0.038461538461538464
0 0.410958904109589 0.6033653846153846 0.1506849315068493 0.036057692307692304
0 0.4178082191780822 0.6442307692307693 0.15753424657534246 0.040865384615384616
0 0.4452054794520548 0.6826923076923077 0.18493150684931506 0.04807692307692308