0 0.423728813559322 0.13701923076923078 0.23728813559322035 0.03365384615384615
0 0.4491525423728814 0.17067307692307693 0.23728813559322035 0.040865384615384616
0 0.5338983050847458 0.20192307692307693 0.2711864406779661 0.055288461538461536
0 0.6101694915254238 0.22596153846153846 0.2627118644067797 0.0625
0 0.7033898305084746 0.25 0.3050847457627119 0.06009615384615385
0 0.788135593220339 0.28125 0.3135593220338983 0.052884615384615384
0 0.7966101694915254 0.3293269230769231 0.2966101694915254 0.04567307692307692
0 0.7711864406779662 0.3581730769230769 0.2711864406779661 0.05048076923076923
0 0.6949152542372882 0.39663461538461536 0.2796610169491525 0.0673076923076923
0 0.559322033898305 0.42788461538461536 0.2711864406779661 0.08173076923076923
0 0.4322033898305085 0.47115384615384615 0.288135593220339 0.06971153846153846
0 0.3389830508474576 0.5144230769230769 0.288135593220339 0.06971153846153846
0 0.3135593220338983 0.5697115384615384 0.3135593220338983 0.055288461538461536
0 0.3389830508474576 0.6274038461538461 0.3389830508474576 0.06490384615384616
0 0.4152542372881356 0.6850961538461539 0.3644067796610169 0.07451923076923077
0 0.4830508474576271 0.7283653846153846 0.3728813559322034 0.06009615384615385