0 0.4642857142857143 0.21153846153846154 0.1875 0.021634615384615384
0 0.4642857142857143 0.23557692307692307 0.17857142857142858 0.021634615384615384
0 0.4642857142857143 0.25961538461538464 0.15178571428571427 0.02403846153846154
0 0.4642857142857143 0.28365384615384615 0.14285714285714285 0.026442307692307692
0 0.4732142857142857 0.3076923076923077 0.13392857142857142 0.028846153846153848
0 0.49107142857142855 0.33653846153846156 0.13392857142857142 0.028846153846153848
0 0.5089285714285714 0.36538461538461536 0.14285714285714285 0.03125
0 0.5178571428571429 0.3942307692307692 0.15178571428571427 0.028846153846153848
0 0.5267857142857143 0.4230769230769231 0.15178571428571427 0.03365384615384615
0 0.5357142857142857 0.4543269230769231 0.14285714285714285 0.03125
0 0.5357142857142857 0.4831730769230769 0.16071428571428573 0.028846153846153848
0 0.5446428571428571 0.5192307692307693 0.16964285714285715 0.03365384615384615
0 0.5267857142857143 0.5552884615384616 0.20535714285714285 0.040865384615384616
0 0.48214285714285715 0.5913461538461539 0.21428571428571427 0.04807692307692308
0 0.4107142857142857 0.6298076923076923 0.19642857142857142 0.04807692307692308
0 0.36607142857142855 0.6658653846153846 0.20535714285714285 0.040865384615384616
0 0.39285714285714285 0.7043269230769231 0.23214285714285715 0.038461538461538464
0 0.41964285714285715 0.7331730769230769 0.2857142857142857 0.03125