0 0.48034934497816595 0.05048076923076923 0.2794759825327511 0.057692307692307696
0 0.4890829694323144 0.0985576923076923 0.24890829694323144 0.0625
0 0.4978165938864629 0.1466346153846154 0.23580786026200873 0.055288461538461536
0 0.537117903930131 0.19230769230769232 0.24890829694323144 0.055288461538461536
0 0.5764192139737991 0.2283653846153846 0.24890829694323144 0.06009615384615385
0 0.611353711790393 0.2764423076923077 0.26200873362445415 0.06490384615384616
0 0.6506550218340611 0.3245192307692308 0.2445414847161572 0.06490384615384616
0 0.6724890829694323 0.375 0.24017467248908297 0.06490384615384616
0 0.6943231441048034 0.43028846153846156 0.25327510917030566 0.06490384615384616
0 0.6593886462882096 0.4831730769230769 0.27510917030567683 0.06971153846153846
0 0.6069868995633187 0.5336538461538461 0.28820960698689957 0.08173076923076923
0 0.5458515283842795 0.5913461538461539 0.314410480349345 0.09375
0 0.4497816593886463 0.6514423076923077 0.2925764192139738 0.09134615384615384
0 0.3799126637554585 0.7163461538461539 0.33624454148471616 0.08413461538461539
0 0.3406113537117904 0.7884615384615384 0.32751091703056767 0.08413461538461539
0 0.3624454148471616 0.8629807692307693 0.3537117903930131 0.0889423076923077
0 0.3930131004366812 0.9254807692307693 0.3624454148471616 0.07932692307692307