0 0.46190476190476193 0.1346153846153846 0.11904761904761904 0.03125
0 0.46190476190476193 0.16105769230769232 0.10476190476190476 0.036057692307692304
0 0.47619047619047616 0.19230769230769232 0.10476190476190476 0.04326923076923077
0 0.49523809523809526 0.22115384615384615 0.11428571428571428 0.04807692307692308
0 0.5142857142857142 0.25240384615384615 0.12380952380952381 0.052884615384615384
0 0.5476190476190477 0.27884615384615385 0.14761904761904762 0.04567307692307692
0 0.5619047619047619 0.3076923076923077 0.15714285714285714 0.04326923076923077
0 0.5761904761904761 0.34375 0.14761904761904762 0.04326923076923077
0 0.5761904761904761 0.3798076923076923 0.14761904761904762 0.05048076923076923
0 0.5571428571428572 0.4110576923076923 0.13333333333333333 0.05048076923076923
0 0.5142857142857142 0.44471153846153844 0.12857142857142856 0.055288461538461536
0 0.4714285714285714 0.4807692307692308 0.14761904761904762 0.057692307692307696
0 0.42857142857142855 0.5168269230769231 0.1523809523809524 0.052884615384615384
0 0.3952380952380952 0.5600961538461539 0.1619047619047619 0.057692307692307696
0 0.3904761904761905 0.6009615384615384 0.15714285714285714 0.038461538461538464
0 0.3904761904761905 0.6394230769230769 0.1761904761904762 0.038461538461538464