0 0.3624454148471616 0.09615384615384616 0.2052401746724891 0.04807692307692308
0 0.40611353711790393 0.1466346153846154 0.22707423580786026 0.06009615384615385
0 0.4672489082969432 0.1875 0.2925764192139738 0.0625
0 0.49344978165938863 0.23317307692307693 0.31004366812227074 0.06490384615384616
0 0.519650655021834 0.28846153846153844 0.31004366812227074 0.0673076923076923
0 0.49344978165938863 0.34615384615384615 0.2838427947598253 0.07211538461538461
0 0.4890829694323144 0.40625 0.29694323144104806 0.08413461538461539
0 0.43231441048034935 0.4639423076923077 0.2794759825327511 0.08653846153846154
0 0.3930131004366812 0.5408653846153846 0.2794759825327511 0.08653846153846154
0 0.3624454148471616 0.6009615384615384 0.3318777292576419 0.09134615384615384
0 0.3624454148471616 0.6658653846153846 0.33624454148471616 0.08413461538461539
0 0.37554585152838427 0.7355769230769231 0.33624454148471616 0.08173076923076923
0 0.43231441048034935 0.8004807692307693 0.33624454148471616 0.07932692307692307
0 0.4890829694323144 0.8557692307692307 0.32751091703056767 0.07451923076923077
0 0.5502183406113537 0.9182692307692307 0.3624454148471616 0.09615384615384616