0 0.45414847161572053 0.9375 0.4104803493449782 0.07211538461538461
0 0.4585152838427948 0.8774038461538461 0.35807860262008734 0.06971153846153846
0 0.4585152838427948 0.8221153846153846 0.314410480349345 0.0625
0 0.4759825327510917 0.7572115384615384 0.3056768558951965 0.07451923076923077
0 0.5109170305676856 0.7091346153846154 0.32751091703056767 0.06009615384615385
0 0.4759825327510917 0.6658653846153846 0.27074235807860264 0.052884615384615384
0 0.462882096069869 0.6009615384615384 0.2838427947598253 0.0673076923076923
0 0.4497816593886463 0.5456730769230769 0.27510917030567683 0.06009615384615385
0 0.43231441048034935 0.4807692307692308 0.25327510917030566 0.0625
0 0.42358078602620086 0.4230769230769231 0.25327510917030566 0.06009615384615385
0 0.4192139737991266 0.37740384615384615 0.2314410480349345 0.052884615384615384
0 0.4279475982532751 0.3245192307692308 0.22707423580786026 0.055288461538461536
0 0.4148471615720524 0.27163461538461536 0.22707423580786026 0.055288461538461536
0 0.4148471615720524 0.22115384615384615 0.2314410480349345 0.057692307692307696
0 0.4192139737991266 0.16826923076923078 0.23580786026200873 0.0625
0 0.43231441048034935 0.11778846153846154 0.2314410480349345 0.055288461538461536
0 0.4410480349344978 0.07932692307692307 0.2314410480349345 0.04326923076923077