0 0.45414847161572053 0.8125 0.3318777292576419 0.07932692307692307
0 0.3799126637554585 0.7524038461538461 0.32751091703056767 0.08653846153846154
0 0.34934497816593885 0.6947115384615384 0.33624454148471616 0.07451923076923077
0 0.3624454148471616 0.6394230769230769 0.29694323144104806 0.07211538461538461
0 0.48034934497816595 0.5841346153846154 0.31004366812227074 0.08413461538461539
0 0.5545851528384279 0.5360576923076923 0.3231441048034934 0.07932692307692307
0 0.6069868995633187 0.4855769230769231 0.27074235807860264 0.07692307692307693
0 0.6855895196506551 0.43990384615384615 0.2925764192139738 0.08413461538461539
0 0.6899563318777293 0.3798076923076923 0.29694323144104806 0.06009615384615385
0 0.7074235807860262 0.33413461538461536 0.29694323144104806 0.06009615384615385
0 0.6200873362445415 0.27884615384615385 0.2576419213973799 0.06490384615384616
0 0.5720524017467249 0.23557692307692307 0.27510917030567683 0.06971153846153846
0 0.5327510917030568 0.19471153846153846 0.27074235807860264 0.052884615384615384
0 0.519650655021834 0.1466346153846154 0.27510917030567683 0.057692307692307696
0 0.4978165938864629 0.09615384615384616 0.2576419213973799 0.04807692307692308