0 0.6428571428571429 0.20673076923076922 0.11904761904761904 0.02403846153846154
0 0.6428571428571429 0.23317307692307693 0.11904761904761904 0.026442307692307692
0 0.6428571428571429 0.2620192307692308 0.10714285714285714 0.03125
0 0.6488095238095238 0.2932692307692308 0.125 0.03365384615384615
0 0.6547619047619048 0.3245192307692308 0.125 0.028846153846153848
0 0.6607142857142857 0.3557692307692308 0.13095238095238096 0.03365384615384615
0 0.6726190476190477 0.3870192307692308 0.125 0.028846153846153848
0 0.6726190476190477 0.4182692307692308 0.125 0.03365384615384615
0 0.6666666666666666 0.4519230769230769 0.125 0.03365384615384615
0 0.6547619047619048 0.4879807692307692 0.125 0.03125
0 0.6428571428571429 0.5240384615384616 0.13095238095238096 0.038461538461538464
0 0.6190476190476191 0.5649038461538461 0.15476190476190477 0.040865384615384616
0 0.5892857142857143 0.6081730769230769 0.1488095238095238 0.04326923076923077
0 0.5714285714285714 0.6490384615384616 0.16666666666666666 0.04567307692307692
0 0.5535714285714286 0.6971153846153846 0.16666666666666666 0.04807692307692308
0 0.5357142857142857 0.7451923076923077 0.16666666666666666 0.040865384615384616
0 0.5416666666666666 0.7836538461538461 0.16666666666666666 0.03365384615384615