0 0.42063492063492064 0.27884615384615385 0.15079365079365079 0.026442307692307692
0 0.3968253968253968 0.30288461538461536 0.14285714285714285 0.03125
0 0.3888888888888889 0.3317307692307692 0.14285714285714285 0.028846153846153848
0 0.40476190476190477 0.3557692307692308 0.15873015873015872 0.03365384615384615
0 0.4523809523809524 0.37740384615384615 0.19047619047619047 0.04807692307692308
0 0.5 0.39903846153846156 0.20634920634920634 0.05048076923076923
0 0.5952380952380952 0.4182692307692308 0.1984126984126984 0.052884615384615384
0 0.6507936507936508 0.44471153846153844 0.1984126984126984 0.04326923076923077
0 0.6904761904761905 0.46875 0.23015873015873015 0.040865384615384616
0 0.7142857142857143 0.5024038461538461 0.23809523809523808 0.038461538461538464
0 0.6984126984126984 0.5336538461538461 0.19047619047619047 0.04326923076923077
0 0.6507936507936508 0.5649038461538461 0.18253968253968253 0.052884615384615384
0 0.5634920634920635 0.5985576923076923 0.1984126984126984 0.057692307692307696
0 0.4444444444444444 0.6225961538461539 0.1746031746031746 0.055288461538461536
0 0.35714285714285715 0.6586538461538461 0.20634920634920634 0.06009615384615385
0 0.31746031746031744 0.7019230769230769 0.20634920634920634 0.04567307692307692