0 0.519650655021834 0.84375 0.4497816593886463 0.07692307692307693
0 0.4017467248908297 0.7860576923076923 0.38427947598253276 0.06971153846153846
0 0.31004366812227074 0.7091346153846154 0.3318777292576419 0.07692307692307693
0 0.3231441048034934 0.6394230769230769 0.31877729257641924 0.057692307692307696
0 0.34934497816593885 0.5745192307692307 0.3537117903930131 0.06009615384615385
0 0.4497816593886463 0.5120192307692307 0.37554585152838427 0.0625
0 0.49344978165938863 0.4567307692307692 0.3318777292576419 0.07211538461538461
0 0.519650655021834 0.40384615384615385 0.31004366812227074 0.07211538461538461
0 0.519650655021834 0.3485576923076923 0.31004366812227074 0.0625
0 0.462882096069869 0.30528846153846156 0.3056768558951965 0.06971153846153846
0 0.4279475982532751 0.24278846153846154 0.3624454148471616 0.05048076923076923
0 0.3799126637554585 0.19951923076923078 0.29694323144104806 0.0625
0 0.35807860262008734 0.15865384615384615 0.33624454148471616 0.057692307692307696
0 0.3537117903930131 0.11778846153846154 0.27510917030567683 0.06490384615384616
0 0.36681222707423583 0.07692307692307693 0.33624454148471616 0.057692307692307696