0 0.4380952380952381 0.625 0.19047619047619047 0.038461538461538464
0 0.3904761904761905 0.5913461538461539 0.1619047619047619 0.0625
0 0.34285714285714286 0.5528846153846154 0.1380952380952381 0.06009615384615385
0 0.3142857142857143 0.5216346153846154 0.12857142857142856 0.05048076923076923
0 0.2904761904761905 0.47596153846153844 0.10952380952380952 0.038461538461538464
0 0.30952380952380953 0.43509615384615385 0.12380952380952381 0.040865384615384616
0 0.3761904761904762 0.4182692307692308 0.11428571428571428 0.055288461538461536
0 0.4523809523809524 0.40865384615384615 0.09523809523809523 0.06009615384615385
0 0.5285714285714286 0.39903846153846156 0.10476190476190476 0.057692307692307696
0 0.6 0.38221153846153844 0.10952380952380952 0.06009615384615385
0 0.638095238095238 0.3581730769230769 0.10476190476190476 0.05048076923076923
0 0.6666666666666666 0.3293269230769231 0.09523809523809523 0.04567307692307692
0 0.6666666666666666 0.30288461538461536 0.10952380952380952 0.040865384615384616
0 0.6523809523809524 0.2764423076923077 0.10952380952380952 0.038461538461538464
0 0.638095238095238 0.25 0.10952380952380952 0.028846153846153848
0 0.6190476190476191 0.21875 0.09523809523809523 0.04326923076923077