0 0.48034934497816595 0.8798076923076923 0.33624454148471616 0.07451923076923077
0 0.4585152838427948 0.8028846153846154 0.3231441048034934 0.07932692307692307
0 0.4497816593886463 0.7331730769230769 0.29694323144104806 0.0673076923076923
0 0.4585152838427948 0.6682692307692307 0.27510917030567683 0.07451923076923077
0 0.4759825327510917 0.6057692307692307 0.2663755458515284 0.06009615384615385
0 0.49344978165938863 0.5504807692307693 0.24017467248908297 0.06971153846153846
0 0.5283842794759825 0.4879807692307692 0.22707423580786026 0.055288461538461536
0 0.5502183406113537 0.43028846153846156 0.2096069868995633 0.06009615384615385
0 0.5589519650655022 0.38221153846153844 0.2183406113537118 0.057692307692307696
0 0.5676855895196506 0.3293269230769231 0.2314410480349345 0.05048076923076923
0 0.5589519650655022 0.27884615384615385 0.2052401746724891 0.04567307692307692
0 0.5633187772925764 0.23076923076923078 0.2096069868995633 0.055288461538461536
0 0.5414847161572053 0.18028846153846154 0.2096069868995633 0.05048076923076923
0 0.5283842794759825 0.13221153846153846 0.2052401746724891 0.052884615384615384
0 0.5240174672489083 0.08653846153846154 0.1965065502183406 0.040865384615384616
0 0.5327510917030568 0.04807692307692308 0.2096069868995633 0.04567307692307692