0 0.462882096069869 0.06971153846153846 0.2445414847161572 0.055288461538461536
0 0.4497816593886463 0.11057692307692307 0.27074235807860264 0.055288461538461536
0 0.4279475982532751 0.1466346153846154 0.2576419213973799 0.057692307692307696
0 0.4148471615720524 0.19471153846153846 0.2314410480349345 0.06009615384615385
0 0.40611353711790393 0.2403846153846154 0.23580786026200873 0.057692307692307696
0 0.38427947598253276 0.28846153846153844 0.2314410480349345 0.057692307692307696
0 0.38427947598253276 0.33653846153846156 0.23580786026200873 0.06490384615384616
0 0.38427947598253276 0.3870192307692308 0.2314410480349345 0.06490384615384616
0 0.38427947598253276 0.4423076923076923 0.23580786026200873 0.0673076923076923
0 0.3799126637554585 0.5 0.27510917030567683 0.06490384615384616
0 0.3930131004366812 0.5600961538461539 0.314410480349345 0.07451923076923077
0 0.4148471615720524 0.6225961538461539 0.28820960698689957 0.07211538461538461
0 0.4366812227074236 0.6923076923076923 0.27510917030567683 0.0625
0 0.462882096069869 0.7620192307692307 0.3056768558951965 0.07692307692307693
0 0.4847161572052402 0.8317307692307693 0.314410480349345 0.07932692307692307
0 0.4847161572052402 0.8990384615384616 0.35807860262008734 0.08173076923076923
0 0.48034934497816595 0.9663461538461539 0.39737991266375544 0.06490384615384616