0 0.34934497816593885 0.6298076923076923 0.28820960698689957 0.06490384615384616
0 0.3231441048034934 0.5649038461538461 0.29694323144104806 0.057692307692307696
0 0.3318777292576419 0.5 0.26200873362445415 0.06009615384615385
0 0.4017467248908297 0.4495192307692308 0.25327510917030566 0.06490384615384616
0 0.48034934497816595 0.4014423076923077 0.2576419213973799 0.06009615384615385
0 0.537117903930131 0.35096153846153844 0.30131004366812225 0.06009615384615385
0 0.537117903930131 0.2956730769230769 0.2576419213973799 0.06009615384615385
0 0.5283842794759825 0.25 0.24017467248908297 0.06009615384615385
0 0.5065502183406113 0.20432692307692307 0.2096069868995633 0.057692307692307696
0 0.48034934497816595 0.15625 0.23580786026200873 0.04326923076923077
0 0.44541484716157204 0.1201923076923077 0.2052401746724891 0.038461538461538464
0 0.4497816593886463 0.08173076923076923 0.2576419213973799 0.04807692307692308
0 0.48034934497816595 0.036057692307692304 0.2445414847161572 0.04326923076923077
0 0.40611353711790393 0.6875 0.27510917030567683 0.06009615384615385
0 0.49344978165938863 0.7620192307692307 0.29694323144104806 0.06490384615384616