0 0.462882096069869 0.875 0.2925764192139738 0.08413461538461539
0 0.519650655021834 0.8052884615384616 0.2663755458515284 0.06971153846153846
0 0.5807860262008734 0.7379807692307693 0.2314410480349345 0.07211538461538461
0 0.6375545851528385 0.6754807692307693 0.22270742358078602 0.0673076923076923
0 0.6419213973799127 0.6033653846153846 0.22707423580786026 0.0673076923076923
0 0.611353711790393 0.5528846153846154 0.22707423580786026 0.07451923076923077
0 0.5720524017467249 0.49278846153846156 0.2183406113537118 0.07211538461538461
0 0.5545851528384279 0.4423076923076923 0.22270742358078602 0.06971153846153846
0 0.5458515283842795 0.3870192307692308 0.20087336244541484 0.0625
0 0.537117903930131 0.2932692307692308 0.22707423580786026 0.05048076923076923
0 0.5458515283842795 0.34134615384615385 0.2052401746724891 0.04567307692307692
0 0.5327510917030568 0.25961538461538464 0.2096069868995633 0.057692307692307696
0 0.5109170305676856 0.20432692307692307 0.17903930131004367 0.052884615384615384
0 0.5152838427947598 0.15865384615384615 0.18340611353711792 0.05048076923076923
0 0.5283842794759825 0.11057692307692307 0.1615720524017467 0.05048076923076923