0 0.5225225225225225 0.6826923076923077 0.25225225225225223 0.040865384615384616
0 0.5495495495495496 0.7235576923076923 0.25225225225225223 0.040865384615384616
0 0.5135135135135135 0.6418269230769231 0.22522522522522523 0.04807692307692308
0 0.4954954954954955 0.5985576923076923 0.1981981981981982 0.05048076923076923
0 0.4954954954954955 0.5552884615384616 0.21621621621621623 0.038461538461538464
0 0.5135135135135135 0.5144230769230769 0.21621621621621623 0.04567307692307692
0 0.5225225225225225 0.47596153846153844 0.21621621621621623 0.038461538461538464
0 0.5405405405405406 0.4423076923076923 0.18018018018018017 0.040865384615384616
0 0.5585585585585585 0.4110576923076923 0.18018018018018017 0.038461538461538464
0 0.5585585585585585 0.38221153846153844 0.18018018018018017 0.03365384615384615
0 0.5495495495495496 0.35096153846153844 0.18018018018018017 0.03125
0 0.5405405405405406 0.32211538461538464 0.17117117117117117 0.026442307692307692
0 0.5315315315315315 0.2980769230769231 0.17117117117117117 0.026442307692307692
0 0.5135135135135135 0.27163461538461536 0.16216216216216217 0.026442307692307692
0 0.4954954954954955 0.24519230769230768 0.16216216216216217 0.03125
0 0.4864864864864865 0.21875 0.15315315315315314 0.028846153846153848