0 0.524390243902439 0.27884615384615385 0.18292682926829268 0.02403846153846154
0 0.524390243902439 0.30288461538461536 0.17073170731707318 0.02403846153846154
0 0.524390243902439 0.3293269230769231 0.18292682926829268 0.02403846153846154
0 0.5121951219512195 0.35336538461538464 0.17073170731707318 0.021634615384615384
0 0.5121951219512195 0.3798076923076923 0.15853658536585366 0.026442307692307692
0 0.5 0.40865384615384615 0.17073170731707318 0.026442307692307692
0 0.5 0.43509615384615385 0.18292682926829268 0.028846153846153848
0 0.47560975609756095 0.4639423076923077 0.18292682926829268 0.026442307692307692
0 0.47560975609756095 0.4951923076923077 0.1951219512195122 0.026442307692307692
0 0.4878048780487805 0.5288461538461539 0.21951219512195122 0.03365384615384615
0 0.524390243902439 0.5649038461538461 0.25609756097560976 0.03365384615384615
0 0.573170731707317 0.6009615384615384 0.2682926829268293 0.03125
0 0.5853658536585366 0.6394230769230769 0.2682926829268293 0.036057692307692304
0 0.5609756097560976 0.6802884615384616 0.2682926829268293 0.036057692307692304
0 0.5 0.71875 0.2804878048780488 0.036057692307692304
0 0.4634146341463415 0.7596153846153846 0.3170731707317073 0.03365384615384615