0 0.462882096069869 0.8293269230769231 0.27074235807860264 0.07692307692307693
0 0.4410480349344978 0.8942307692307693 0.25327510917030566 0.07211538461538461
0 0.462882096069869 0.7620192307692307 0.2445414847161572 0.06490384615384616
0 0.4847161572052402 0.7043269230769231 0.2576419213973799 0.07211538461538461
0 0.4890829694323144 0.6298076923076923 0.2183406113537118 0.06490384615384616
0 0.5152838427947598 0.5673076923076923 0.22707423580786026 0.0625
0 0.5283842794759825 0.5072115384615384 0.2096069868995633 0.055288461538461536
0 0.5414847161572053 0.45913461538461536 0.22270742358078602 0.057692307692307696
0 0.537117903930131 0.40625 0.18777292576419213 0.04807692307692308
0 0.5240174672489083 0.3581730769230769 0.1965065502183406 0.055288461538461536
0 0.519650655021834 0.30288461538461536 0.21397379912663755 0.055288461538461536
0 0.5109170305676856 0.25 0.2052401746724891 0.057692307692307696
0 0.5327510917030568 0.2091346153846154 0.1703056768558952 0.055288461538461536
0 0.537117903930131 0.16826923076923078 0.1703056768558952 0.057692307692307696
0 0.5458515283842795 0.12259615384615384 0.1703056768558952 0.055288461538461536