0 0.5240174672489083 0.07211538461538461 0.3231441048034934 0.0625
0 0.5633187772925764 0.11778846153846154 0.3231441048034934 0.06490384615384616
0 0.6026200873362445 0.16105769230769232 0.30131004366812225 0.0673076923076923
0 0.6506550218340611 0.20673076923076922 0.3231441048034934 0.0625
0 0.6899563318777293 0.25240384615384615 0.3406113537117904 0.06490384615384616
0 0.6812227074235808 0.29086538461538464 0.33624454148471616 0.0673076923076923
0 0.6768558951965066 0.34615384615384615 0.33624454148471616 0.07211538461538461
0 0.6462882096069869 0.3918269230769231 0.3318777292576419 0.07451923076923077
0 0.5807860262008734 0.44471153846153844 0.314410480349345 0.08173076923076923
0 0.5152838427947598 0.4951923076923077 0.314410480349345 0.08413461538461539
0 0.4672489082969432 0.5432692307692307 0.37117903930131 0.09375
0 0.4192139737991266 0.6081730769230769 0.3537117903930131 0.08173076923076923
0 0.42358078602620086 0.6754807692307693 0.35807860262008734 0.07692307692307693
0 0.4410480349344978 0.7475961538461539 0.39737991266375544 0.09134615384615384
0 0.5021834061135371 0.8173076923076923 0.4366812227074236 0.09615384615384616
0 0.5240174672489083 0.8870192307692307 0.4672489082969432 0.09615384615384616