0 0.5895196506550219 0.0673076923076923 0.26200873362445415 0.06009615384615385
0 0.5676855895196506 0.11057692307692307 0.24017467248908297 0.0625
0 0.5589519650655022 0.15384615384615385 0.23580786026200873 0.06009615384615385
0 0.5327510917030568 0.19471153846153846 0.24017467248908297 0.06971153846153846
0 0.5065502183406113 0.23557692307692307 0.24017467248908297 0.07451923076923077
0 0.4847161572052402 0.28125 0.23580786026200873 0.07451923076923077
0 0.4497816593886463 0.3293269230769231 0.2445414847161572 0.07692307692307693
0 0.4192139737991266 0.3798076923076923 0.2663755458515284 0.06971153846153846
0 0.4104803493449782 0.4254807692307692 0.2663755458515284 0.07211538461538461
0 0.3799126637554585 0.47596153846153844 0.2663755458515284 0.08173076923076923
0 0.36681222707423583 0.53125 0.2925764192139738 0.07451923076923077
0 0.36681222707423583 0.5913461538461539 0.30131004366812225 0.0889423076923077
0 0.37117903930131 0.6538461538461539 0.27510917030567683 0.08173076923076923
0 0.4148471615720524 0.7163461538461539 0.2838427947598253 0.07451923076923077
0 0.4410480349344978 0.7908653846153846 0.30131004366812225 0.07451923076923077
0 0.4759825327510917 0.8533653846153846 0.28820960698689957 0.07692307692307693
0 0.47161572052401746 0.9182692307692307 0.30131004366812225 0.07932692307692307