0 0.43147208121827413 0.25961538461538464 0.10152284263959391 0.021634615384615384
0 0.4517766497461929 0.27884615384615385 0.10152284263959391 0.021634615384615384
0 0.48223350253807107 0.2980769230769231 0.1116751269035533 0.02403846153846154
0 0.5177664974619289 0.31490384615384615 0.1116751269035533 0.026442307692307692
0 0.5532994923857868 0.3245192307692308 0.10152284263959391 0.026442307692307692
0 0.5989847715736041 0.3389423076923077 0.1116751269035533 0.03125
0 0.6345177664974619 0.35096153846153844 0.10152284263959391 0.03125
0 0.6751269035532995 0.38221153846153844 0.1065989847715736 0.028846153846153848
0 0.6954314720812182 0.40384615384615385 0.1065989847715736 0.028846153846153848
0 0.700507614213198 0.44471153846153844 0.116751269035533 0.028846153846153848
0 0.6802030456852792 0.4831730769230769 0.116751269035533 0.03125
0 0.6294416243654822 0.5072115384615384 0.14213197969543148 0.038461538461538464
0 0.583756345177665 0.5288461538461539 0.14213197969543148 0.038461538461538464
0 0.5228426395939086 0.5576923076923077 0.14213197969543148 0.036057692307692304
0 0.47715736040609136 0.59375 0.14720812182741116 0.03365384615384615
0 0.467005076142132 0.625 0.14213197969543148 0.03125