0 0.5327510917030568 0.08413461538461539 0.18777292576419213 0.055288461538461536
0 0.5283842794759825 0.11778846153846154 0.18340611353711792 0.052884615384615384
0 0.5240174672489083 0.15384615384615385 0.18340611353711792 0.06009615384615385
0 0.5283842794759825 0.20673076923076922 0.18777292576419213 0.0625
0 0.5283842794759825 0.25961538461538464 0.22707423580786026 0.07211538461538461
0 0.5458515283842795 0.3173076923076923 0.2314410480349345 0.0673076923076923
0 0.537117903930131 0.3701923076923077 0.20087336244541484 0.07211538461538461
0 0.5327510917030568 0.42788461538461536 0.20087336244541484 0.07211538461538461
0 0.5414847161572053 0.49038461538461536 0.22707423580786026 0.07692307692307693
0 0.5458515283842795 0.5576923076923077 0.24017467248908297 0.07451923076923077
0 0.5633187772925764 0.6201923076923077 0.2314410480349345 0.07692307692307693
0 0.5676855895196506 0.6802884615384616 0.24890829694323144 0.07692307692307693
0 0.5720524017467249 0.7427884615384616 0.23580786026200873 0.07211538461538461
0 0.5633187772925764 0.8125 0.2314410480349345 0.07932692307692307
0 0.537117903930131 0.8846153846153846 0.2576419213973799 0.07692307692307693