0 0.5065502183406113 0.09375 0.2096069868995633 0.04326923076923077
0 0.5109170305676856 0.13221153846153846 0.2096069868995633 0.052884615384615384
0 0.5065502183406113 0.17307692307692307 0.20087336244541484 0.057692307692307696
0 0.5065502183406113 0.21394230769230768 0.20087336244541484 0.052884615384615384
0 0.5152838427947598 0.25721153846153844 0.18340611353711792 0.055288461538461536
0 0.5240174672489083 0.30288461538461536 0.20087336244541484 0.057692307692307696
0 0.5109170305676856 0.34615384615384615 0.20087336244541484 0.057692307692307696
0 0.5065502183406113 0.3942307692307692 0.2052401746724891 0.06490384615384616
0 0.5021834061135371 0.4495192307692308 0.22270742358078602 0.0625
0 0.4847161572052402 0.49759615384615385 0.23580786026200873 0.06490384615384616
0 0.4672489082969432 0.5480769230769231 0.24890829694323144 0.07932692307692307
0 0.4585152838427948 0.6057692307692307 0.25327510917030566 0.0673076923076923
0 0.4759825327510917 0.6658653846153846 0.24890829694323144 0.07451923076923077
0 0.5152838427947598 0.7307692307692307 0.27074235807860264 0.07451923076923077
0 0.5414847161572053 0.8052884615384616 0.2838427947598253 0.09615384615384616