0 0.4497816593886463 0.07932692307692307 0.20087336244541484 0.055288461538461536
0 0.44541484716157204 0.12980769230769232 0.19213973799126638 0.0673076923076923
0 0.462882096069869 0.1778846153846154 0.22270742358078602 0.07211538461538461
0 0.48034934497816595 0.23076923076923078 0.2576419213973799 0.07211538461538461
0 0.5152838427947598 0.27884615384615385 0.2663755458515284 0.07692307692307693
0 0.5240174672489083 0.33413461538461536 0.2794759825327511 0.0673076923076923
0 0.537117903930131 0.3870192307692308 0.2794759825327511 0.0673076923076923
0 0.5327510917030568 0.43990384615384615 0.2925764192139738 0.07211538461538461
0 0.519650655021834 0.49278846153846156 0.2838427947598253 0.06971153846153846
0 0.5021834061135371 0.5528846153846154 0.3056768558951965 0.07692307692307693
0 0.4978165938864629 0.6153846153846154 0.2925764192139738 0.06971153846153846
0 0.49344978165938863 0.6730769230769231 0.2925764192139738 0.07692307692307693
0 0.4890829694323144 0.7355769230769231 0.3318777292576419 0.07451923076923077
0 0.47161572052401746 0.8100961538461539 0.3318777292576419 0.0889423076923077
0 0.47161572052401746 0.8822115384615384 0.35807860262008734 0.09375