0 0.4497816593886463 0.03365384615384615 0.21397379912663755 0.040865384615384616
0 0.45414847161572053 0.06971153846153846 0.21397379912663755 0.04567307692307692
0 0.4672489082969432 0.10817307692307693 0.2096069868995633 0.052884615384615384
0 0.48034934497816595 0.15144230769230768 0.21397379912663755 0.055288461538461536
0 0.5109170305676856 0.1971153846153846 0.23580786026200873 0.057692307692307696
0 0.537117903930131 0.25 0.21397379912663755 0.06009615384615385
0 0.5545851528384279 0.2956730769230769 0.2183406113537118 0.06490384615384616
0 0.5545851528384279 0.3485576923076923 0.2183406113537118 0.06009615384615385
0 0.5283842794759825 0.39903846153846156 0.26200873362445415 0.06971153846153846
0 0.49344978165938863 0.4543269230769231 0.27074235807860264 0.06971153846153846
0 0.4497816593886463 0.5096153846153846 0.2838427947598253 0.07932692307692307
0 0.4104803493449782 0.5721153846153846 0.31004366812227074 0.07211538461538461
0 0.40611353711790393 0.6322115384615384 0.27074235807860264 0.07451923076923077
0 0.48034934497816595 0.6971153846153846 0.28820960698689957 0.08413461538461539
0 0.5676855895196506 0.7596153846153846 0.3231441048034934 0.08173076923076923
0 0.611353711790393 0.8245192307692307 0.28820960698689957 0.07451923076923077
0 0.6244541484716157 0.8942307692307693 0.3537117903930131 0.08653846153846154