0 0.4279475982532751 0.03365384615384615 0.24017467248908297 0.04567307692307692
0 0.4410480349344978 0.07932692307692307 0.2925764192139738 0.052884615384615384
0 0.45414847161572053 0.125 0.29694323144104806 0.06490384615384616
0 0.49344978165938863 0.1658653846153846 0.30131004366812225 0.0673076923076923
0 0.5283842794759825 0.21394230769230768 0.2794759825327511 0.06971153846153846
0 0.5895196506550219 0.25961538461538464 0.30131004366812225 0.06490384615384616
0 0.6200873362445415 0.30288461538461536 0.2794759825327511 0.0673076923076923
0 0.6375545851528385 0.3485576923076923 0.30131004366812225 0.07211538461538461
0 0.62882096069869 0.4014423076923077 0.29694323144104806 0.0673076923076923
0 0.5895196506550219 0.4543269230769231 0.31004366812227074 0.06971153846153846
0 0.5458515283842795 0.5096153846153846 0.33624454148471616 0.07211538461538461
0 0.4759825327510917 0.5721153846153846 0.3406113537117904 0.07692307692307693
0 0.4497816593886463 0.6394230769230769 0.34934497816593885 0.06971153846153846
0 0.4497816593886463 0.7091346153846154 0.34497816593886466 0.06971153846153846
0 0.4759825327510917 0.78125 0.34934497816593885 0.08413461538461539
0 0.519650655021834 0.8581730769230769 0.4017467248908297 0.09134615384615384