0 0.4279475982532751 0.07211538461538461 0.2925764192139738 0.0625
0 0.4279475982532751 0.11057692307692307 0.3056768558951965 0.06009615384615385
0 0.43231441048034935 0.15144230769230768 0.31004366812227074 0.0625
0 0.4366812227074236 0.1971153846153846 0.34934497816593885 0.0673076923076923
0 0.462882096069869 0.24759615384615385 0.35807860262008734 0.07211538461538461
0 0.5152838427947598 0.2956730769230769 0.34934497816593885 0.07451923076923077
0 0.5414847161572053 0.34375 0.3318777292576419 0.06971153846153846
0 0.5414847161572053 0.39663461538461536 0.37117903930131 0.0625
0 0.5283842794759825 0.4495192307692308 0.3624454148471616 0.06971153846153846
0 0.5152838427947598 0.5048076923076923 0.36681222707423583 0.07692307692307693
0 0.5065502183406113 0.5697115384615384 0.35807860262008734 0.08413461538461539
0 0.4978165938864629 0.6394230769230769 0.35807860262008734 0.07932692307692307
0 0.5065502183406113 0.7043269230769231 0.3799126637554585 0.08413461538461539
0 0.537117903930131 0.7764423076923077 0.37554585152838427 0.08413461538461539
0 0.5633187772925764 0.8461538461538461 0.39737991266375544 0.07692307692307693
0 0.5851528384279476 0.9230769230769231 0.4410480349344978 0.08413461538461539