0 0.5240174672489083 0.8293269230769231 0.25327510917030566 0.08413461538461539
0 0.519650655021834 0.7475961538461539 0.2445414847161572 0.07211538461538461
0 0.4890829694323144 0.6682692307692307 0.2445414847161572 0.0673076923076923
0 0.4759825327510917 0.5985576923076923 0.26200873362445415 0.057692307692307696
0 0.49344978165938863 0.5432692307692307 0.24017467248908297 0.05048076923076923
0 0.4978165938864629 0.4855769230769231 0.25327510917030566 0.04807692307692308
0 0.49344978165938863 0.43028846153846156 0.2445414847161572 0.04807692307692308
0 0.5109170305676856 0.38221153846153844 0.2663755458515284 0.04807692307692308
0 0.519650655021834 0.33413461538461536 0.2663755458515284 0.04567307692307692
0 0.519650655021834 0.28365384615384615 0.2576419213973799 0.055288461538461536
0 0.5065502183406113 0.2283653846153846 0.27510917030567683 0.04326923076923077
0 0.5065502183406113 0.17548076923076922 0.24017467248908297 0.05048076923076923
0 0.519650655021834 0.13221153846153846 0.23580786026200873 0.04567307692307692
0 0.5109170305676856 0.07932692307692307 0.22707423580786026 0.05048076923076923
0 0.5065502183406113 0.03365384615384615 0.22707423580786026 0.03125