0 0.4104803493449782 0.028846153846153848 0.2183406113537118 0.04326923076923077
0 0.4585152838427948 0.0673076923076923 0.2576419213973799 0.055288461538461536
0 0.4978165938864629 0.10336538461538461 0.2445414847161572 0.052884615384615384
0 0.5414847161572053 0.14903846153846154 0.25327510917030566 0.057692307692307696
0 0.6069868995633187 0.19471153846153846 0.27510917030567683 0.06009615384615385
0 0.6768558951965066 0.23557692307692307 0.27510917030567683 0.057692307692307696
0 0.7554585152838428 0.28125 0.29694323144104806 0.07451923076923077
0 0.759825327510917 0.3293269230769231 0.3056768558951965 0.0673076923076923
0 0.7510917030567685 0.38221153846153844 0.3406113537117904 0.08173076923076923
0 0.6681222707423581 0.43028846153846156 0.3318777292576419 0.08653846153846154
0 0.5240174672489083 0.49038461538461536 0.33624454148471616 0.07692307692307693
0 0.4017467248908297 0.5576923076923077 0.33624454148471616 0.07451923076923077
0 0.2925764192139738 0.6153846153846154 0.32751091703056767 0.07932692307692307
0 0.29694323144104806 0.6899038461538461 0.3799126637554585 0.09134615384615384
0 0.388646288209607 0.7596153846153846 0.37117903930131 0.0889423076923077
0 0.5021834061135371 0.8293269230769231 0.39737991266375544 0.10336538461538461
0 0.6244541484716157 0.9014423076923077 0.44541484716157204 0.10817307692307693