0 0.527027027027027 0.22115384615384615 0.13513513513513514 0.021634615384615384
0 0.5337837837837838 0.23798076923076922 0.13513513513513514 0.03125
0 0.5540540540540541 0.2644230769230769 0.12837837837837837 0.03365384615384615
0 0.581081081081081 0.28125 0.13513513513513514 0.038461538461538464
0 0.6081081081081081 0.3004807692307692 0.13513513513513514 0.04807692307692308
0 0.6486486486486487 0.3245192307692308 0.14864864864864866 0.04567307692307692
0 0.6959459459459459 0.34134615384615385 0.11486486486486487 0.040865384615384616
0 0.7432432432432432 0.36538461538461536 0.12162162162162163 0.04326923076923077
0 0.7567567567567568 0.3894230769230769 0.12837837837837837 0.03365384615384615
0 0.7635135135135135 0.41586538461538464 0.14864864864864866 0.036057692307692304
0 0.75 0.44711538461538464 0.16891891891891891 0.038461538461538464
0 0.722972972972973 0.46875 0.16891891891891891 0.038461538461538464
0 0.6554054054054054 0.47596153846153844 0.14864864864864866 0.04807692307692308
0 0.5540540540540541 0.5 0.19594594594594594 0.052884615384615384
0 0.46621621621621623 0.5216346153846154 0.18243243243243243 0.06009615384615385
0 0.40540540540540543 0.5576923076923077 0.22297297297297297 0.052884615384615384
0 0.38513513513513514 0.5985576923076923 0.21621621621621623 0.04807692307692308