0 0.4104803493449782 0.8365384615384616 0.33624454148471616 0.07692307692307693
0 0.4104803493449782 0.75 0.3056768558951965 0.06490384615384616
0 0.4672489082969432 0.6850961538461539 0.2838427947598253 0.06971153846153846
0 0.5502183406113537 0.6225961538461539 0.27510917030567683 0.07692307692307693
0 0.6419213973799127 0.5552884615384616 0.2663755458515284 0.0889423076923077
0 0.7336244541484717 0.49759615384615385 0.27074235807860264 0.07211538461538461
0 0.7729257641921398 0.4375 0.24017467248908297 0.057692307692307696
0 0.7729257641921398 0.3870192307692308 0.2663755458515284 0.055288461538461536
0 0.7336244541484717 0.34134615384615385 0.29694323144104806 0.04567307692307692
0 0.6375545851528385 0.24759615384615385 0.2445414847161572 0.06971153846153846
0 0.5633187772925764 0.20432692307692307 0.20087336244541484 0.0673076923076923
0 0.5109170305676856 0.16105769230769232 0.17467248908296942 0.0673076923076923
0 0.4672489082969432 0.125 0.17467248908296942 0.06490384615384616
0 0.44541484716157204 0.07692307692307693 0.20087336244541484 0.04567307692307692
0 0.6986899563318777 0.29086538461538464 0.2096069868995633 0.057692307692307696