0 0.38181818181818183 0.3317307692307692 0.09090909090909091 0.021634615384615384
0 0.38181818181818183 0.3581730769230769 0.09090909090909091 0.02403846153846154
0 0.38181818181818183 0.3870192307692308 0.10303030303030303 0.02403846153846154
0 0.37575757575757573 0.41346153846153844 0.09696969696969697 0.02403846153846154
0 0.3696969696969697 0.4423076923076923 0.10909090909090909 0.02403846153846154
0 0.34545454545454546 0.47115384615384615 0.12121212121212122 0.02403846153846154
0 0.3151515151515151 0.49759615384615385 0.13333333333333333 0.019230769230769232
0 0.2787878787878788 0.5288461538461539 0.14545454545454545 0.026442307692307692
0 0.2545454545454545 0.5600961538461539 0.15151515151515152 0.028846153846153848
0 0.24848484848484848 0.5913461538461539 0.18181818181818182 0.02403846153846154
0 0.2606060606060606 0.6322115384615384 0.2 0.03125
0 0.3212121212121212 0.6634615384615384 0.2 0.028846153846153848
0 0.3939393939393939 0.6875 0.21212121212121213 0.03125
0 0.46060606060606063 0.7211538461538461 0.19393939393939394 0.028846153846153848
0 0.3878787878787879 0.30528846153846156 0.09696969696969697 0.021634615384615384
0 0.5151515151515151 0.7596153846153846 0.19393939393939394 0.03125