0 0.5109170305676856 0.038461538461538464 0.1965065502183406 0.04326923076923077
0 0.5152838427947598 0.07451923076923077 0.18340611353711792 0.04807692307692308
0 0.5065502183406113 0.11778846153846154 0.18340611353711792 0.052884615384615384
0 0.49344978165938863 0.16346153846153846 0.19213973799126638 0.052884615384615384
0 0.4585152838427948 0.2091346153846154 0.2052401746724891 0.06009615384615385
0 0.4366812227074236 0.25721153846153844 0.2052401746724891 0.052884615384615384
0 0.43231441048034935 0.3076923076923077 0.22270742358078602 0.055288461538461536
0 0.462882096069869 0.35336538461538464 0.2663755458515284 0.057692307692307696
0 0.5109170305676856 0.40384615384615385 0.2794759825327511 0.06009615384615385
0 0.5720524017467249 0.4567307692307692 0.2794759825327511 0.06009615384615385
0 0.6244541484716157 0.5120192307692307 0.2794759825327511 0.07451923076923077
0 0.6681222707423581 0.5817307692307693 0.314410480349345 0.07211538461538461
0 0.7030567685589519 0.6466346153846154 0.3056768558951965 0.06971153846153846
0 0.6593886462882096 0.7091346153846154 0.33624454148471616 0.08173076923076923
0 0.5807860262008734 0.7620192307692307 0.34497816593886466 0.09134615384615384
0 0.4585152838427948 0.8076923076923077 0.36681222707423583 0.10336538461538461
0 0.32751091703056767 0.8725961538461539 0.3624454148471616 0.10336538461538461
0 0.2663755458515284 0.9447115384615384 0.37554585152838427 0.09375