0 0.38235294117647056 0.7692307692307693 0.5294117647058824 0.04807692307692308
0 0.3333333333333333 0.7139423076923077 0.5294117647058824 0.05048076923076923
0 0.3627450980392157 0.6538461538461539 0.5098039215686274 0.04807692307692308
0 0.4215686274509804 0.6081730769230769 0.5882352941176471 0.04567307692307692
0 0.5392156862745098 0.5721153846153846 0.5882352941176471 0.057692307692307696
0 0.6568627450980392 0.5336538461538461 0.5490196078431373 0.052884615384615384
0 0.7549019607843137 0.49038461538461536 0.4215686274509804 0.052884615384615384
0 0.7843137254901961 0.4519230769230769 0.43137254901960786 0.052884615384615384
0 0.7549019607843137 0.40384615384615385 0.39215686274509803 0.04567307692307692
0 0.7058823529411765 0.3701923076923077 0.3627450980392157 0.04326923076923077
0 0.6372549019607843 0.33413461538461536 0.38235294117647056 0.040865384615384616
0 0.5588235294117647 0.30288461538461536 0.3431372549019608 0.038461538461538464
0 0.5 0.27163461538461536 0.3431372549019608 0.04567307692307692
0 0.47058823529411764 0.23557692307692307 0.35294117647058826 0.038461538461538464
0 0.45098039215686275 0.19951923076923078 0.35294117647058826 0.038461538461538464
0 0.46078431372549017 0.17067307692307693 0.3627450980392157 0.036057692307692304