0 0.35365853658536583 0.19951923076923078 0.1402439024390244 0.03365384615384615
0 0.35365853658536583 0.23317307692307693 0.14634146341463414 0.03125
0 0.36585365853658536 0.2668269230769231 0.1402439024390244 0.03125
0 0.39634146341463417 0.2980769230769231 0.1402439024390244 0.040865384615384616
0 0.43902439024390244 0.3245192307692308 0.13414634146341464 0.036057692307692304
0 0.5 0.3557692307692308 0.1524390243902439 0.038461538461538464
0 0.5182926829268293 0.3918269230769231 0.1524390243902439 0.036057692307692304
0 0.5182926829268293 0.42788461538461536 0.1524390243902439 0.038461538461538464
0 0.5060975609756098 0.4639423076923077 0.16463414634146342 0.040865384615384616
0 0.4573170731707317 0.5 0.17073170731707318 0.040865384615384616
0 0.4024390243902439 0.5384615384615384 0.18292682926829268 0.04807692307692308
0 0.35365853658536583 0.5793269230769231 0.20121951219512196 0.04807692307692308
0 0.34146341463414637 0.6274038461538461 0.2073170731707317 0.04807692307692308
0 0.31097560975609756 0.6754807692307693 0.21951219512195122 0.04807692307692308
0 0.35365853658536583 0.7235576923076923 0.21341463414634146 0.04807692307692308
0 0.40853658536585363 0.7764423076923077 0.22560975609756098 0.05048076923076923
0 0.4634146341463415 0.8365384615384616 0.24390243902439024 0.055288461538461536