0 0.48034934497816595 0.8581730769230769 0.34934497816593885 0.07451923076923077
0 0.4890829694323144 0.7884615384615384 0.3056768558951965 0.07451923076923077
0 0.5021834061135371 0.7163461538461539 0.29694323144104806 0.06971153846153846
0 0.5458515283842795 0.6490384615384616 0.2838427947598253 0.07451923076923077
0 0.5458515283842795 0.5721153846153846 0.28820960698689957 0.08173076923076923
0 0.5633187772925764 0.5168269230769231 0.2794759825327511 0.07211538461538461
0 0.5851528384279476 0.4543269230769231 0.26200873362445415 0.06971153846153846
0 0.5938864628820961 0.39903846153846156 0.25327510917030566 0.06490384615384616
0 0.5633187772925764 0.35096153846153844 0.22270742358078602 0.06971153846153846
0 0.5327510917030568 0.30528846153846156 0.23580786026200873 0.06009615384615385
0 0.5240174672489083 0.2548076923076923 0.2576419213973799 0.057692307692307696
0 0.48034934497816595 0.2091346153846154 0.21397379912663755 0.0673076923076923
0 0.4585152838427948 0.16105769230769232 0.2096069868995633 0.04807692307692308
0 0.44541484716157204 0.125 0.17467248908296942 0.04326923076923077
0 0.4279475982532751 0.07932692307692307 0.1703056768558952 0.052884615384615384
0 0.4410480349344978 0.040865384615384616 0.1615720524017467 0.052884615384615384