0 0.3559322033898305 0.6658653846153846 0.3813559322033898 0.038461538461538464
0 0.3644067796610169 0.6081730769230769 0.3220338983050847 0.06009615384615385
0 0.5084745762711864 0.5745192307692307 0.2627118644067797 0.0673076923076923
0 0.6440677966101694 0.5336538461538461 0.23728813559322035 0.06009615384615385
0 0.7372881355932204 0.5 0.2457627118644068 0.05048076923076923
0 0.8305084745762712 0.4639423076923077 0.2542372881355932 0.052884615384615384
0 0.8728813559322034 0.4230769230769231 0.22033898305084745 0.04326923076923077
0 0.8305084745762712 0.38221153846153844 0.23728813559322035 0.040865384615384616
0 0.7796610169491526 0.35096153846153844 0.2288135593220339 0.05048076923076923
0 0.4067796610169492 0.17307692307692307 0.2033898305084746 0.04567307692307692
0 0.3983050847457627 0.20673076923076922 0.1864406779661017 0.026442307692307692
0 0.4152542372881356 0.23557692307692307 0.2033898305084746 0.036057692307692304
0 0.4661016949152542 0.2692307692307692 0.211864406779661 0.036057692307692304
0 0.5169491525423728 0.28846153846153844 0.15254237288135594 0.05048076923076923
0 0.5847457627118644 0.31490384615384615 0.15254237288135594 0.04807692307692308
0 0.6779661016949152 0.3389423076923077 0.15254237288135594 0.05048076923076923