0 0.45414847161572053 0.9182692307692307 0.29694323144104806 0.08653846153846154
0 0.47161572052401746 0.8557692307692307 0.31877729257641924 0.07451923076923077
0 0.4672489082969432 0.7764423076923077 0.25327510917030566 0.07211538461538461
0 0.5021834061135371 0.7067307692307693 0.2838427947598253 0.08653846153846154
0 0.5414847161572053 0.6394230769230769 0.23580786026200873 0.06490384615384616
0 0.5807860262008734 0.5721153846153846 0.2576419213973799 0.0673076923076923
0 0.62882096069869 0.5144230769230769 0.21397379912663755 0.0673076923076923
0 0.6593886462882096 0.45913461538461536 0.22707423580786026 0.07211538461538461
0 0.6724890829694323 0.4014423076923077 0.19213973799126638 0.055288461538461536
0 0.6768558951965066 0.35096153846153844 0.2052401746724891 0.055288461538461536
0 0.6593886462882096 0.2980769230769231 0.2052401746724891 0.055288461538461536
0 0.6419213973799127 0.25240384615384615 0.2183406113537118 0.04807692307692308
0 0.6026200873362445 0.21153846153846154 0.19213973799126638 0.055288461538461536
0 0.5240174672489083 0.1778846153846154 0.2183406113537118 0.052884615384615384
0 0.4759825327510917 0.13942307692307693 0.22707423580786026 0.05048076923076923
0 0.4585152838427948 0.08653846153846154 0.19213973799126638 0.040865384615384616