0 0.37554585152838427 0.8100961538461539 0.37117903930131 0.0673076923076923
0 0.34934497816593885 0.75 0.29694323144104806 0.055288461538461536
0 0.37117903930131 0.6923076923076923 0.3318777292576419 0.0673076923076923
0 0.3799126637554585 0.625 0.2838427947598253 0.0673076923076923
0 0.4148471615720524 0.5697115384615384 0.314410480349345 0.0625
0 0.5240174672489083 0.5072115384615384 0.31004366812227074 0.07692307692307693
0 0.5895196506550219 0.4567307692307692 0.2838427947598253 0.06971153846153846
0 0.62882096069869 0.4014423076923077 0.2925764192139738 0.057692307692307696
0 0.62882096069869 0.35096153846153844 0.27510917030567683 0.06971153846153846
0 0.611353711790393 0.30528846153846156 0.30131004366812225 0.06009615384615385
0 0.5676855895196506 0.24759615384615385 0.2663755458515284 0.06009615384615385
0 0.5283842794759825 0.19471153846153846 0.23580786026200873 0.052884615384615384
0 0.4978165938864629 0.1466346153846154 0.2183406113537118 0.06009615384615385
0 0.4759825327510917 0.10336538461538461 0.2052401746724891 0.05048076923076923
0 0.4672489082969432 0.06490384615384616 0.19213973799126638 0.05048076923076923
0 0.43231441048034935 0.8725961538461539 0.4017467248908297 0.0673076923076923