0 0.5021834061135371 0.08413461538461539 0.1572052401746725 0.052884615384615384
0 0.45414847161572053 0.1201923076923077 0.1703056768558952 0.055288461538461536
0 0.4410480349344978 0.17548076923076922 0.17903930131004367 0.057692307692307696
0 0.4759825327510917 0.22355769230769232 0.20087336244541484 0.06009615384615385
0 0.519650655021834 0.27163461538461536 0.2183406113537118 0.0625
0 0.5414847161572053 0.31971153846153844 0.2096069868995633 0.0625
0 0.5502183406113537 0.3701923076923077 0.2096069868995633 0.055288461538461536
0 0.5414847161572053 0.4206730769230769 0.21397379912663755 0.0625
0 0.5109170305676856 0.47115384615384615 0.22270742358078602 0.06490384615384616
0 0.4847161572052402 0.5264423076923077 0.21397379912663755 0.0673076923076923
0 0.4672489082969432 0.5841346153846154 0.21397379912663755 0.0673076923076923
0 0.4585152838427948 0.6514423076923077 0.22707423580786026 0.06971153846153846
0 0.45414847161572053 0.7235576923076923 0.23580786026200873 0.0673076923076923
0 0.4497816593886463 0.7956730769230769 0.2576419213973799 0.06971153846153846
0 0.4585152838427948 0.8701923076923077 0.2794759825327511 0.06971153846153846