0 0.4672489082969432 0.8341346153846154 0.3231441048034934 0.0673076923076923
0 0.4410480349344978 0.7620192307692307 0.27510917030567683 0.0625
0 0.4366812227074236 0.6947115384615384 0.2576419213973799 0.06490384615384616
0 0.45414847161572053 0.6298076923076923 0.2096069868995633 0.057692307692307696
0 0.4978165938864629 0.5649038461538461 0.24017467248908297 0.06490384615384616
0 0.5458515283842795 0.5072115384615384 0.22707423580786026 0.052884615384615384
0 0.5938864628820961 0.4495192307692308 0.23580786026200873 0.04567307692307692
0 0.6200873362445415 0.39663461538461536 0.2663755458515284 0.04807692307692308
0 0.6331877729257642 0.35336538461538464 0.27074235807860264 0.04807692307692308
0 0.6069868995633187 0.2980769230769231 0.24017467248908297 0.04567307692307692
0 0.5589519650655022 0.25961538461538464 0.2052401746724891 0.04326923076923077
0 0.5283842794759825 0.22355769230769232 0.2096069868995633 0.04567307692307692
0 0.48034934497816595 0.1875 0.21397379912663755 0.052884615384615384
0 0.4759825327510917 0.14182692307692307 0.1965065502183406 0.040865384615384616
0 0.4585152838427948 0.10336538461538461 0.18340611353711792 0.04567307692307692