0 0.5 0.125 0.22916666666666666 0.028846153846153848
0 0.5104166666666666 0.15625 0.23958333333333334 0.03125
0 0.5 0.18028846153846154 0.25 0.03125
0 0.5208333333333334 0.2091346153846154 0.23958333333333334 0.03125
0 0.5208333333333334 0.24278846153846154 0.23958333333333334 0.03365384615384615
0 0.5520833333333334 0.27163461538461536 0.23958333333333334 0.03125
0 0.5625 0.30288461538461536 0.23958333333333334 0.03365384615384615
0 0.5729166666666666 0.3293269230769231 0.25 0.03365384615384615
0 0.5520833333333334 0.3605769230769231 0.22916666666666666 0.03365384615384615
0 0.5416666666666666 0.3918269230769231 0.23958333333333334 0.03365384615384615
0 0.53125 0.4254807692307692 0.2604166666666667 0.036057692307692304
0 0.4895833333333333 0.45913461538461536 0.28125 0.040865384615384616
0 0.4479166666666667 0.5 0.2708333333333333 0.040865384615384616
0 0.4166666666666667 0.5456730769230769 0.2708333333333333 0.040865384615384616
0 0.4270833333333333 0.5913461538461539 0.2916666666666667 0.04326923076923077
0 0.4895833333333333 0.6442307692307693 0.3229166666666667 0.04807692307692308
0 0.5520833333333334 0.6923076923076923 0.3125 0.04807692307692308