0 0.3056768558951965 0.06971153846153846 0.26200873362445415 0.040865384615384616
0 0.33624454148471616 0.10576923076923077 0.2576419213973799 0.04567307692307692
0 0.43231441048034935 0.1466346153846154 0.27510917030567683 0.055288461538461536
0 0.5021834061135371 0.18509615384615385 0.31004366812227074 0.057692307692307696
0 0.5327510917030568 0.23076923076923078 0.314410480349345 0.05048076923076923
0 0.5458515283842795 0.27403846153846156 0.2794759825327511 0.0625
0 0.5283842794759825 0.3245192307692308 0.3056768558951965 0.052884615384615384
0 0.5240174672489083 0.3581730769230769 0.3318777292576419 0.06490384615384616
0 0.4890829694323144 0.40865384615384615 0.32751091703056767 0.07932692307692307
0 0.4192139737991266 0.47836538461538464 0.3406113537117904 0.07451923076923077
0 0.35807860262008734 0.5432692307692307 0.3537117903930131 0.07451923076923077
0 0.3406113537117904 0.6129807692307693 0.37554585152838427 0.07211538461538461
0 0.33624454148471616 0.6658653846153846 0.38427947598253276 0.0673076923076923
0 0.35807860262008734 0.7259615384615384 0.39737991266375544 0.08413461538461539
0 0.42358078602620086 0.7956730769230769 0.4497816593886463 0.08413461538461539
0 0.4978165938864629 0.84375 0.3930131004366812 0.06971153846153846
0 0.5676855895196506 0.9134615384615384 0.39737991266375544 0.08173076923076923