0 0.4847161572052402 0.9278846153846154 0.2663755458515284 0.052884615384615384
0 0.4847161572052402 0.8677884615384616 0.2663755458515284 0.057692307692307696
0 0.5065502183406113 0.8052884615384616 0.2576419213973799 0.06009615384615385
0 0.5502183406113537 0.7427884615384616 0.2183406113537118 0.04567307692307692
0 0.5982532751091703 0.6850961538461539 0.22707423580786026 0.055288461538461536
0 0.6375545851528385 0.6153846153846154 0.23580786026200873 0.052884615384615384
0 0.6724890829694323 0.5552884615384616 0.22707423580786026 0.05048076923076923
0 0.6768558951965066 0.5 0.20087336244541484 0.04807692307692308
0 0.6724890829694323 0.4495192307692308 0.20087336244541484 0.04567307692307692
0 0.6681222707423581 0.4014423076923077 0.18340611353711792 0.04326923076923077
0 0.6550218340611353 0.3557692307692308 0.17467248908296942 0.040865384615384616
0 0.6375545851528385 0.30528846153846156 0.19213973799126638 0.057692307692307696
0 0.6200873362445415 0.25961538461538464 0.20087336244541484 0.052884615384615384
0 0.5764192139737991 0.21394230769230768 0.18777292576419213 0.04567307692307692
0 0.5720524017467249 0.17307692307692307 0.19213973799126638 0.04326923076923077
0 0.5764192139737991 0.12980769230769232 0.19213973799126638 0.05048076923076923