0 0.5065502183406113 0.8293269230769231 0.3930131004366812 0.0889423076923077
0 0.4366812227074236 0.7403846153846154 0.3231441048034934 0.07211538461538461
0 0.34934497816593885 0.6826923076923077 0.31004366812227074 0.06490384615384616
0 0.3318777292576419 0.6033653846153846 0.34934497816593885 0.07451923076923077
0 0.34934497816593885 0.5336538461538461 0.27074235807860264 0.07451923076923077
0 0.4192139737991266 0.4639423076923077 0.2663755458515284 0.07932692307692307
0 0.5283842794759825 0.4254807692307692 0.24017467248908297 0.07692307692307693
0 0.5764192139737991 0.36538461538461536 0.28820960698689957 0.07692307692307693
0 0.611353711790393 0.31490384615384615 0.2663755458515284 0.0673076923076923
0 0.6331877729257642 0.2764423076923077 0.31004366812227074 0.07692307692307693
0 0.5851528384279476 0.22596153846153846 0.32751091703056767 0.06490384615384616
0 0.5502183406113537 0.1875 0.31004366812227074 0.0625
0 0.4890829694323144 0.15144230769230768 0.23580786026200873 0.06009615384615385
0 0.44541484716157204 0.10336538461538461 0.23580786026200873 0.04326923076923077
0 0.44541484716157204 0.0625 0.2052401746724891 0.04567307692307692