0 0.4192139737991266 0.08173076923076923 0.2445414847161572 0.05048076923076923
0 0.42358078602620086 0.13221153846153846 0.24017467248908297 0.05048076923076923
0 0.42358078602620086 0.18269230769230768 0.2445414847161572 0.05048076923076923
0 0.4410480349344978 0.22596153846153846 0.27510917030567683 0.055288461538461536
0 0.4366812227074236 0.2692307692307692 0.25327510917030566 0.05048076923076923
0 0.4410480349344978 0.32211538461538464 0.2663755458515284 0.06009615384615385
0 0.43231441048034935 0.375 0.27074235807860264 0.052884615384615384
0 0.4497816593886463 0.4254807692307692 0.27074235807860264 0.052884615384615384
0 0.4366812227074236 0.4735576923076923 0.26200873362445415 0.0625
0 0.462882096069869 0.5408653846153846 0.2794759825327511 0.06009615384615385
0 0.462882096069869 0.5985576923076923 0.2794759825327511 0.06490384615384616
0 0.4759825327510917 0.6538461538461539 0.2794759825327511 0.057692307692307696
0 0.4978165938864629 0.7067307692307693 0.3799126637554585 0.0625
0 0.462882096069869 0.7475961538461539 0.3406113537117904 0.06009615384615385
0 0.4148471615720524 0.8004807692307693 0.31877729257641924 0.06490384615384616
0 0.38427947598253276 0.8581730769230769 0.3537117903930131 0.06971153846153846
0 0.36681222707423583 0.90625 0.42358078602620086 0.0673076923076923