0 0.5065502183406113 0.6899038461538461 0.15283842794759825 0.028846153846153848
0 0.47161572052401746 0.6442307692307693 0.1615720524017467 0.026442307692307692
0 0.4585152838427948 0.6009615384615384 0.1615720524017467 0.02403846153846154
0 0.47161572052401746 0.5697115384615384 0.1703056768558952 0.021634615384615384
0 0.5283842794759825 0.3004807692307692 0.13100436681222707 0.014423076923076924
0 0.5414847161572053 0.32211538461538464 0.13100436681222707 0.01201923076923077
0 0.5589519650655022 0.34615384615384615 0.13100436681222707 0.016826923076923076
0 0.5851528384279476 0.3629807692307692 0.13537117903930132 0.016826923076923076
0 0.611353711790393 0.38221153846153844 0.14410480349344978 0.019230769230769232
0 0.6419213973799127 0.4110576923076923 0.11790393013100436 0.021634615384615384
0 0.49344978165938863 0.5384615384615384 0.17903930131004367 0.014423076923076924
0 0.5327510917030568 0.5168269230769231 0.17903930131004367 0.01201923076923077
0 0.5807860262008734 0.5 0.22270742358078602 0.016826923076923076
0 0.6419213973799127 0.46153846153846156 0.15283842794759825 0.014423076923076924
0 0.6550218340611353 0.4375 0.1222707423580786 0.01201923076923077
0 0.6331877729257642 0.4807692307692308 0.1222707423580786 0.009615384615384616