0 0.45414847161572053 0.08173076923076923 0.24017467248908297 0.06971153846153846
0 0.4890829694323144 0.125 0.22707423580786026 0.07211538461538461
0 0.5283842794759825 0.1658653846153846 0.22707423580786026 0.0673076923076923
0 0.5633187772925764 0.21153846153846154 0.24017467248908297 0.06490384615384616
0 0.5764192139737991 0.25961538461538464 0.2576419213973799 0.06009615384615385
0 0.5938864628820961 0.30528846153846156 0.2663755458515284 0.06490384615384616
0 0.5807860262008734 0.3485576923076923 0.24890829694323144 0.06490384615384616
0 0.5633187772925764 0.39663461538461536 0.24890829694323144 0.07692307692307693
0 0.519650655021834 0.44711538461538464 0.2314410480349345 0.07451923076923077
0 0.4497816593886463 0.5 0.27074235807860264 0.07692307692307693
0 0.40611353711790393 0.5552884615384616 0.2663755458515284 0.07932692307692307
0 0.37554585152838427 0.6177884615384616 0.2838427947598253 0.06009615384615385
0 0.37554585152838427 0.6826923076923077 0.2794759825327511 0.0673076923076923
0 0.3930131004366812 0.7524038461538461 0.2925764192139738 0.07692307692307693
0 0.462882096069869 0.8245192307692307 0.3406113537117904 0.08653846153846154
0 0.4890829694323144 0.8966346153846154 0.388646288209607 0.07932692307692307