0 0.5625 0.7620192307692307 0.2767857142857143 0.04326923076923077
0 0.5625 0.7235576923076923 0.24107142857142858 0.040865384615384616
0 0.5357142857142857 0.6754807692307693 0.25892857142857145 0.038461538461538464
0 0.49107142857142855 0.6322115384615384 0.21428571428571427 0.04807692307692308
0 0.48214285714285715 0.5913461538461539 0.1875 0.03365384615384615
0 0.4732142857142857 0.5504807692307693 0.20535714285714285 0.038461538461538464
0 0.4732142857142857 0.5144230769230769 0.1875 0.036057692307692304
0 0.48214285714285715 0.4807692307692308 0.1875 0.036057692307692304
0 0.5 0.44471153846153844 0.16964285714285715 0.036057692307692304
0 0.5089285714285714 0.4182692307692308 0.16964285714285715 0.028846153846153848
0 0.5178571428571429 0.3894230769230769 0.17857142857142858 0.03365384615384615
0 0.49107142857142855 0.3605769230769231 0.16071428571428573 0.028846153846153848
0 0.4642857142857143 0.3317307692307692 0.15178571428571427 0.026442307692307692
0 0.42857142857142855 0.30288461538461536 0.14285714285714285 0.03125
0 0.4017857142857143 0.2764423076923077 0.125 0.03125
0 0.39285714285714285 0.25240384615384615 0.15178571428571427 0.03125