0 0.4847161572052402 0.0889423076923077 0.18340611353711792 0.04567307692307692
0 0.4890829694323144 0.13221153846153846 0.17467248908296942 0.04567307692307692
0 0.49344978165938863 0.17307692307692307 0.1703056768558952 0.05048076923076923
0 0.4978165938864629 0.22115384615384615 0.1615720524017467 0.055288461538461536
0 0.5109170305676856 0.2644230769230769 0.17903930131004367 0.052884615384615384
0 0.5109170305676856 0.3125 0.18340611353711792 0.06009615384615385
0 0.5065502183406113 0.3605769230769231 0.18777292576419213 0.0625
0 0.48034934497816595 0.41586538461538464 0.20087336244541484 0.0673076923076923
0 0.4410480349344978 0.46153846153846156 0.22270742358078602 0.06490384615384616
0 0.388646288209607 0.5120192307692307 0.23580786026200873 0.06971153846153846
0 0.35807860262008734 0.5745192307692307 0.23580786026200873 0.07451923076923077
0 0.34497816593886466 0.6346153846153846 0.25327510917030566 0.0673076923076923
0 0.3624454148471616 0.7019230769230769 0.26200873362445415 0.07451923076923077
0 0.4148471615720524 0.7572115384615384 0.2576419213973799 0.09375
0 0.4890829694323144 0.8293269230769231 0.28820960698689957 0.0889423076923077
0 0.5152838427947598 0.8990384615384616 0.31877729257641924 0.08173076923076923