0 0.43231441048034935 0.8629807692307693 0.3537117903930131 0.08653846153846154
0 0.4672489082969432 0.7884615384615384 0.2838427947598253 0.07692307692307693
0 0.5021834061135371 0.7211538461538461 0.27510917030567683 0.08173076923076923
0 0.5676855895196506 0.6538461538461539 0.2445414847161572 0.0673076923076923
0 0.611353711790393 0.5985576923076923 0.22707423580786026 0.06971153846153846
0 0.6506550218340611 0.5336538461538461 0.25327510917030566 0.07211538461538461
0 0.6681222707423581 0.47596153846153844 0.25327510917030566 0.06490384615384616
0 0.6550218340611353 0.4206730769230769 0.2576419213973799 0.07451923076923077
0 0.6419213973799127 0.36538461538461536 0.24890829694323144 0.0673076923076923
0 0.6200873362445415 0.3125 0.23580786026200873 0.06009615384615385
0 0.5807860262008734 0.27163461538461536 0.2314410480349345 0.06490384615384616
0 0.5502183406113537 0.22596153846153846 0.2183406113537118 0.055288461538461536
0 0.5240174672489083 0.18269230769230768 0.18777292576419213 0.04567307692307692
0 0.4847161572052402 0.1346153846153846 0.18777292576419213 0.04807692307692308
0 0.48034934497816595 0.0985576923076923 0.17903930131004367 0.04326923076923077