0 0.5109170305676856 0.0625 0.2183406113537118 0.05048076923076923
0 0.5021834061135371 0.10336538461538461 0.2183406113537118 0.057692307692307696
0 0.5021834061135371 0.1466346153846154 0.19213973799126638 0.052884615384615384
0 0.4890829694323144 0.18990384615384615 0.2096069868995633 0.055288461538461536
0 0.4890829694323144 0.23557692307692307 0.20087336244541484 0.06009615384615385
0 0.49344978165938863 0.28125 0.21397379912663755 0.0625
0 0.5152838427947598 0.33413461538461536 0.22270742358078602 0.06490384615384616
0 0.5327510917030568 0.3798076923076923 0.2314410480349345 0.0625
0 0.5458515283842795 0.42788461538461536 0.2445414847161572 0.06490384615384616
0 0.537117903930131 0.4831730769230769 0.25327510917030566 0.07211538461538461
0 0.5240174672489083 0.53125 0.2576419213973799 0.06971153846153846
0 0.5021834061135371 0.59375 0.23580786026200873 0.07692307692307693
0 0.48034934497816595 0.6610576923076923 0.26200873362445415 0.07692307692307693
0 0.47161572052401746 0.7235576923076923 0.2576419213973799 0.07932692307692307
0 0.4672489082969432 0.7956730769230769 0.2576419213973799 0.07211538461538461
0 0.5021834061135371 0.8677884615384616 0.2925764192139738 0.07692307692307693