0 0.4585152838427948 0.09615384615384616 0.19213973799126638 0.052884615384615384
0 0.45414847161572053 0.1346153846153846 0.19213973799126638 0.055288461538461536
0 0.45414847161572053 0.18269230769230768 0.1965065502183406 0.06490384615384616
0 0.4585152838427948 0.2283653846153846 0.23580786026200873 0.07211538461538461
0 0.4585152838427948 0.2764423076923077 0.2314410480349345 0.06971153846153846
0 0.4672489082969432 0.31490384615384615 0.22270742358078602 0.0673076923076923
0 0.4759825327510917 0.36778846153846156 0.2096069868995633 0.06971153846153846
0 0.462882096069869 0.4206730769230769 0.21397379912663755 0.0673076923076923
0 0.4497816593886463 0.46875 0.22270742358078602 0.06971153846153846
0 0.43231441048034935 0.5240384615384616 0.2314410480349345 0.07211538461538461
0 0.388646288209607 0.5889423076923077 0.2445414847161572 0.07451923076923077
0 0.37554585152838427 0.6442307692307693 0.2445414847161572 0.07211538461538461
0 0.37117903930131 0.7091346153846154 0.2445414847161572 0.08173076923076923
0 0.4017467248908297 0.7668269230769231 0.25327510917030566 0.08653846153846154
0 0.48034934497816595 0.8317307692307693 0.2663755458515284 0.10336538461538461
0 0.5065502183406113 0.9038461538461539 0.28820960698689957 0.0889423076923077