0 0.35714285714285715 0.8100961538461539 0.5306122448979592 0.052884615384615384
0 0.35714285714285715 0.7475961538461539 0.5918367346938775 0.057692307692307696
0 0.35714285714285715 0.6850961538461539 0.5714285714285714 0.06009615384615385
0 0.45918367346938777 0.6274038461538461 0.4387755102040816 0.05048076923076923
0 0.6122448979591837 0.5865384615384616 0.3877551020408163 0.05048076923076923
0 0.7040816326530612 0.5384615384615384 0.41836734693877553 0.05048076923076923
0 0.7244897959183674 0.49278846153846156 0.42857142857142855 0.04567307692307692
0 0.7142857142857143 0.44711538461538464 0.42857142857142855 0.038461538461538464
0 0.6326530612244898 0.40865384615384615 0.41836734693877553 0.036057692307692304
0 0.5714285714285714 0.3701923076923077 0.4489795918367347 0.04326923076923077
0 0.5204081632653061 0.3269230769230769 0.3673469387755102 0.040865384615384616
0 0.47959183673469385 0.28846153846153844 0.3877551020408163 0.03365384615384615
0 0.42857142857142855 0.25 0.41836734693877553 0.04567307692307692
0 0.40816326530612246 0.2091346153846154 0.42857142857142855 0.04326923076923077
0 0.3979591836734694 0.17067307692307693 0.41836734693877553 0.040865384615384616
0 0.3877551020408163 0.13221153846153846 0.42857142857142855 0.04567307692307692