0 0.4410480349344978 0.8293269230769231 0.24890829694323144 0.08173076923076923
0 0.47161572052401746 0.7475961538461539 0.2445414847161572 0.08173076923076923
0 0.5065502183406113 0.6850961538461539 0.2663755458515284 0.06971153846153846
0 0.5764192139737991 0.6274038461538461 0.22707423580786026 0.08413461538461539
0 0.6419213973799127 0.5649038461538461 0.2445414847161572 0.07211538461538461
0 0.7117903930131004 0.5144230769230769 0.24890829694323144 0.07211538461538461
0 0.7467248908296943 0.4567307692307692 0.2314410480349345 0.055288461538461536
0 0.7554585152838428 0.40865384615384615 0.2096069868995633 0.052884615384615384
0 0.74235807860262 0.3629807692307692 0.22707423580786026 0.04567307692307692
0 0.7030567685589519 0.3076923076923077 0.17467248908296942 0.05048076923076923
0 0.6419213973799127 0.27163461538461536 0.18777292576419213 0.057692307692307696
0 0.6200873362445415 0.22596153846153846 0.17903930131004367 0.04807692307692308
0 0.5851528384279476 0.18990384615384615 0.18340611353711792 0.052884615384615384
0 0.5327510917030568 0.13942307692307693 0.1615720524017467 0.05048076923076923
0 0.519650655021834 0.10336538461538461 0.17903930131004367 0.04807692307692308
0 0.43231441048034935 0.9014423076923077 0.3056768558951965 0.07692307692307693