0 0.49344978165938863 0.9423076923076923 0.4366812227074236 0.06009615384615385
0 0.4890829694323144 0.875 0.34934497816593885 0.08173076923076923
0 0.5065502183406113 0.7980769230769231 0.3056768558951965 0.07451923076923077
0 0.5414847161572053 0.7283653846153846 0.25327510917030566 0.07211538461538461
0 0.5851528384279476 0.6586538461538461 0.29694323144104806 0.07692307692307693
0 0.6331877729257642 0.5985576923076923 0.2925764192139738 0.0673076923076923
0 0.6681222707423581 0.5384615384615384 0.29694323144104806 0.07451923076923077
0 0.6462882096069869 0.47836538461538464 0.28820960698689957 0.052884615384615384
0 0.6462882096069869 0.4230769230769231 0.29694323144104806 0.06009615384615385
0 0.6069868995633187 0.3798076923076923 0.2838427947598253 0.055288461538461536
0 0.5982532751091703 0.32211538461538464 0.2794759825327511 0.04807692307692308
0 0.5545851528384279 0.2692307692307692 0.2576419213973799 0.05048076923076923
0 0.5327510917030568 0.22355769230769232 0.2445414847161572 0.052884615384615384
0 0.5240174672489083 0.17307692307692307 0.24890829694323144 0.0673076923076923
0 0.5152838427947598 0.12259615384615384 0.20087336244541484 0.05048076923076923
0 0.5283842794759825 0.07211538461538461 0.24890829694323144 0.055288461538461536
0 0.5327510917030568 0.026442307692307692 0.27074235807860264 0.05048076923076923