0 0.45414847161572053 0.8653846153846154 0.2576419213973799 0.06490384615384616
0 0.388646288209607 0.7908653846153846 0.24017467248908297 0.07211538461538461
0 0.35807860262008734 0.7307692307692307 0.2052401746724891 0.05048076923076923
0 0.37117903930131 0.6610576923076923 0.1965065502183406 0.0673076923076923
0 0.4148471615720524 0.59375 0.22270742358078602 0.06971153846153846
0 0.4847161572052402 0.5432692307692307 0.19213973799126638 0.08173076923076923
0 0.5283842794759825 0.49278846153846156 0.18777292576419213 0.07451923076923077
0 0.5676855895196506 0.4326923076923077 0.1965065502183406 0.055288461538461536
0 0.5676855895196506 0.375 0.20087336244541484 0.052884615384615384
0 0.5807860262008734 0.3293269230769231 0.17467248908296942 0.05048076923076923
0 0.5633187772925764 0.27884615384615385 0.18777292576419213 0.05048076923076923
0 0.5545851528384279 0.2283653846153846 0.17903930131004367 0.05048076923076923
0 0.5109170305676856 0.1778846153846154 0.1703056768558952 0.04567307692307692
0 0.4890829694323144 0.13942307692307693 0.1703056768558952 0.04567307692307692
0 0.4672489082969432 0.0985576923076923 0.14847161572052403 0.038461538461538464
0 0.462882096069869 0.06490384615384616 0.13537117903930132 0.036057692307692304