0 0.4580152671755725 0.25 0.1450381679389313 0.03365384615384615
0 0.4732824427480916 0.27884615384615385 0.1450381679389313 0.02403846153846154
0 0.48854961832061067 0.30288461538461536 0.16793893129770993 0.03125
0 0.5038167938931297 0.3317307692307692 0.13740458015267176 0.03125
0 0.5038167938931297 0.3629807692307692 0.1450381679389313 0.03125
0 0.48854961832061067 0.3942307692307692 0.13740458015267176 0.03365384615384615
0 0.4732824427480916 0.4230769230769231 0.15267175572519084 0.03365384615384615
0 0.4580152671755725 0.4567307692307692 0.15267175572519084 0.040865384615384616
0 0.4351145038167939 0.4855769230769231 0.17557251908396945 0.036057692307692304
0 0.3969465648854962 0.5216346153846154 0.183206106870229 0.04567307692307692
0 0.366412213740458 0.5649038461538461 0.19083969465648856 0.04567307692307692
0 0.366412213740458 0.6081730769230769 0.1984732824427481 0.040865384615384616
0 0.3969465648854962 0.6586538461538461 0.21374045801526717 0.052884615384615384
0 0.45038167938931295 0.7067307692307693 0.22900763358778625 0.055288461538461536
0 0.5190839694656488 0.7427884615384616 0.25190839694656486 0.04326923076923077