0 0.44375 0.18990384615384615 0.175 0.04567307692307692
0 0.4375 0.22115384615384615 0.16875 0.038461538461538464
0 0.45 0.25721153846153844 0.15625 0.040865384615384616
0 0.4875 0.2860576923076923 0.16875 0.038461538461538464
0 0.50625 0.32211538461538464 0.16875 0.036057692307692304
0 0.55 0.35336538461538464 0.18125 0.04326923076923077
0 0.5875 0.3798076923076923 0.16875 0.038461538461538464
0 0.6375 0.4110576923076923 0.18125 0.04807692307692308
0 0.64375 0.4495192307692308 0.19375 0.04326923076923077
0 0.6375 0.4855769230769231 0.20625 0.04567307692307692
0 0.5875 0.5240384615384616 0.21875 0.04567307692307692
0 0.5375 0.5576923076923077 0.2375 0.04807692307692308
0 0.45 0.6033653846153846 0.225 0.057692307692307696
0 0.40625 0.6514423076923077 0.23125 0.05048076923076923
0 0.36875 0.7043269230769231 0.24375 0.055288461538461536
0 0.375 0.7572115384615384 0.29375 0.06490384615384616