0 0.5202020202020202 0.7283653846153846 0.16666666666666666 0.04326923076923077
0 0.51010101010101 0.6826923076923077 0.15656565656565657 0.04807692307692308
0 0.494949494949495 0.6394230769230769 0.15656565656565657 0.04807692307692308
0 0.4696969696969697 0.5865384615384616 0.15656565656565657 0.04807692307692308
0 0.47474747474747475 0.5504807692307693 0.1414141414141414 0.04326923076923077
0 0.5 0.5168269230769231 0.12626262626262627 0.052884615384615384
0 0.5505050505050505 0.4855769230769231 0.12626262626262627 0.04326923076923077
0 0.5404040404040404 0.2620192307692308 0.10101010101010101 0.026442307692307692
0 0.5606060606060606 0.29086538461538464 0.08080808080808081 0.026442307692307692
0 0.5909090909090909 0.3125 0.10101010101010101 0.02403846153846154
0 0.6161616161616161 0.34375 0.09595959595959595 0.03125
0 0.6414141414141414 0.37259615384615385 0.09595959595959595 0.026442307692307692
0 0.6414141414141414 0.4014423076923077 0.09090909090909091 0.028846153846153848
0 0.6363636363636364 0.42788461538461536 0.10606060606060606 0.03125
0 0.6161616161616161 0.44711538461538464 0.12626262626262627 0.03365384615384615
0 0.5909090909090909 0.46153846153846156 0.12626262626262627 0.04326923076923077