0 0.5589519650655022 0.04807692307692308 0.2314410480349345 0.0625
0 0.5938864628820961 0.09375 0.22707423580786026 0.0673076923076923
0 0.6331877729257642 0.13701923076923078 0.2314410480349345 0.07451923076923077
0 0.6768558951965066 0.18028846153846154 0.2314410480349345 0.06971153846153846
0 0.7379912663755459 0.22115384615384615 0.22707423580786026 0.06971153846153846
0 0.7860262008733624 0.27163461538461536 0.22707423580786026 0.07692307692307693
0 0.8253275109170306 0.31490384615384615 0.23580786026200873 0.07211538461538461
0 0.8384279475982532 0.37259615384615385 0.22707423580786026 0.0673076923076923
0 0.8471615720524017 0.43028846153846156 0.2183406113537118 0.07932692307692307
0 0.8034934497816594 0.4831730769230769 0.22707423580786026 0.0889423076923077
0 0.7117903930131004 0.5288461538461539 0.23580786026200873 0.09375
0 0.611353711790393 0.5721153846153846 0.27074235807860264 0.09375
0 0.5065502183406113 0.6225961538461539 0.22707423580786026 0.10096153846153846
0 0.3799126637554585 0.6802884615384616 0.2838427947598253 0.0889423076923077
0 0.314410480349345 0.7524038461538461 0.28820960698689957 0.0985576923076923
0 0.3056768558951965 0.8389423076923077 0.29694323144104806 0.0889423076923077