0 0.4978165938864629 0.11057692307692307 0.24890829694323144 0.052884615384615384
0 0.5240174672489083 0.15625 0.22270742358078602 0.052884615384615384
0 0.5327510917030568 0.1971153846153846 0.24017467248908297 0.057692307692307696
0 0.5240174672489083 0.2403846153846154 0.24017467248908297 0.07692307692307693
0 0.519650655021834 0.30288461538461536 0.2838427947598253 0.08413461538461539
0 0.5021834061135371 0.35096153846153844 0.26200873362445415 0.07211538461538461
0 0.5152838427947598 0.39903846153846156 0.27074235807860264 0.06971153846153846
0 0.5021834061135371 0.4519230769230769 0.314410480349345 0.06490384615384616
0 0.4890829694323144 0.5096153846153846 0.33624454148471616 0.07692307692307693
0 0.45414847161572053 0.5745192307692307 0.3537117903930131 0.07451923076923077
0 0.4279475982532751 0.6370192307692307 0.35807860262008734 0.07692307692307693
0 0.44541484716157204 0.7019230769230769 0.37117903930131 0.07692307692307693
0 0.5021834061135371 0.7596153846153846 0.40611353711790393 0.09375
0 0.5895196506550219 0.8389423076923077 0.4410480349344978 0.10336538461538461
0 0.6419213973799127 0.9158653846153846 0.44541484716157204 0.09375