0 0.5283842794759825 0.8317307692307693 0.3799126637554585 0.06490384615384616
0 0.5327510917030568 0.7692307692307693 0.3231441048034934 0.052884615384615384
0 0.5545851528384279 0.7091346153846154 0.31004366812227074 0.06971153846153846
0 0.5545851528384279 0.6490384615384616 0.28820960698689957 0.052884615384615384
0 0.5764192139737991 0.5889423076923077 0.2794759825327511 0.06009615384615385
0 0.5676855895196506 0.5240384615384616 0.30131004366812225 0.055288461538461536
0 0.5764192139737991 0.47115384615384615 0.32751091703056767 0.0625
0 0.6069868995633187 0.40865384615384615 0.314410480349345 0.055288461538461536
0 0.5807860262008734 0.3605769230769231 0.30131004366812225 0.05048076923076923
0 0.5764192139737991 0.31490384615384615 0.2838427947598253 0.04567307692307692
0 0.5807860262008734 0.2668269230769231 0.25327510917030566 0.04567307692307692
0 0.5545851528384279 0.21394230769230768 0.27510917030567683 0.06009615384615385
0 0.5414847161572053 0.15865384615384615 0.1965065502183406 0.036057692307692304
0 0.5240174672489083 0.11298076923076923 0.1965065502183406 0.03125
0 0.5152838427947598 0.07932692307692307 0.1615720524017467 0.028846153846153848