0 0.44715447154471544 0.7493975903614458 0.4634146341463415 0.06987951807228916
0 0.45528455284552843 0.689156626506024 0.43902439024390244 0.06506024096385542
0 0.5284552845528455 0.6385542168674698 0.4146341463414634 0.060240963855421686
0 0.6178861788617886 0.5975903614457831 0.3089430894308943 0.05542168674698795
0 0.7317073170731707 0.5566265060240964 0.3333333333333333 0.04819277108433735
0 0.7967479674796748 0.5108433734939759 0.3170731707317073 0.04819277108433735
0 0.8130081300813008 0.41445783132530123 0.3333333333333333 0.05542168674698795
0 0.8170731707317073 0.4614457831325301 0.36585365853658536 0.05542168674698795
0 0.7723577235772358 0.38313253012048193 0.37398373983739835 0.03855421686746988
0 0.7073170731707317 0.344578313253012 0.35772357723577236 0.043373493975903614
0 0.6422764227642277 0.3156626506024096 0.44715447154471544 0.05060240963855422
0 0.5934959349593496 0.27710843373493976 0.4959349593495935 0.03855421686746988
0 0.5528455284552846 0.2433734939759036 0.34959349593495936 0.05060240963855422
0 0.5365853658536586 0.20963855421686747 0.3252032520325203 0.03855421686746988
0 0.5447154471544715 0.1710843373493976 0.3170731707317073 0.043373493975903614
0 0.5609756097560976 0.13493975903614458 0.34146341463414637 0.043373493975903614