0 0.5109170305676856 0.036057692307692304 0.19213973799126638 0.04326923076923077
0 0.5065502183406113 0.07932692307692307 0.1572052401746725 0.036057692307692304
0 0.47161572052401746 0.11057692307692307 0.19213973799126638 0.04326923076923077
0 0.4497816593886463 0.16105769230769232 0.19213973799126638 0.057692307692307696
0 0.44541484716157204 0.19951923076923078 0.14410480349344978 0.057692307692307696
0 0.4497816593886463 0.2403846153846154 0.21397379912663755 0.04807692307692308
0 0.4847161572052402 0.2932692307692308 0.23580786026200873 0.04807692307692308
0 0.5240174672489083 0.34134615384615385 0.2052401746724891 0.052884615384615384
0 0.5458515283842795 0.3918269230769231 0.22707423580786026 0.0625
0 0.5633187772925764 0.44471153846153844 0.25327510917030566 0.05048076923076923
0 0.5720524017467249 0.49278846153846156 0.2314410480349345 0.06490384615384616
0 0.5502183406113537 0.5576923076923077 0.24890829694323144 0.055288461538461536
0 0.5327510917030568 0.6081730769230769 0.23580786026200873 0.07211538461538461
0 0.519650655021834 0.6706730769230769 0.2576419213973799 0.07932692307692307
0 0.5109170305676856 0.7403846153846154 0.24017467248908297 0.07692307692307693
0 0.5240174672489083 0.8149038461538461 0.2576419213973799 0.07211538461538461
0 0.5327510917030568 0.8870192307692307 0.2445414847161572 0.06009615384615385