0 0.4528301886792453 0.22355769230769232 0.11949685534591195 0.026442307692307692
0 0.4528301886792453 0.24759615384615385 0.11949685534591195 0.026442307692307692
0 0.4528301886792453 0.27163461538461536 0.1069182389937107 0.028846153846153848
0 0.4528301886792453 0.30288461538461536 0.1069182389937107 0.03125
0 0.4716981132075472 0.3269230769230769 0.1069182389937107 0.03125
0 0.49056603773584906 0.3557692307692308 0.11949685534591195 0.03365384615384615
0 0.5094339622641509 0.38221153846153844 0.1320754716981132 0.036057692307692304
0 0.5157232704402516 0.4110576923076923 0.12578616352201258 0.03365384615384615
0 0.5220125786163522 0.43990384615384615 0.1320754716981132 0.03365384615384615
0 0.5157232704402516 0.46875 0.1320754716981132 0.03365384615384615
0 0.4968553459119497 0.5048076923076923 0.13836477987421383 0.036057692307692304
0 0.46540880503144655 0.5360576923076923 0.13836477987421383 0.040865384615384616
0 0.44654088050314467 0.5745192307692307 0.1320754716981132 0.040865384615384616
0 0.44025157232704404 0.6129807692307693 0.13836477987421383 0.036057692307692304
0 0.44654088050314467 0.65625 0.1509433962264151 0.040865384615384616
0 0.4716981132075472 0.6995192307692307 0.1509433962264151 0.04567307692307692
0 0.4968553459119497 0.7451923076923077 0.1761006289308176 0.04567307692307692