0 0.43891402714932126 0.8125 0.18099547511312217 0.040865384615384616
0 0.43891402714932126 0.7716346153846154 0.15384615384615385 0.028846153846153848
0 0.42081447963800905 0.7235576923076923 0.17647058823529413 0.04807692307692308
0 0.4253393665158371 0.6730769230769231 0.167420814479638 0.04326923076923077
0 0.4298642533936652 0.6322115384615384 0.17194570135746606 0.03365384615384615
0 0.4660633484162896 0.5913461538461539 0.18552036199095023 0.040865384615384616
0 0.502262443438914 0.5504807692307693 0.17647058823529413 0.03125
0 0.5203619909502263 0.5120192307692307 0.15384615384615385 0.02403846153846154
0 0.5384615384615384 0.47836538461538464 0.1583710407239819 0.026442307692307692
0 0.5384615384615384 0.44711538461538464 0.14479638009049775 0.02403846153846154
0 0.5248868778280543 0.41346153846153844 0.13574660633484162 0.02403846153846154
0 0.5067873303167421 0.38461538461538464 0.14027149321266968 0.019230769230769232
0 0.4751131221719457 0.35336538461538464 0.13574660633484162 0.021634615384615384
0 0.45248868778280543 0.31971153846153844 0.11764705882352941 0.02403846153846154
0 0.4343891402714932 0.2932692307692308 0.1085972850678733 0.019230769230769232
0 0.4298642533936652 0.2620192307692308 0.12217194570135746 0.02403846153846154