0 0.3821138211382114 0.8125 0.3170731707317073 0.07692307692307693
0 0.45528455284552843 0.7235576923076923 0.2845528455284553 0.05048076923076923
0 0.5040650406504065 0.6682692307692307 0.2926829268292683 0.055288461538461536
0 0.5284552845528455 0.6081730769230769 0.2764227642276423 0.0625
0 0.5934959349593496 0.5673076923076923 0.2682926829268293 0.057692307692307696
0 0.6341463414634146 0.5048076923076923 0.23577235772357724 0.04567307692307692
0 0.6585365853658537 0.46634615384615385 0.2682926829268293 0.05048076923076923
0 0.6585365853658537 0.43028846153846156 0.21138211382113822 0.04807692307692308
0 0.6504065040650406 0.3870192307692308 0.21951219512195122 0.036057692307692304
0 0.6341463414634146 0.35096153846153844 0.2032520325203252 0.038461538461538464
0 0.6016260162601627 0.3173076923076923 0.2032520325203252 0.05048076923076923
0 0.6016260162601627 0.27884615384615385 0.21951219512195122 0.036057692307692304
0 0.5772357723577236 0.25 0.18699186991869918 0.03125
0 0.5528455284552846 0.22115384615384615 0.17073170731707318 0.03365384615384615
0 0.5447154471544715 0.1875 0.17886178861788618 0.036057692307692304