0 0.4672489082969432 0.7956730769230769 0.34497816593886466 0.0673076923076923
0 0.388646288209607 0.7307692307692307 0.34497816593886466 0.06490384615384616
0 0.3537117903930131 0.6634615384615384 0.314410480349345 0.06971153846153846
0 0.3930131004366812 0.5985576923076923 0.34934497816593885 0.07211538461538461
0 0.4410480349344978 0.5336538461538461 0.314410480349345 0.0673076923076923
0 0.5021834061135371 0.4855769230769231 0.30131004366812225 0.06009615384615385
0 0.5545851528384279 0.4326923076923077 0.27074235807860264 0.057692307692307696
0 0.5764192139737991 0.38461538461538464 0.2663755458515284 0.055288461538461536
0 0.5764192139737991 0.3317307692307692 0.27510917030567683 0.04567307692307692
0 0.5283842794759825 0.2956730769230769 0.2663755458515284 0.057692307692307696
0 0.4890829694323144 0.24759615384615385 0.24890829694323144 0.052884615384615384
0 0.4672489082969432 0.20432692307692307 0.22707423580786026 0.05048076923076923
0 0.44541484716157204 0.16346153846153846 0.22707423580786026 0.055288461538461536
0 0.4410480349344978 0.11778846153846154 0.2314410480349345 0.04326923076923077
0 0.4497816593886463 0.08413461538461539 0.2096069868995633 0.040865384615384616