0 0.39622641509433965 0.6418269230769231 0.37735849056603776 0.038461538461538464
0 0.330188679245283 0.5913461538461539 0.330188679245283 0.038461538461538464
0 0.3584905660377358 0.5456730769230769 0.3490566037735849 0.038461538461538464
0 0.4339622641509434 0.5096153846153846 0.3584905660377358 0.028846153846153848
0 0.5 0.6947115384615384 0.39622641509433965 0.038461538461538464
0 0.5094339622641509 0.4735576923076923 0.3867924528301887 0.028846153846153848
0 0.4811320754716981 0.18509615384615385 0.2358490566037736 0.03365384615384615
0 0.5 0.21875 0.24528301886792453 0.026442307692307692
0 0.5377358490566038 0.25240384615384615 0.22641509433962265 0.028846153846153848
0 0.5849056603773585 0.28846153846153844 0.24528301886792453 0.028846153846153848
0 0.6226415094339622 0.32211538461538464 0.29245283018867924 0.03125
0 0.6415094339622641 0.3557692307692308 0.3113207547169811 0.03365384615384615
0 0.6320754716981132 0.39903846153846156 0.37735849056603776 0.036057692307692304
0 0.5849056603773585 0.4375 0.37735849056603776 0.03125
0 0.46226415094339623 0.15144230769230768 0.20754716981132076 0.02403846153846154
0 0.5283018867924528 0.7403846153846154 0.3867924528301887 0.036057692307692304