0 0.45414847161572053 0.036057692307692304 0.24017467248908297 0.040865384615384616
0 0.4585152838427948 0.06971153846153846 0.2314410480349345 0.04807692307692308
0 0.45414847161572053 0.10817307692307693 0.22707423580786026 0.055288461538461536
0 0.4759825327510917 0.15144230769230768 0.2314410480349345 0.04807692307692308
0 0.5065502183406113 0.19230769230769232 0.2314410480349345 0.04807692307692308
0 0.5327510917030568 0.23317307692307693 0.2445414847161572 0.05048076923076923
0 0.5502183406113537 0.2668269230769231 0.25327510917030566 0.052884615384615384
0 0.5720524017467249 0.3125 0.27510917030567683 0.06490384615384616
0 0.5720524017467249 0.3629807692307692 0.27510917030567683 0.0673076923076923
0 0.5545851528384279 0.4182692307692308 0.2838427947598253 0.07211538461538461
0 0.5109170305676856 0.4639423076923077 0.31004366812227074 0.07932692307692307
0 0.4104803493449782 0.5144230769230769 0.27510917030567683 0.06971153846153846
0 0.34497816593886466 0.5697115384615384 0.31004366812227074 0.07692307692307693
0 0.3056768558951965 0.6322115384615384 0.31004366812227074 0.08413461538461539
0 0.314410480349345 0.7067307692307693 0.3318777292576419 0.07451923076923077
0 0.33624454148471616 0.7620192307692307 0.33624454148471616 0.07211538461538461
0 0.40611353711790393 0.8221153846153846 0.3231441048034934 0.0889423076923077
0 0.4759825327510917 0.8894230769230769 0.33624454148471616 0.08173076923076923