0 0.4675324675324675 0.25721153846153844 0.11038961038961038 0.02403846153846154
0 0.4935064935064935 0.28125 0.11688311688311688 0.026442307692307692
0 0.5064935064935064 0.30528846153846156 0.11688311688311688 0.03125
0 0.512987012987013 0.33413461538461536 0.12337662337662338 0.026442307692307692
0 0.5194805194805194 0.3605769230769231 0.13636363636363635 0.028846153846153848
0 0.525974025974026 0.3894230769230769 0.11688311688311688 0.026442307692307692
0 0.5324675324675324 0.4206730769230769 0.12337662337662338 0.03125
0 0.5324675324675324 0.4519230769230769 0.12987012987012986 0.03365384615384615
0 0.5324675324675324 0.4879807692307692 0.12987012987012986 0.036057692307692304
0 0.525974025974026 0.5240384615384616 0.13636363636363635 0.038461538461538464
0 0.512987012987013 0.5625 0.16233766233766234 0.038461538461538464
0 0.5 0.6033653846153846 0.15584415584415584 0.04567307692307692
0 0.487012987012987 0.6466346153846154 0.17532467532467533 0.04567307692307692
0 0.4805194805194805 0.6875 0.18181818181818182 0.036057692307692304
0 0.487012987012987 0.7283653846153846 0.18831168831168832 0.036057692307692304