0 0.49390243902439024 0.14903846153846154 0.15853658536585366 0.038461538461538464
0 0.5121951219512195 0.18269230769230768 0.15853658536585366 0.04567307692307692
0 0.5121951219512195 0.22596153846153846 0.16463414634146342 0.052884615384615384
0 0.524390243902439 0.2668269230769231 0.16463414634146342 0.05048076923076923
0 0.5853658536585366 0.3076923076923077 0.17682926829268292 0.057692307692307696
0 0.6036585365853658 0.34615384615384615 0.15853658536585366 0.05048076923076923
0 0.6219512195121951 0.3870192307692308 0.15853658536585366 0.05048076923076923
0 0.6158536585365854 0.4326923076923077 0.18902439024390244 0.055288461538461536
0 0.5914634146341463 0.47836538461538464 0.1951219512195122 0.06009615384615385
0 0.5609756097560976 0.53125 0.23780487804878048 0.06971153846153846
0 0.4878048780487805 0.5793269230769231 0.23780487804878048 0.0673076923076923
0 0.4268292682926829 0.6346153846153846 0.22560975609756098 0.06971153846153846
0 0.38414634146341464 0.6899038461538461 0.25 0.07451923076923077
0 0.3597560975609756 0.7572115384615384 0.23170731707317074 0.07211538461538461
0 0.39634146341463417 0.8317307692307693 0.27439024390243905 0.07211538461538461
0 0.4878048780487805 0.11538461538461539 0.16463414634146342 0.03365384615384615