0 0.6724890829694323 0.9086538461538461 0.3537117903930131 0.09615384615384616
0 0.5938864628820961 0.8557692307692307 0.3231441048034934 0.10336538461538461
0 0.44541484716157204 0.8004807692307693 0.24890829694323144 0.0889423076923077
0 0.3056768558951965 0.7403846153846154 0.27510917030567683 0.08173076923076923
0 0.48034934497816595 0.4206730769230769 0.2445414847161572 0.07211538461538461
0 0.4104803493449782 0.4855769230769231 0.27074235807860264 0.07451923076923077
0 0.537117903930131 0.36778846153846156 0.26200873362445415 0.0673076923076923
0 0.5938864628820961 0.31009615384615385 0.24017467248908297 0.055288461538461536
0 0.3231441048034934 0.5240384615384616 0.2794759825327511 0.0625
0 0.27074235807860264 0.5793269230769231 0.31004366812227074 0.0625
0 0.23580786026200873 0.6514423076923077 0.2925764192139738 0.07932692307692307
0 0.5851528384279476 0.25240384615384615 0.3056768558951965 0.06009615384615385
0 0.5633187772925764 0.20192307692307693 0.2925764192139738 0.0625
0 0.4847161572052402 0.15625 0.22707423580786026 0.04807692307692308
0 0.4279475982532751 0.11298076923076923 0.20087336244541484 0.057692307692307696
0 0.3624454148471616 0.07932692307692307 0.2183406113537118 0.052884615384615384