0 0.5720524017467249 0.8990384615384616 0.4104803493449782 0.06009615384615385
0 0.5152838427947598 0.8389423076923077 0.37554585152838427 0.07451923076923077
0 0.4847161572052402 0.7668269230769231 0.3318777292576419 0.0673076923076923
0 0.4890829694323144 0.6995192307692307 0.3537117903930131 0.07211538461538461
0 0.5021834061135371 0.6346153846153846 0.314410480349345 0.06490384615384616
0 0.519650655021834 0.5769230769230769 0.314410480349345 0.0625
0 0.5414847161572053 0.5192307692307693 0.3056768558951965 0.055288461538461536
0 0.5458515283842795 0.46153846153846156 0.28820960698689957 0.0625
0 0.519650655021834 0.35096153846153844 0.27510917030567683 0.04567307692307692
0 0.5327510917030568 0.40625 0.314410480349345 0.055288461538461536
0 0.4978165938864629 0.3004807692307692 0.2445414847161572 0.055288461538461536
0 0.4890829694323144 0.24519230769230768 0.21397379912663755 0.05048076923076923
0 0.47161572052401746 0.19951923076923078 0.2096069868995633 0.057692307692307696
0 0.4366812227074236 0.15384615384615385 0.21397379912663755 0.052884615384615384
0 0.4017467248908297 0.11298076923076923 0.2096069868995633 0.052884615384615384
0 0.37117903930131 0.07451923076923077 0.23580786026200873 0.040865384615384616