0 0.44541484716157204 0.07211538461538461 0.24017467248908297 0.052884615384615384
0 0.4497816593886463 0.125 0.2096069868995633 0.04807692307692308
0 0.4890829694323144 0.16826923076923078 0.18777292576419213 0.05048076923076923
0 0.5414847161572053 0.21875 0.21397379912663755 0.07451923076923077
0 0.6375545851528385 0.2620192307692308 0.26200873362445415 0.08653846153846154
0 0.6812227074235808 0.31971153846153844 0.2838427947598253 0.06971153846153846
0 0.7205240174672489 0.37259615384615385 0.31877729257641924 0.05048076923076923
0 0.7074235807860262 0.4326923076923077 0.24017467248908297 0.055288461538461536
0 0.6069868995633187 0.4831730769230769 0.2838427947598253 0.07692307692307693
0 0.4585152838427948 0.5192307692307693 0.2663755458515284 0.08173076923076923
0 0.34497816593886466 0.5721153846153846 0.2663755458515284 0.09134615384615384
0 0.23580786026200873 0.6418269230769231 0.29694323144104806 0.07692307692307693
0 0.23580786026200873 0.7139423076923077 0.33624454148471616 0.07211538461538461
0 0.28820960698689957 0.7932692307692307 0.3318777292576419 0.10336538461538461
0 0.4279475982532751 0.8557692307692307 0.3231441048034934 0.10096153846153846
0 0.5240174672489083 0.9230769230769231 0.3056768558951965 0.0985576923076923