0 0.5676855895196506 0.11778846153846154 0.2314410480349345 0.05048076923076923
0 0.5720524017467249 0.16346153846153846 0.2314410480349345 0.052884615384615384
0 0.5851528384279476 0.21875 0.20087336244541484 0.06490384615384616
0 0.6200873362445415 0.27163461538461536 0.23580786026200873 0.0625
0 0.6768558951965066 0.32211538461538464 0.2445414847161572 0.06971153846153846
0 0.7117903930131004 0.36538461538461536 0.24890829694323144 0.0673076923076923
0 0.7205240174672489 0.4182692307692308 0.30131004366812225 0.06490384615384616
0 0.7161572052401747 0.4807692307692308 0.2925764192139738 0.09134615384615384
0 0.62882096069869 0.53125 0.27510917030567683 0.08173076923076923
0 0.5545851528384279 0.59375 0.3056768558951965 0.08173076923076923
0 0.48034934497816595 0.6346153846153846 0.27510917030567683 0.07932692307692307
0 0.4410480349344978 0.6971153846153846 0.2925764192139738 0.07692307692307693
0 0.4017467248908297 0.7644230769230769 0.29694323144104806 0.07451923076923077
0 0.40611353711790393 0.8413461538461539 0.31004366812227074 0.07451923076923077