0 0.5458515283842795 0.8173076923076923 0.3406113537117904 0.0673076923076923
0 0.5065502183406113 0.7572115384615384 0.24890829694323144 0.05048076923076923
0 0.462882096069869 0.7019230769230769 0.26200873362445415 0.055288461538461536
0 0.4759825327510917 0.6394230769230769 0.26200873362445415 0.07211538461538461
0 0.4847161572052402 0.5697115384615384 0.2183406113537118 0.0625
0 0.4890829694323144 0.5120192307692307 0.2052401746724891 0.06009615384615385
0 0.5065502183406113 0.46634615384615385 0.22707423580786026 0.06490384615384616
0 0.5109170305676856 0.41346153846153844 0.1703056768558952 0.04807692307692308
0 0.4978165938864629 0.36778846153846156 0.17467248908296942 0.052884615384615384
0 0.4890829694323144 0.3173076923076923 0.16593886462882096 0.04807692307692308
0 0.4759825327510917 0.27163461538461536 0.16593886462882096 0.052884615384615384
0 0.4672489082969432 0.22115384615384615 0.1572052401746725 0.052884615384615384
0 0.462882096069869 0.17548076923076922 0.15283842794759825 0.05048076923076923
0 0.4890829694323144 0.13221153846153846 0.1615720524017467 0.055288461538461536
0 0.5109170305676856 0.09375 0.1572052401746725 0.03365384615384615
0 0.5065502183406113 0.055288461538461536 0.13100436681222707 0.028846153846153848