0 0.29694323144104806 0.84375 0.3231441048034934 0.08173076923076923
0 0.2925764192139738 0.7572115384615384 0.2576419213973799 0.08173076923076923
0 0.3406113537117904 0.6826923076923077 0.27510917030567683 0.08653846153846154
0 0.47161572052401746 0.6298076923076923 0.27074235807860264 0.0889423076923077
0 0.5807860262008734 0.5793269230769231 0.2445414847161572 0.08173076923076923
0 0.6812227074235808 0.5336538461538461 0.2314410480349345 0.08413461538461539
0 0.7641921397379913 0.4807692307692308 0.25327510917030566 0.07211538461538461
0 0.8165938864628821 0.42788461538461536 0.25327510917030566 0.07211538461538461
0 0.8209606986899564 0.375 0.2576419213973799 0.0625
0 0.777292576419214 0.31971153846153844 0.25327510917030566 0.052884615384615384
0 0.7336244541484717 0.27163461538461536 0.24017467248908297 0.057692307692307696
0 0.7074235807860262 0.2283653846153846 0.24890829694323144 0.0625
0 0.6593886462882096 0.1778846153846154 0.2445414847161572 0.052884615384615384
0 0.6200873362445415 0.13701923076923078 0.2663755458515284 0.052884615384615384
0 0.5982532751091703 0.09375 0.27074235807860264 0.052884615384615384