0 0.4316546762589928 0.25240384615384615 0.1223021582733813 0.021634615384615384
0 0.4460431654676259 0.27403846153846156 0.11510791366906475 0.02403846153846154
0 0.48201438848920863 0.28846153846153844 0.12949640287769784 0.021634615384615384
0 0.539568345323741 0.30288461538461536 0.1366906474820144 0.02403846153846154
0 0.5899280575539568 0.31971153846153844 0.14388489208633093 0.02403846153846154
0 0.6618705035971223 0.3269230769230769 0.1223021582733813 0.026442307692307692
0 0.6906474820143885 0.34375 0.12949640287769784 0.02403846153846154
0 0.7122302158273381 0.36538461538461536 0.1510791366906475 0.026442307692307692
0 0.7050359712230215 0.3894230769230769 0.17985611510791366 0.03125
0 0.6834532374100719 0.40384615384615385 0.1510791366906475 0.026442307692307692
0 0.6402877697841727 0.4206730769230769 0.17266187050359713 0.03365384615384615
0 0.5899280575539568 0.4423076923076923 0.17266187050359713 0.03125
0 0.5035971223021583 0.46153846153846156 0.17985611510791366 0.03365384615384615
0 0.45323741007194246 0.49278846153846156 0.20863309352517986 0.03125
0 0.4172661870503597 0.5264423076923077 0.18705035971223022 0.03125
0 0.4244604316546763 0.5625 0.19424460431654678 0.03365384615384615
0 0.43884892086330934 0.6033653846153846 0.2014388489208633 0.040865384615384616