0 0.5414847161572053 0.04807692307692308 0.2314410480349345 0.057692307692307696
0 0.5938864628820961 0.09375 0.22707423580786026 0.057692307692307696
0 0.6550218340611353 0.13221153846153846 0.24017467248908297 0.06009615384615385
0 0.7161572052401747 0.17548076923076922 0.24890829694323144 0.06009615384615385
0 0.759825327510917 0.21634615384615385 0.23580786026200873 0.0625
0 0.7903930131004366 0.25961538461538464 0.25327510917030566 0.0625
0 0.8122270742358079 0.30528846153846156 0.2445414847161572 0.0673076923076923
0 0.8165938864628821 0.35096153846153844 0.23580786026200873 0.06971153846153846
0 0.7947598253275109 0.39663461538461536 0.2445414847161572 0.07451923076923077
0 0.759825327510917 0.4423076923076923 0.24017467248908297 0.08173076923076923
0 0.7074235807860262 0.4855769230769231 0.25327510917030566 0.08413461538461539
0 0.6462882096069869 0.5384615384615384 0.2663755458515284 0.09134615384615384
0 0.5807860262008734 0.5985576923076923 0.2794759825327511 0.09134615384615384
0 0.5065502183406113 0.6658653846153846 0.2838427947598253 0.09615384615384616
0 0.44541484716157204 0.7355769230769231 0.26200873362445415 0.09375
0 0.42358078602620086 0.8125 0.2794759825327511 0.08653846153846154
0 0.4410480349344978 0.8822115384615384 0.31877729257641924 0.0673076923076923