0 0.6986899563318777 0.038461538461538464 0.27510917030567683 0.04807692307692308
0 0.6986899563318777 0.07451923076923077 0.26200873362445415 0.052884615384615384
0 0.6855895196506551 0.12740384615384615 0.30131004366812225 0.05048076923076923
0 0.6943231441048034 0.17548076923076922 0.31004366812227074 0.06009615384615385
0 0.6768558951965066 0.22596153846153846 0.27510917030567683 0.06490384615384616
0 0.6200873362445415 0.2692307692307692 0.2445414847161572 0.07451923076923077
0 0.5414847161572053 0.31009615384615385 0.25327510917030566 0.08413461538461539
0 0.4672489082969432 0.3485576923076923 0.2445414847161572 0.08173076923076923
0 0.4104803493449782 0.3894230769230769 0.2838427947598253 0.07211538461538461
0 0.4192139737991266 0.4375 0.2794759825327511 0.052884615384615384
0 0.4410480349344978 0.4951923076923077 0.3056768558951965 0.05048076923076923
0 0.4890829694323144 0.5528846153846154 0.32751091703056767 0.0625
0 0.4978165938864629 0.6177884615384616 0.3406113537117904 0.07451923076923077
0 0.5152838427947598 0.6875 0.3231441048034934 0.0673076923076923
0 0.5109170305676856 0.7596153846153846 0.3318777292576419 0.0673076923076923
0 0.5021834061135371 0.8365384615384616 0.33624454148471616 0.08413461538461539