0 0.3878504672897196 0.7115384615384616 0.17757009345794392 0.052884615384615384
0 0.3598130841121495 0.6682692307692307 0.14953271028037382 0.04326923076923077
0 0.34579439252336447 0.6225961538461539 0.1542056074766355 0.04326923076923077
0 0.37850467289719625 0.5817307692307693 0.14485981308411214 0.038461538461538464
0 0.4485981308411215 0.5576923076923077 0.14953271028037382 0.038461538461538464
0 0.48598130841121495 0.5360576923076923 0.1822429906542056 0.036057692307692304
0 0.5280373831775701 0.5096153846153846 0.19158878504672897 0.04326923076923077
0 0.40654205607476634 0.27163461538461536 0.14953271028037382 0.026442307692307692
0 0.4205607476635514 0.2956730769230769 0.14485981308411214 0.03125
0 0.46261682242990654 0.3245192307692308 0.16355140186915887 0.03365384615384615
0 0.4672897196261682 0.3557692307692308 0.12149532710280374 0.03125
0 0.5 0.38461538461538464 0.14018691588785046 0.03125
0 0.5373831775700935 0.4182692307692308 0.14485981308411214 0.03365384615384615
0 0.5420560747663551 0.43990384615384615 0.11214953271028037 0.03125
0 0.5373831775700935 0.46875 0.12149532710280374 0.036057692307692304