0 0.4890829694323144 0.040865384615384616 0.2183406113537118 0.057692307692307696
0 0.4978165938864629 0.08413461538461539 0.2314410480349345 0.06009615384615385
0 0.519650655021834 0.12980769230769232 0.2183406113537118 0.05048076923076923
0 0.5502183406113537 0.17307692307692307 0.2096069868995633 0.05048076923076923
0 0.5676855895196506 0.21634615384615385 0.22270742358078602 0.06009615384615385
0 0.5895196506550219 0.2620192307692308 0.19213973799126638 0.0625
0 0.5720524017467249 0.31009615384615385 0.22270742358078602 0.06009615384615385
0 0.5807860262008734 0.35336538461538464 0.2183406113537118 0.057692307692307696
0 0.5589519650655022 0.40384615384615385 0.2096069868995633 0.06490384615384616
0 0.5065502183406113 0.4543269230769231 0.2314410480349345 0.0673076923076923
0 0.462882096069869 0.5024038461538461 0.2445414847161572 0.06971153846153846
0 0.4148471615720524 0.5625 0.2794759825327511 0.0673076923076923
0 0.3624454148471616 0.6177884615384616 0.2838427947598253 0.07211538461538461
0 0.3406113537117904 0.6778846153846154 0.2576419213973799 0.06971153846153846
0 0.388646288209607 0.75 0.2838427947598253 0.07451923076923077
0 0.4497816593886463 0.8197115384615384 0.2838427947598253 0.06971153846153846