0 0.4713375796178344 0.23076923076923078 0.1337579617834395 0.02403846153846154
0 0.47770700636942676 0.20432692307692307 0.17197452229299362 0.021634615384615384
0 0.4713375796178344 0.25961538461538464 0.16560509554140126 0.02403846153846154
0 0.4840764331210191 0.28846153846153844 0.14012738853503184 0.026442307692307692
0 0.4840764331210191 0.3173076923076923 0.18471337579617833 0.026442307692307692
0 0.4840764331210191 0.34375 0.17834394904458598 0.026442307692307692
0 0.4840764331210191 0.37259615384615385 0.17197452229299362 0.028846153846153848
0 0.47770700636942676 0.40384615384615385 0.16560509554140126 0.03125
0 0.4713375796178344 0.4375 0.15286624203821655 0.028846153846153848
0 0.45222929936305734 0.46875 0.17834394904458598 0.026442307692307692
0 0.4394904458598726 0.5048076923076923 0.1910828025477707 0.03125
0 0.4394904458598726 0.5384615384615384 0.18471337579617833 0.028846153846153848
0 0.445859872611465 0.5769230769230769 0.21019108280254778 0.036057692307692304
0 0.445859872611465 0.6201923076923077 0.25477707006369427 0.036057692307692304
0 0.4585987261146497 0.6658653846153846 0.25477707006369427 0.038461538461538464
0 0.49044585987261147 0.7067307692307693 0.2484076433121019 0.036057692307692304