0 0.4585152838427948 0.08173076923076923 0.2794759825327511 0.05048076923076923
0 0.47161572052401746 0.125 0.30131004366812225 0.057692307692307696
0 0.48034934497816595 0.17067307692307693 0.2663755458515284 0.057692307692307696
0 0.49344978165938863 0.21875 0.2838427947598253 0.0625
0 0.4978165938864629 0.27163461538461536 0.2925764192139738 0.06490384615384616
0 0.5021834061135371 0.3173076923076923 0.29694323144104806 0.06490384615384616
0 0.5021834061135371 0.3701923076923077 0.2925764192139738 0.0625
0 0.49344978165938863 0.4230769230769231 0.3231441048034934 0.06971153846153846
0 0.4890829694323144 0.47596153846153844 0.314410480349345 0.057692307692307696
0 0.4978165938864629 0.5360576923076923 0.3406113537117904 0.07692307692307693
0 0.4978165938864629 0.6033653846153846 0.388646288209607 0.07692307692307693
0 0.5109170305676856 0.6706730769230769 0.388646288209607 0.08173076923076923
0 0.49344978165938863 0.7451923076923077 0.4104803493449782 0.09375
0 0.462882096069869 0.8173076923076923 0.42358078602620086 0.07692307692307693
0 0.4366812227074236 0.8870192307692307 0.42358078602620086 0.09375