0 0.5152838427947598 0.8990384615384616 0.36681222707423583 0.06009615384615385
0 0.5152838427947598 0.8341346153846154 0.2925764192139738 0.06971153846153846
0 0.5152838427947598 0.7668269230769231 0.2838427947598253 0.0673076923076923
0 0.5065502183406113 0.6947115384615384 0.3056768558951965 0.06009615384615385
0 0.5109170305676856 0.6322115384615384 0.27510917030567683 0.05048076923076923
0 0.5021834061135371 0.5769230769230769 0.27074235807860264 0.052884615384615384
0 0.5065502183406113 0.5192307692307693 0.27074235807860264 0.06009615384615385
0 0.49344978165938863 0.4567307692307692 0.2576419213973799 0.04567307692307692
0 0.4890829694323144 0.40625 0.22270742358078602 0.040865384615384616
0 0.4759825327510917 0.35096153846153844 0.21397379912663755 0.052884615384615384
0 0.4672489082969432 0.30288461538461536 0.22707423580786026 0.04567307692307692
0 0.462882096069869 0.25721153846153844 0.17903930131004367 0.04326923076923077
0 0.4672489082969432 0.20192307692307693 0.2445414847161572 0.055288461538461536
0 0.4847161572052402 0.15144230769230768 0.25327510917030566 0.04326923076923077
0 0.48034934497816595 0.10817307692307693 0.2314410480349345 0.052884615384615384
0 0.462882096069869 0.06971153846153846 0.2183406113537118 0.052884615384615384