0 0.44541484716157204 0.8173076923076923 0.37117903930131 0.07692307692307693
0 0.44541484716157204 0.7475961538461539 0.3537117903930131 0.055288461538461536
0 0.4366812227074236 0.6802884615384616 0.314410480349345 0.057692307692307696
0 0.4366812227074236 0.6153846153846154 0.34934497816593885 0.0625
0 0.45414847161572053 0.5384615384615384 0.31877729257641924 0.0673076923076923
0 0.4847161572052402 0.4735576923076923 0.31004366812227074 0.052884615384615384
0 0.5283842794759825 0.4182692307692308 0.28820960698689957 0.04326923076923077
0 0.5633187772925764 0.36778846153846156 0.27510917030567683 0.04326923076923077
0 0.5545851528384279 0.31009615384615385 0.24890829694323144 0.05048076923076923
0 0.5545851528384279 0.2644230769230769 0.25327510917030566 0.05048076923076923
0 0.5414847161572053 0.21394230769230768 0.24017467248908297 0.04807692307692308
0 0.5065502183406113 0.16826923076923078 0.2445414847161572 0.04567307692307692
0 0.462882096069869 0.125 0.2445414847161572 0.04567307692307692
0 0.42358078602620086 0.07932692307692307 0.23580786026200873 0.04567307692307692
0 0.4104803493449782 0.03365384615384615 0.24890829694323144 0.038461538461538464