0 0.6200873362445415 0.8990384615384616 0.3231441048034934 0.07932692307692307
0 0.5720524017467249 0.8293269230769231 0.3406113537117904 0.07932692307692307
0 0.4585152838427948 0.7668269230769231 0.314410480349345 0.0673076923076923
0 0.37117903930131 0.7067307692307693 0.35807860262008734 0.08173076923076923
0 0.3406113537117904 0.6418269230769231 0.38427947598253276 0.07692307692307693
0 0.314410480349345 0.5721153846153846 0.2925764192139738 0.06971153846153846
0 0.34934497816593885 0.5168269230769231 0.26200873362445415 0.07692307692307693
0 0.4104803493449782 0.4735576923076923 0.2314410480349345 0.07692307692307693
0 0.45414847161572053 0.4110576923076923 0.2445414847161572 0.0673076923076923
0 0.47161572052401746 0.35336538461538464 0.26200873362445415 0.06971153846153846
0 0.48034934497816595 0.3076923076923077 0.26200873362445415 0.057692307692307696
0 0.4672489082969432 0.2644230769230769 0.2794759825327511 0.052884615384615384
0 0.462882096069869 0.22115384615384615 0.2663755458515284 0.055288461538461536
0 0.4410480349344978 0.16826923076923078 0.2314410480349345 0.05048076923076923
0 0.4192139737991266 0.12259615384615384 0.2314410480349345 0.04567307692307692
0 0.40611353711790393 0.07451923076923077 0.22707423580786026 0.04807692307692308