0 0.4978165938864629 0.07692307692307693 0.28820960698689957 0.07211538461538461
0 0.4890829694323144 0.12980769230769232 0.27510917030567683 0.06490384615384616
0 0.462882096069869 0.17307692307692307 0.25327510917030566 0.0673076923076923
0 0.45414847161572053 0.22355769230769232 0.2794759825327511 0.06971153846153846
0 0.4497816593886463 0.27163461538461536 0.3056768558951965 0.07451923076923077
0 0.45414847161572053 0.3293269230769231 0.29694323144104806 0.07211538461538461
0 0.4585152838427948 0.38221153846153844 0.314410480349345 0.06971153846153846
0 0.4672489082969432 0.43990384615384615 0.32751091703056767 0.07451923076923077
0 0.5021834061135371 0.5 0.3318777292576419 0.07451923076923077
0 0.5065502183406113 0.5456730769230769 0.3406113537117904 0.07211538461538461
0 0.519650655021834 0.6009615384615384 0.36681222707423583 0.08173076923076923
0 0.519650655021834 0.65625 0.38427947598253276 0.07451923076923077
0 0.4759825327510917 0.7235576923076923 0.4104803493449782 0.07451923076923077
0 0.4410480349344978 0.7932692307692307 0.4017467248908297 0.07211538461538461
0 0.462882096069869 0.8581730769230769 0.38427947598253276 0.08173076923076923