0 0.5240174672489083 0.0889423076923077 0.1703056768558952 0.052884615384615384
0 0.519650655021834 0.1346153846153846 0.16593886462882096 0.04807692307692308
0 0.5152838427947598 0.18028846153846154 0.2052401746724891 0.05048076923076923
0 0.5152838427947598 0.23557692307692307 0.2183406113537118 0.06490384615384616
0 0.5327510917030568 0.28365384615384615 0.21397379912663755 0.055288461538461536
0 0.5502183406113537 0.3293269230769231 0.2096069868995633 0.05048076923076923
0 0.5764192139737991 0.38221153846153844 0.2052401746724891 0.052884615384615384
0 0.5938864628820961 0.43509615384615385 0.2052401746724891 0.05048076923076923
0 0.6026200873362445 0.4855769230769231 0.21397379912663755 0.04567307692307692
0 0.6157205240174672 0.5192307692307693 0.21397379912663755 0.040865384615384616
0 0.6200873362445415 0.5552884615384616 0.24017467248908297 0.052884615384615384
0 0.6026200873362445 0.6105769230769231 0.23580786026200873 0.0625
0 0.5676855895196506 0.6610576923076923 0.23580786026200873 0.0673076923076923
0 0.5240174672489083 0.71875 0.2445414847161572 0.07451923076923077
0 0.4759825327510917 0.7860576923076923 0.23580786026200873 0.07211538461538461
0 0.4410480349344978 0.8605769230769231 0.2445414847161572 0.07932692307692307