0 0.44541484716157204 0.10096153846153846 0.23580786026200873 0.04326923076923077
0 0.42358078602620086 0.13701923076923078 0.22270742358078602 0.04567307692307692
0 0.4192139737991266 0.1778846153846154 0.2576419213973799 0.04326923076923077
0 0.45414847161572053 0.22355769230769232 0.24017467248908297 0.04326923076923077
0 0.5021834061135371 0.25721153846153844 0.2576419213973799 0.04567307692307692
0 0.5414847161572053 0.30288461538461536 0.25327510917030566 0.057692307692307696
0 0.5895196506550219 0.3389423076923077 0.2576419213973799 0.0625
0 0.6026200873362445 0.3942307692307692 0.2445414847161572 0.04807692307692308
0 0.611353711790393 0.4423076923076923 0.31004366812227074 0.04567307692307692
0 0.6331877729257642 0.5024038461538461 0.314410480349345 0.055288461538461536
0 0.62882096069869 0.5504807692307693 0.2838427947598253 0.06490384615384616
0 0.6244541484716157 0.6081730769230769 0.3231441048034934 0.06009615384615385
0 0.5851528384279476 0.6778846153846154 0.2794759825327511 0.07451923076923077
0 0.5589519650655022 0.7451923076923077 0.3231441048034934 0.07692307692307693
0 0.5283842794759825 0.8245192307692307 0.3799126637554585 0.07692307692307693
0 0.537117903930131 0.8918269230769231 0.36681222707423583 0.06009615384615385