0 0.5109170305676856 0.07932692307692307 0.16593886462882096 0.052884615384615384
0 0.47161572052401746 0.11057692307692307 0.17467248908296942 0.055288461538461536
0 0.45414847161572053 0.14423076923076922 0.1572052401746725 0.04807692307692308
0 0.44541484716157204 0.1875 0.16593886462882096 0.052884615384615384
0 0.4585152838427948 0.2283653846153846 0.16593886462882096 0.06490384615384616
0 0.4890829694323144 0.2644230769230769 0.18777292576419213 0.07692307692307693
0 0.537117903930131 0.3004807692307692 0.2183406113537118 0.08173076923076923
0 0.6331877729257642 0.34615384615384615 0.2183406113537118 0.07451923076923077
0 0.6681222707423581 0.38221153846153844 0.17903930131004367 0.07451923076923077
0 0.6943231441048034 0.4326923076923077 0.17467248908296942 0.06971153846153846
0 0.6855895196506551 0.49278846153846156 0.18340611353711792 0.06490384615384616
0 0.6681222707423581 0.5528846153846154 0.19213973799126638 0.07692307692307693
0 0.6069868995633187 0.6105769230769231 0.18777292576419213 0.08653846153846154
0 0.5502183406113537 0.6730769230769231 0.2096069868995633 0.0889423076923077
0 0.4847161572052402 0.7379807692307693 0.20087336244541484 0.08653846153846154
0 0.4366812227074236 0.8052884615384616 0.21397379912663755 0.07211538461538461
0 0.4410480349344978 0.8798076923076923 0.22707423580786026 0.07451923076923077