0 0.5720524017467249 0.8100961538461539 0.37117903930131 0.0673076923076923
0 0.5152838427947598 0.7475961538461539 0.31877729257641924 0.057692307692307696
0 0.4366812227074236 0.6923076923076923 0.30131004366812225 0.06009615384615385
0 0.4148471615720524 0.6274038461538461 0.2663755458515284 0.0625
0 0.43231441048034935 0.5721153846153846 0.27074235807860264 0.06009615384615385
0 0.5065502183406113 0.5096153846153846 0.26200873362445415 0.07451923076923077
0 0.5633187772925764 0.4567307692307692 0.2096069868995633 0.06009615384615385
0 0.611353711790393 0.40625 0.2183406113537118 0.06009615384615385
0 0.6331877729257642 0.3581730769230769 0.24890829694323144 0.0625
0 0.62882096069869 0.3004807692307692 0.2445414847161572 0.06490384615384616
0 0.6157205240174672 0.25721153846153844 0.21397379912663755 0.057692307692307696
0 0.5895196506550219 0.21634615384615385 0.2096069868995633 0.055288461538461536
0 0.5327510917030568 0.16826923076923078 0.26200873362445415 0.0673076923076923
0 0.47161572052401746 0.12980769230769232 0.22707423580786026 0.04326923076923077
0 0.45414847161572053 0.0889423076923077 0.24890829694323144 0.05048076923076923
0 0.4366812227074236 0.038461538461538464 0.22707423580786026 0.052884615384615384