0 0.5152838427947598 0.04567307692307692 0.18777292576419213 0.05048076923076923
0 0.5152838427947598 0.08173076923076923 0.17903930131004367 0.04807692307692308
0 0.5065502183406113 0.11538461538461539 0.1703056768558952 0.052884615384615384
0 0.5021834061135371 0.15865384615384615 0.16593886462882096 0.04567307692307692
0 0.4890829694323144 0.1971153846153846 0.16593886462882096 0.04807692307692308
0 0.4847161572052402 0.24759615384615385 0.18340611353711792 0.06009615384615385
0 0.4672489082969432 0.2956730769230769 0.19213973799126638 0.055288461538461536
0 0.45414847161572053 0.34375 0.17903930131004367 0.04567307692307692
0 0.44541484716157204 0.3870192307692308 0.18777292576419213 0.04567307692307692
0 0.4366812227074236 0.43509615384615385 0.2052401746724891 0.055288461538461536
0 0.4366812227074236 0.49278846153846156 0.22707423580786026 0.06009615384615385
0 0.4366812227074236 0.5432692307692307 0.2445414847161572 0.06490384615384616
0 0.4497816593886463 0.6009615384615384 0.2445414847161572 0.06971153846153846
0 0.4759825327510917 0.6610576923076923 0.24017467248908297 0.06009615384615385
0 0.49344978165938863 0.7259615384615384 0.2663755458515284 0.07692307692307693
0 0.5152838427947598 0.78125 0.27510917030567683 0.055288461538461536
0 0.5414847161572053 0.8341346153846154 0.3056768558951965 0.06971153846153846