0 0.4148471615720524 0.06009615384615385 0.17467248908296942 0.055288461538461536
0 0.4585152838427948 0.10576923076923077 0.19213973799126638 0.07211538461538461
0 0.5065502183406113 0.1466346153846154 0.17467248908296942 0.0673076923076923
0 0.5502183406113537 0.1875 0.17903930131004367 0.06971153846153846
0 0.611353711790393 0.22596153846153846 0.17903930131004367 0.07211538461538461
0 0.6899563318777293 0.2644230769230769 0.1965065502183406 0.07692307692307693
0 0.759825327510917 0.30288461538461536 0.18340611353711792 0.08413461538461539
0 0.8165938864628821 0.35096153846153844 0.19213973799126638 0.08653846153846154
0 0.8253275109170306 0.4110576923076923 0.2096069868995633 0.07211538461538461
0 0.8253275109170306 0.4639423076923077 0.1965065502183406 0.07692307692307693
0 0.7991266375545851 0.5240384615384616 0.21397379912663755 0.0889423076923077
0 0.7161572052401747 0.5793269230769231 0.23580786026200873 0.10336538461538461
0 0.62882096069869 0.6418269230769231 0.2838427947598253 0.11778846153846154
0 0.5283842794759825 0.6899038461538461 0.2794759825327511 0.11057692307692307
0 0.4366812227074236 0.7596153846153846 0.28820960698689957 0.10096153846153846
0 0.388646288209607 0.8341346153846154 0.28820960698689957 0.09615384615384616