0 0.5152838427947598 0.8966346153846154 0.3537117903930131 0.09375
0 0.5283842794759825 0.8557692307692307 0.37554585152838427 0.0673076923076923
0 0.5458515283842795 0.7860576923076923 0.3231441048034934 0.07211538461538461
0 0.5502183406113537 0.7211538461538461 0.2794759825327511 0.057692307692307696
0 0.537117903930131 0.6610576923076923 0.27510917030567683 0.055288461538461536
0 0.519650655021834 0.6081730769230769 0.26200873362445415 0.052884615384615384
0 0.4890829694323144 0.5552884615384616 0.2838427947598253 0.06009615384615385
0 0.4847161572052402 0.5 0.23580786026200873 0.06490384615384616
0 0.4847161572052402 0.44471153846153844 0.24017467248908297 0.06009615384615385
0 0.49344978165938863 0.3918269230769231 0.22270742358078602 0.057692307692307696
0 0.5109170305676856 0.3317307692307692 0.20087336244541484 0.0625
0 0.5327510917030568 0.28125 0.17903930131004367 0.04807692307692308
0 0.5327510917030568 0.22596153846153846 0.1703056768558952 0.06490384615384616
0 0.5283842794759825 0.17067307692307693 0.1703056768558952 0.04807692307692308
0 0.5458515283842795 0.1201923076923077 0.17467248908296942 0.04326923076923077