0 0.48034934497816595 0.038461538461538464 0.23580786026200873 0.038461538461538464
0 0.5021834061135371 0.07211538461538461 0.2183406113537118 0.04326923076923077
0 0.5283842794759825 0.10817307692307693 0.1965065502183406 0.040865384615384616
0 0.5545851528384279 0.15144230769230768 0.1965065502183406 0.055288461538461536
0 0.5545851528384279 0.1971153846153846 0.2096069868995633 0.04807692307692308
0 0.5545851528384279 0.25240384615384615 0.2314410480349345 0.04567307692307692
0 0.49344978165938863 0.3004807692307692 0.2096069868995633 0.055288461538461536
0 0.43231441048034935 0.34375 0.18340611353711792 0.057692307692307696
0 0.3930131004366812 0.38221153846153844 0.2183406113537118 0.04807692307692308
0 0.3930131004366812 0.43509615384615385 0.23580786026200873 0.04567307692307692
0 0.47161572052401746 0.4831730769230769 0.2314410480349345 0.0673076923076923
0 0.5240174672489083 0.53125 0.24890829694323144 0.06490384615384616
0 0.5633187772925764 0.5985576923076923 0.27510917030567683 0.06490384615384616
0 0.5982532751091703 0.6658653846153846 0.31877729257641924 0.057692307692307696
0 0.6157205240174672 0.7331730769230769 0.28820960698689957 0.06490384615384616
0 0.5982532751091703 0.8076923076923077 0.30131004366812225 0.06971153846153846