0 0.4497816593886463 0.8197115384615384 0.388646288209607 0.07692307692307693
0 0.34934497816593885 0.7596153846153846 0.30131004366812225 0.0673076923076923
0 0.2925764192139738 0.6875 0.314410480349345 0.07211538461538461
0 0.29694323144104806 0.6225961538461539 0.31877729257641924 0.07211538461538461
0 0.36681222707423583 0.5625 0.31004366812227074 0.07211538461538461
0 0.4410480349344978 0.5072115384615384 0.31877729257641924 0.06490384615384616
0 0.5065502183406113 0.4543269230769231 0.3056768558951965 0.06009615384615385
0 0.5327510917030568 0.40384615384615385 0.26200873362445415 0.0625
0 0.5240174672489083 0.34615384615384615 0.2794759825327511 0.06490384615384616
0 0.5065502183406113 0.3004807692307692 0.26200873362445415 0.0625
0 0.4497816593886463 0.25240384615384615 0.2794759825327511 0.0673076923076923
0 0.4410480349344978 0.1971153846153846 0.27510917030567683 0.057692307692307696
0 0.39737991266375544 0.14903846153846154 0.25327510917030566 0.05048076923076923
0 0.388646288209607 0.11057692307692307 0.25327510917030566 0.04326923076923077
0 0.4148471615720524 0.0673076923076923 0.30131004366812225 0.05048076923076923