0 0.27074235807860264 0.04326923076923077 0.2794759825327511 0.055288461538461536
0 0.27510917030567683 0.10096153846153846 0.25327510917030566 0.052884615384615384
0 0.28820960698689957 0.15625 0.2663755458515284 0.04807692307692308
0 0.314410480349345 0.21153846153846154 0.28820960698689957 0.052884615384615384
0 0.34497816593886466 0.2644230769230769 0.25327510917030566 0.040865384615384616
0 0.3537117903930131 0.31490384615384615 0.28820960698689957 0.04326923076923077
0 0.4017467248908297 0.3701923076923077 0.30131004366812225 0.07211538461538461
0 0.48034934497816595 0.41586538461538464 0.26200873362445415 0.0673076923076923
0 0.5720524017467249 0.4543269230769231 0.24017467248908297 0.0625
0 0.6899563318777293 0.53125 0.28820960698689957 0.07932692307692307
0 0.7379912663755459 0.7572115384615384 0.34934497816593885 0.10336538461538461
0 0.6637554585152838 0.8389423076923077 0.34934497816593885 0.10576923076923077
0 0.462882096069869 0.9110576923076923 0.3537117903930131 0.125
0 0.7991266375545851 0.6850961538461539 0.3537117903930131 0.08413461538461539
0 0.7947598253275109 0.6033653846153846 0.34497816593886466 0.09615384615384616