0 0.5851528384279476 0.8846153846153846 0.40611353711790393 0.07692307692307693
0 0.5152838427947598 0.8149038461538461 0.3537117903930131 0.07451923076923077
0 0.4890829694323144 0.7379807692307693 0.33624454148471616 0.07692307692307693
0 0.47161572052401746 0.6706730769230769 0.32751091703056767 0.07451923076923077
0 0.5240174672489083 0.6057692307692307 0.31877729257641924 0.0673076923076923
0 0.5764192139737991 0.5384615384615384 0.2838427947598253 0.0673076923076923
0 0.62882096069869 0.4831730769230769 0.27510917030567683 0.06490384615384616
0 0.6899563318777293 0.4254807692307692 0.2576419213973799 0.055288461538461536
0 0.7379912663755459 0.375 0.2445414847161572 0.0625
0 0.7510917030567685 0.3245192307692308 0.26200873362445415 0.057692307692307696
0 0.7248908296943232 0.28125 0.25327510917030566 0.052884615384615384
0 0.6637554585152838 0.23557692307692307 0.2576419213973799 0.052884615384615384
0 0.5938864628820961 0.20432692307692307 0.22707423580786026 0.057692307692307696
0 0.5414847161572053 0.1658653846153846 0.2314410480349345 0.05048076923076923
0 0.5065502183406113 0.12980769230769232 0.2663755458515284 0.055288461538461536
0 0.4497816593886463 0.09134615384615384 0.21397379912663755 0.04567307692307692