0 0.35807860262008734 0.8653846153846154 0.3799126637554585 0.06971153846153846
0 0.37117903930131 0.7884615384615384 0.38427947598253276 0.07932692307692307
0 0.4017467248908297 0.7211538461538461 0.31877729257641924 0.06490384615384616
0 0.4279475982532751 0.65625 0.33624454148471616 0.08413461538461539
0 0.4672489082969432 0.5913461538461539 0.3231441048034934 0.06490384615384616
0 0.5109170305676856 0.5264423076923077 0.3231441048034934 0.06971153846153846
0 0.5589519650655022 0.47596153846153844 0.29694323144104806 0.057692307692307696
0 0.6026200873362445 0.4230769230769231 0.2838427947598253 0.052884615384615384
0 0.6244541484716157 0.375 0.2838427947598253 0.05048076923076923
0 0.6200873362445415 0.3269230769230769 0.26200873362445415 0.05048076923076923
0 0.6200873362445415 0.2764423076923077 0.25327510917030566 0.040865384615384616
0 0.611353711790393 0.23076923076923078 0.2445414847161572 0.04326923076923077
0 0.611353711790393 0.18269230769230768 0.26200873362445415 0.04807692307692308
0 0.6069868995633187 0.1346153846153846 0.2663755458515284 0.04807692307692308
0 0.611353711790393 0.09134615384615384 0.27510917030567683 0.04567307692307692
0 0.611353711790393 0.04326923076923077 0.2838427947598253 0.038461538461538464