0 0.4585152838427948 0.09375 0.27510917030567683 0.07932692307692307
0 0.39737991266375544 0.13221153846153846 0.27510917030567683 0.10576923076923077
0 0.31877729257641924 0.19230769230769232 0.2445414847161572 0.09134615384615384
0 0.2794759825327511 0.24519230769230768 0.26200873362445415 0.08413461538461539
0 0.25327510917030566 0.3004807692307692 0.2925764192139738 0.07451923076923077
0 0.27510917030567683 0.35096153846153844 0.2663755458515284 0.07692307692307693
0 0.3406113537117904 0.3942307692307692 0.2576419213973799 0.09134615384615384
0 0.4279475982532751 0.43990384615384615 0.27074235807860264 0.08653846153846154
0 0.5240174672489083 0.5024038461538461 0.28820960698689957 0.07692307692307693
0 0.5982532751091703 0.5625 0.31004366812227074 0.06971153846153846
0 0.62882096069869 0.6298076923076923 0.29694323144104806 0.06490384615384616
0 0.6462882096069869 0.6971153846153846 0.31004366812227074 0.057692307692307696
0 0.6593886462882096 0.7644230769230769 0.34934497816593885 0.0625
0 0.6550218340611353 0.8413461538461539 0.3930131004366812 0.07211538461538461