0 0.5807860262008734 0.04567307692307692 0.2314410480349345 0.06971153846153846
0 0.5458515283842795 0.0889423076923077 0.22270742358078602 0.0625
0 0.5109170305676856 0.12740384615384615 0.2183406113537118 0.06490384615384616
0 0.4672489082969432 0.16346153846153846 0.2183406113537118 0.0625
0 0.4148471615720524 0.20673076923076922 0.2314410480349345 0.0673076923076923
0 0.40611353711790393 0.25961538461538464 0.2096069868995633 0.06009615384615385
0 0.4410480349344978 0.30288461538461536 0.24017467248908297 0.0625
0 0.4497816593886463 0.34615384615384615 0.26200873362445415 0.0673076923076923
0 0.48034934497816595 0.4014423076923077 0.25327510917030566 0.07451923076923077
0 0.5065502183406113 0.45913461538461536 0.2663755458515284 0.07692307692307693
0 0.5458515283842795 0.5096153846153846 0.27510917030567683 0.07932692307692307
0 0.5851528384279476 0.5673076923076923 0.314410480349345 0.0625
0 0.5764192139737991 0.6105769230769231 0.29694323144104806 0.06971153846153846
0 0.5240174672489083 0.6802884615384616 0.32751091703056767 0.06971153846153846
0 0.5240174672489083 0.7403846153846154 0.33624454148471616 0.08413461538461539
0 0.519650655021834 0.8076923076923077 0.36681222707423583 0.06971153846153846
0 0.5458515283842795 0.8846153846153846 0.37117903930131 0.08653846153846154