0 0.49344978165938863 0.03365384615384615 0.18340611353711792 0.038461538461538464
0 0.4978165938864629 0.06971153846153846 0.19213973799126638 0.040865384615384616
0 0.5109170305676856 0.10817307692307693 0.20087336244541484 0.04567307692307692
0 0.5458515283842795 0.14903846153846154 0.1965065502183406 0.04807692307692308
0 0.5807860262008734 0.18990384615384615 0.2096069868995633 0.05048076923076923
0 0.6157205240174672 0.23317307692307693 0.1965065502183406 0.05048076923076923
0 0.6637554585152838 0.27403846153846156 0.22707423580786026 0.057692307692307696
0 0.6943231441048034 0.31971153846153844 0.2183406113537118 0.04807692307692308
0 0.6899563318777293 0.36538461538461536 0.19213973799126638 0.057692307692307696
0 0.6681222707423581 0.40865384615384615 0.18777292576419213 0.057692307692307696
0 0.62882096069869 0.4543269230769231 0.21397379912663755 0.06490384615384616
0 0.5676855895196506 0.5096153846153846 0.22707423580786026 0.08173076923076923
0 0.4890829694323144 0.5576923076923077 0.2445414847161572 0.07451923076923077
0 0.4192139737991266 0.6201923076923077 0.2445414847161572 0.07211538461538461
0 0.38427947598253276 0.6826923076923077 0.24017467248908297 0.07211538461538461
0 0.3930131004366812 0.7596153846153846 0.2663755458515284 0.06971153846153846
0 0.44541484716157204 0.8269230769230769 0.2838427947598253 0.07451923076923077