0 0.5897435897435898 0.2548076923076923 0.11282051282051282 0.026442307692307692
0 0.6051282051282051 0.27884615384615385 0.09743589743589744 0.040865384615384616
0 0.6256410256410256 0.30288461538461536 0.08205128205128205 0.038461538461538464
0 0.6512820512820513 0.3269230769230769 0.09230769230769231 0.040865384615384616
0 0.6923076923076923 0.35096153846153844 0.10256410256410256 0.04326923076923077
0 0.7128205128205128 0.37259615384615385 0.09743589743589744 0.040865384615384616
0 0.7384615384615385 0.39663461538461536 0.11794871794871795 0.038461538461538464
0 0.7487179487179487 0.4254807692307692 0.12307692307692308 0.03125
0 0.7487179487179487 0.4519230769230769 0.13333333333333333 0.036057692307692304
0 0.7333333333333333 0.4807692307692308 0.1076923076923077 0.05048076923076923
0 0.6974358974358974 0.5096153846153846 0.10256410256410256 0.057692307692307696
0 0.6512820512820513 0.5360576923076923 0.12307692307692308 0.05048076923076923
0 0.5897435897435898 0.5552884615384616 0.12307692307692308 0.052884615384615384
0 0.5333333333333333 0.5889423076923077 0.13333333333333333 0.04807692307692308
0 0.5076923076923077 0.6274038461538461 0.13846153846153847 0.040865384615384616
0 0.5128205128205128 0.6754807692307693 0.16923076923076924 0.055288461538461536
0 0.5333333333333333 0.71875 0.17435897435897435 0.04326923076923077