0 0.3231441048034934 0.8966346153846154 0.27510917030567683 0.07211538461538461
0 0.33624454148471616 0.8293269230769231 0.2838427947598253 0.057692307692307696
0 0.388646288209607 0.7620192307692307 0.21397379912663755 0.0673076923076923
0 0.5021834061135371 0.6995192307692307 0.2314410480349345 0.10576923076923077
0 0.6419213973799127 0.6466346153846154 0.23580786026200873 0.11538461538461539
0 0.7510917030567685 0.5817307692307693 0.24890829694323144 0.08173076923076923
0 0.8165938864628821 0.5120192307692307 0.2576419213973799 0.08173076923076923
0 0.8034934497816594 0.4519230769230769 0.22270742358078602 0.07692307692307693
0 0.7379912663755459 0.3918269230769231 0.20087336244541484 0.08413461538461539
0 0.6419213973799127 0.3389423076923077 0.15283842794759825 0.10336538461538461
0 0.5589519650655022 0.30528846153846156 0.14847161572052403 0.09134615384615384
0 0.4366812227074236 0.17067307692307693 0.2183406113537118 0.052884615384615384
0 0.45414847161572053 0.21634615384615385 0.2314410480349345 0.057692307692307696
0 0.4847161572052402 0.27884615384615385 0.21397379912663755 0.07932692307692307
0 0.4847161572052402 0.125 0.17903930131004367 0.07451923076923077