0 0.5263157894736842 0.02403846153846154 0.12105263157894737 0.028846153846153848
0 0.5421052631578948 0.04807692307692308 0.10526315789473684 0.036057692307692304
0 0.5473684210526316 0.07932692307692307 0.10526315789473684 0.040865384615384616
0 0.5684210526315789 0.11057692307692307 0.11578947368421053 0.04326923076923077
0 0.5894736842105263 0.14182692307692307 0.11578947368421053 0.04326923076923077
0 0.6157894736842106 0.17307692307692307 0.11052631578947368 0.04326923076923077
0 0.631578947368421 0.2091346153846154 0.11578947368421053 0.038461538461538464
0 0.6421052631578947 0.24519230769230768 0.11578947368421053 0.036057692307692304
0 0.6263157894736842 0.28365384615384615 0.12105263157894737 0.05048076923076923
0 0.6105263157894737 0.32211538461538464 0.1368421052631579 0.052884615384615384
0 0.5842105263157895 0.3605769230769231 0.14210526315789473 0.052884615384615384
0 0.5421052631578948 0.39903846153846156 0.14210526315789473 0.057692307692307696
0 0.5 0.44711538461538464 0.14736842105263157 0.055288461538461536
0 0.46842105263157896 0.49278846153846156 0.15263157894736842 0.04807692307692308
0 0.46842105263157896 0.5432692307692307 0.17894736842105263 0.055288461538461536
0 0.4842105263157895 0.6033653846153846 0.18947368421052632 0.055288461538461536