0 0.47161572052401746 0.04807692307692308 0.2096069868995633 0.04567307692307692
0 0.4847161572052402 0.08173076923076923 0.22270742358078602 0.04326923076923077
0 0.4759825327510917 0.11778846153846154 0.2183406113537118 0.04567307692307692
0 0.4759825327510917 0.15144230769230768 0.2052401746724891 0.05048076923076923
0 0.4847161572052402 0.19230769230769232 0.2096069868995633 0.052884615384615384
0 0.4759825327510917 0.23317307692307693 0.22707423580786026 0.04807692307692308
0 0.47161572052401746 0.27884615384615385 0.2314410480349345 0.057692307692307696
0 0.4890829694323144 0.3269230769230769 0.2183406113537118 0.06009615384615385
0 0.49344978165938863 0.37740384615384615 0.22270742358078602 0.057692307692307696
0 0.4978165938864629 0.42788461538461536 0.21397379912663755 0.0625
0 0.5021834061135371 0.4855769230769231 0.22707423580786026 0.0673076923076923
0 0.5021834061135371 0.5504807692307693 0.25327510917030566 0.06971153846153846
0 0.5021834061135371 0.6057692307692307 0.25327510917030566 0.07211538461538461
0 0.5109170305676856 0.6778846153846154 0.26200873362445415 0.07932692307692307
0 0.5109170305676856 0.7475961538461539 0.25327510917030566 0.07451923076923077
0 0.5065502183406113 0.8221153846153846 0.27510917030567683 0.0625
0 0.5065502183406113 0.8870192307692307 0.28820960698689957 0.07211538461538461
0 0.519650655021834 0.9447115384615384 0.2838427947598253 0.0625