0 0.4105960264900662 0.7235576923076923 0.2251655629139073 0.04567307692307692
0 0.4105960264900662 0.6802884615384616 0.2052980132450331 0.05048076923076923
0 0.44370860927152317 0.6322115384615384 0.2119205298013245 0.05048076923076923
0 0.4966887417218543 0.5769230769230769 0.19205298013245034 0.06490384615384616
0 0.5562913907284768 0.5408653846153846 0.18543046357615894 0.0625
0 0.6158940397350994 0.5120192307692307 0.17218543046357615 0.0625
0 0.6688741721854304 0.4879807692307692 0.17880794701986755 0.057692307692307696
0 0.6887417218543046 0.4543269230769231 0.2119205298013245 0.038461538461538464
0 0.6887417218543046 0.4182692307692308 0.17218543046357615 0.04326923076923077
0 0.6423841059602649 0.38221153846153844 0.1986754966887417 0.038461538461538464
0 0.5960264900662252 0.3605769230769231 0.17218543046357615 0.040865384615384616
0 0.5496688741721855 0.33413461538461536 0.1456953642384106 0.04567307692307692
0 0.48344370860927155 0.31971153846153844 0.1390728476821192 0.05048076923076923
0 0.4370860927152318 0.2956730769230769 0.1390728476821192 0.036057692307692304
0 0.40397350993377484 0.2668269230769231 0.12582781456953643 0.038461538461538464