0 0.5240174672489083 0.052884615384615384 0.27510917030567683 0.052884615384615384
0 0.4978165938864629 0.08413461538461539 0.22707423580786026 0.05048076923076923
0 0.4890829694323144 0.1201923076923077 0.20087336244541484 0.05048076923076923
0 0.4759825327510917 0.16346153846153846 0.19213973799126638 0.055288461538461536
0 0.462882096069869 0.20192307692307693 0.2445414847161572 0.06009615384615385
0 0.4759825327510917 0.2548076923076923 0.27510917030567683 0.0673076923076923
0 0.4672489082969432 0.30528846153846156 0.27510917030567683 0.06971153846153846
0 0.47161572052401746 0.34375 0.2576419213973799 0.0625
0 0.462882096069869 0.3942307692307692 0.27510917030567683 0.0673076923076923
0 0.4497816593886463 0.44471153846153844 0.25327510917030566 0.07211538461538461
0 0.4410480349344978 0.5048076923076923 0.24017467248908297 0.07211538461538461
0 0.38427947598253276 0.5625 0.27510917030567683 0.08173076923076923
0 0.36681222707423583 0.6274038461538461 0.2794759825327511 0.07932692307692307
0 0.33624454148471616 0.6923076923076923 0.28820960698689957 0.08173076923076923
0 0.3231441048034934 0.7572115384615384 0.30131004366812225 0.07451923076923077
0 0.35807860262008734 0.8293269230769231 0.3318777292576419 0.08653846153846154