0 0.45685279187817257 0.6201923076923077 0.19796954314720813 0.04807692307692308
0 0.4720812182741117 0.5697115384615384 0.20304568527918782 0.040865384615384616
0 0.5025380710659898 0.53125 0.18274111675126903 0.038461538461538464
0 0.5380710659898477 0.49759615384615385 0.18781725888324874 0.036057692307692304
0 0.5685279187817259 0.4855769230769231 0.18781725888324874 0.040865384615384616
0 0.6548223350253807 0.4230769230769231 0.19289340101522842 0.040865384615384616
0 0.6345177664974619 0.4543269230769231 0.18274111675126903 0.040865384615384616
0 0.48223350253807107 0.24278846153846154 0.12690355329949238 0.026442307692307692
0 0.48223350253807107 0.2620192307692308 0.1065989847715736 0.021634615384615384
0 0.48223350253807107 0.2932692307692308 0.1319796954314721 0.028846153846153848
0 0.5025380710659898 0.31009615384615385 0.15736040609137056 0.03125
0 0.5380710659898477 0.3317307692307692 0.1319796954314721 0.03365384615384615
0 0.5786802030456852 0.35336538461538464 0.15736040609137056 0.038461538461538464
0 0.6649746192893401 0.39663461538461536 0.18781725888324874 0.040865384615384616
0 0.6345177664974619 0.3701923076923077 0.19289340101522842 0.03365384615384615