0 0.44541484716157204 0.8533653846153846 0.25327510917030566 0.0625
0 0.45414847161572053 0.78125 0.2183406113537118 0.07451923076923077
0 0.47161572052401746 0.7355769230769231 0.19213973799126638 0.06490384615384616
0 0.5065502183406113 0.6778846153846154 0.1965065502183406 0.06490384615384616
0 0.5633187772925764 0.6153846153846154 0.21397379912663755 0.07692307692307693
0 0.62882096069869 0.5576923076923077 0.22270742358078602 0.057692307692307696
0 0.6550218340611353 0.4951923076923077 0.24017467248908297 0.06971153846153846
0 0.6812227074235808 0.44711538461538464 0.2096069868995633 0.057692307692307696
0 0.6768558951965066 0.4014423076923077 0.2183406113537118 0.057692307692307696
0 0.6637554585152838 0.35336538461538464 0.21397379912663755 0.055288461538461536
0 0.6506550218340611 0.3173076923076923 0.2183406113537118 0.0625
0 0.611353711790393 0.2692307692307692 0.2096069868995633 0.057692307692307696
0 0.5807860262008734 0.22596153846153846 0.18340611353711792 0.06009615384615385
0 0.5720524017467249 0.18509615384615385 0.1572052401746725 0.0673076923076923
0 0.5589519650655022 0.14423076923076922 0.13537117903930132 0.0625