0 0.4497816593886463 0.8461538461538461 0.2576419213973799 0.07211538461538461
0 0.47161572052401746 0.78125 0.24017467248908297 0.07932692307692307
0 0.5109170305676856 0.7139423076923077 0.2096069868995633 0.08413461538461539
0 0.5589519650655022 0.6586538461538461 0.23580786026200873 0.07932692307692307
0 0.5633187772925764 0.5961538461538461 0.2183406113537118 0.07211538461538461
0 0.5720524017467249 0.53125 0.2314410480349345 0.06971153846153846
0 0.5502183406113537 0.4807692307692308 0.18340611353711792 0.06009615384615385
0 0.5458515283842795 0.4375 0.1615720524017467 0.04567307692307692
0 0.5283842794759825 0.3918269230769231 0.18777292576419213 0.0625
0 0.5152838427947598 0.3293269230769231 0.18340611353711792 0.0625
0 0.5152838427947598 0.28125 0.1703056768558952 0.06971153846153846
0 0.5065502183406113 0.22115384615384615 0.15283842794759825 0.057692307692307696
0 0.5065502183406113 0.1778846153846154 0.13537117903930132 0.052884615384615384
0 0.4978165938864629 0.13221153846153846 0.14847161572052403 0.05048076923076923
0 0.5109170305676856 0.0985576923076923 0.16593886462882096 0.055288461538461536