0 0.4672489082969432 0.09615384615384616 0.2314410480349345 0.06971153846153846
0 0.4672489082969432 0.14182692307692307 0.23580786026200873 0.0625
0 0.47161572052401746 0.19230769230769232 0.24890829694323144 0.0673076923076923
0 0.5109170305676856 0.23798076923076922 0.22270742358078602 0.07211538461538461
0 0.537117903930131 0.28125 0.2183406113537118 0.06490384615384616
0 0.5764192139737991 0.3245192307692308 0.21397379912663755 0.0625
0 0.5807860262008734 0.36778846153846156 0.24890829694323144 0.06009615384615385
0 0.5895196506550219 0.41346153846153844 0.27074235807860264 0.06490384615384616
0 0.5633187772925764 0.46875 0.26200873362445415 0.07211538461538461
0 0.537117903930131 0.5240384615384616 0.2576419213973799 0.07451923076923077
0 0.4978165938864629 0.5793269230769231 0.2663755458515284 0.08173076923076923
0 0.45414847161572053 0.6442307692307693 0.2663755458515284 0.07451923076923077
0 0.4279475982532751 0.7115384615384616 0.27510917030567683 0.07451923076923077
0 0.4104803493449782 0.7788461538461539 0.27510917030567683 0.06009615384615385