0 0.4148471615720524 0.0985576923076923 0.21397379912663755 0.055288461538461536
0 0.4279475982532751 0.14182692307692307 0.2183406113537118 0.04567307692307692
0 0.4410480349344978 0.18509615384615385 0.2183406113537118 0.057692307692307696
0 0.4585152838427948 0.23557692307692307 0.25327510917030566 0.057692307692307696
0 0.5021834061135371 0.2764423076923077 0.2663755458515284 0.06009615384615385
0 0.5502183406113537 0.3245192307692308 0.2794759825327511 0.057692307692307696
0 0.5807860262008734 0.36778846153846156 0.29694323144104806 0.052884615384615384
0 0.5982532751091703 0.4110576923076923 0.2576419213973799 0.06490384615384616
0 0.5895196506550219 0.4639423076923077 0.2794759825327511 0.08173076923076923
0 0.5458515283842795 0.5048076923076923 0.2663755458515284 0.08413461538461539
0 0.4890829694323144 0.5649038461538461 0.2838427947598253 0.09134615384615384
0 0.38427947598253276 0.6081730769230769 0.2925764192139738 0.10336538461538461
0 0.29694323144104806 0.6706730769230769 0.27074235807860264 0.08653846153846154
0 0.27074235807860264 0.7451923076923077 0.27510917030567683 0.07211538461538461
0 0.31004366812227074 0.8149038461538461 0.28820960698689957 0.07932692307692307
0 0.388646288209607 0.8774038461538461 0.28820960698689957 0.08413461538461539