0 0.4410480349344978 0.03365384615384615 0.19213973799126638 0.04807692307692308
0 0.42358078602620086 0.07211538461538461 0.18340611353711792 0.04807692307692308
0 0.4192139737991266 0.10336538461538461 0.18777292576419213 0.04326923076923077
0 0.44541484716157204 0.14423076923076922 0.22270742358078602 0.04807692307692308
0 0.47161572052401746 0.18509615384615385 0.2183406113537118 0.04567307692307692
0 0.4847161572052402 0.22355769230769232 0.21397379912663755 0.04567307692307692
0 0.519650655021834 0.25961538461538464 0.2314410480349345 0.04567307692307692
0 0.5589519650655022 0.3076923076923077 0.2314410480349345 0.07211538461538461
0 0.5720524017467249 0.3798076923076923 0.2445414847161572 0.07451923076923077
0 0.5502183406113537 0.43028846153846156 0.24890829694323144 0.07211538461538461
0 0.5240174672489083 0.47836538461538464 0.22707423580786026 0.0625
0 0.4890829694323144 0.5336538461538461 0.2576419213973799 0.06490384615384616
0 0.4410480349344978 0.6009615384615384 0.25327510917030566 0.06971153846153846
0 0.4148471615720524 0.6682692307692307 0.26200873362445415 0.07451923076923077
0 0.4148471615720524 0.7403846153846154 0.2794759825327511 0.07932692307692307
0 0.4279475982532751 0.8149038461538461 0.28820960698689957 0.08653846153846154
0 0.4585152838427948 0.8894230769230769 0.31877729257641924 0.08173076923076923