0 0.5280898876404494 0.17307692307692307 0.10674157303370786 0.03125
0 0.5280898876404494 0.1971153846153846 0.10674157303370786 0.028846153846153848
0 0.5337078651685393 0.22596153846153846 0.11235955056179775 0.03125
0 0.5842696629213483 0.24519230769230768 0.10674157303370786 0.03125
0 0.6235955056179775 0.2644230769230769 0.10112359550561797 0.03125
0 0.6685393258426966 0.28846153846153844 0.11235955056179775 0.03125
0 0.6797752808988764 0.31490384615384615 0.11235955056179775 0.03365384615384615
0 0.6741573033707865 0.34134615384615385 0.12921348314606743 0.03365384615384615
0 0.651685393258427 0.3701923076923077 0.15168539325842698 0.038461538461538464
0 0.6067415730337079 0.39903846153846156 0.15730337078651685 0.040865384615384616
0 0.5449438202247191 0.4254807692307692 0.1404494382022472 0.036057692307692304
0 0.5 0.46153846153846156 0.16853932584269662 0.04326923076923077
0 0.46629213483146065 0.49759615384615385 0.16853932584269662 0.040865384615384616
0 0.46629213483146065 0.5384615384615384 0.16853932584269662 0.040865384615384616
0 0.48314606741573035 0.5841346153846154 0.16292134831460675 0.040865384615384616
0 0.5056179775280899 0.6201923076923077 0.17415730337078653 0.04807692307692308