0 0.47161572052401746 0.036057692307692304 0.27510917030567683 0.036057692307692304
0 0.4847161572052402 0.0625 0.27074235807860264 0.04807692307692308
0 0.4847161572052402 0.09615384615384616 0.23580786026200873 0.052884615384615384
0 0.4978165938864629 0.1346153846153846 0.24017467248908297 0.05048076923076923
0 0.5152838427947598 0.17548076923076922 0.2314410480349345 0.052884615384615384
0 0.5152838427947598 0.21875 0.2314410480349345 0.052884615384615384
0 0.5240174672489083 0.2644230769230769 0.24890829694323144 0.0625
0 0.5327510917030568 0.3173076923076923 0.24017467248908297 0.0625
0 0.537117903930131 0.3701923076923077 0.2314410480349345 0.0625
0 0.5283842794759825 0.4230769230769231 0.22707423580786026 0.057692307692307696
0 0.519650655021834 0.47596153846153844 0.23580786026200873 0.0673076923076923
0 0.5021834061135371 0.53125 0.2445414847161572 0.0673076923076923
0 0.4759825327510917 0.5889423076923077 0.27510917030567683 0.055288461538461536
0 0.4672489082969432 0.6442307692307693 0.2663755458515284 0.07211538461538461
0 0.45414847161572053 0.7115384615384616 0.26200873362445415 0.0673076923076923
0 0.4672489082969432 0.7740384615384616 0.2794759825327511 0.0673076923076923
0 0.4847161572052402 0.8485576923076923 0.2794759825327511 0.07932692307692307