0 0.7554585152838428 0.055288461538461536 0.2925764192139738 0.08653846153846154
0 0.7117903930131004 0.10576923076923077 0.2576419213973799 0.09375
0 0.6855895196506551 0.15625 0.24890829694323144 0.09615384615384616
0 0.6157205240174672 0.20673076923076922 0.24017467248908297 0.10817307692307693
0 0.5414847161572053 0.24759615384615385 0.2314410480349345 0.0985576923076923
0 0.4585152838427948 0.2764423076923077 0.26200873362445415 0.11298076923076923
0 0.37117903930131 0.3125 0.25327510917030566 0.11778846153846154
0 0.3056768558951965 0.35336538461538464 0.2838427947598253 0.10817307692307693
0 0.23580786026200873 0.39663461538461536 0.28820960698689957 0.09134615384615384
0 0.22270742358078602 0.4519230769230769 0.32751091703056767 0.08653846153846154
0 0.20087336244541484 0.5048076923076923 0.3406113537117904 0.08413461538461539
0 0.16593886462882096 0.5625 0.30131004366812225 0.07692307692307693
0 0.17467248908296942 0.6298076923076923 0.32751091703056767 0.08173076923076923
0 0.17903930131004367 0.6826923076923077 0.3406113537117904 0.09375
0 0.22707423580786026 0.7259615384615384 0.2925764192139738 0.11538461538461539
0 0.3406113537117904 0.78125 0.3231441048034934 0.10336538461538461
0 0.3930131004366812 0.84375 0.3318777292576419 0.10096153846153846