0 0.5152838427947598 0.028846153846153848 0.20087336244541484 0.04567307692307692
0 0.5021834061135371 0.0625 0.20087336244541484 0.04807692307692308
0 0.4890829694323144 0.0985576923076923 0.19213973799126638 0.04807692307692308
0 0.48034934497816595 0.14182692307692307 0.20087336244541484 0.055288461538461536
0 0.4672489082969432 0.18990384615384615 0.2314410480349345 0.0673076923076923
0 0.47161572052401746 0.23798076923076922 0.25327510917030566 0.06490384615384616
0 0.4847161572052402 0.28846153846153844 0.2663755458515284 0.0625
0 0.5152838427947598 0.34134615384615385 0.25327510917030566 0.055288461538461536
0 0.5458515283842795 0.38221153846153844 0.23580786026200873 0.055288461538461536
0 0.5414847161572053 0.43509615384615385 0.2183406113537118 0.06490384615384616
0 0.5240174672489083 0.4855769230769231 0.2052401746724891 0.0625
0 0.5065502183406113 0.5480769230769231 0.2096069868995633 0.0673076923076923
0 0.4847161572052402 0.6105769230769231 0.21397379912663755 0.06490384615384616
0 0.4585152838427948 0.6730769230769231 0.22707423580786026 0.06490384615384616
0 0.4585152838427948 0.7355769230769231 0.23580786026200873 0.057692307692307696
0 0.4890829694323144 0.8028846153846154 0.26200873362445415 0.0673076923076923
0 0.5327510917030568 0.8725961538461539 0.2794759825327511 0.07451923076923077