0 0.5619047619047619 0.29156626506024097 0.19047619047619047 0.033734939759036145
0 0.5619047619047619 0.3228915662650602 0.17142857142857143 0.02891566265060241
0 0.5714285714285714 0.35180722891566263 0.18095238095238095 0.02650602409638554
0 0.5619047619047619 0.38072289156626504 0.18095238095238095 0.03132530120481928
0 0.5714285714285714 0.40963855421686746 0.1619047619047619 0.033734939759036145
0 0.5619047619047619 0.43855421686746987 0.21904761904761905 0.03132530120481928
0 0.5619047619047619 0.472289156626506 0.18095238095238095 0.03614457831325301
0 0.5619047619047619 0.5036144578313253 0.2 0.033734939759036145
0 0.5904761904761905 0.5421686746987951 0.22857142857142856 0.03855421686746988
0 0.6285714285714286 0.5759036144578313 0.22857142857142856 0.04096385542168675
0 0.6761904761904762 0.619277108433735 0.23809523809523808 0.04819277108433735
0 0.6666666666666666 0.6626506024096386 0.26666666666666666 0.05060240963855422
0 0.6476190476190476 0.7132530120481928 0.24761904761904763 0.05301204819277108
0 0.5523809523809524 0.744578313253012 0.29523809523809524 0.03614457831325301
0 0.47619047619047616 0.7759036144578313 0.24761904761904763 0.04819277108433735