0 0.5138888888888888 0.13701923076923078 0.13194444444444445 0.026442307692307692
0 0.5069444444444444 0.16105769230769232 0.14583333333333334 0.026442307692307692
0 0.5208333333333334 0.18990384615384615 0.1527777777777778 0.026442307692307692
0 0.5416666666666666 0.21634615384615385 0.1527777777777778 0.028846153846153848
0 0.5902777777777778 0.24278846153846154 0.1527777777777778 0.028846153846153848
0 0.6458333333333334 0.2668269230769231 0.14583333333333334 0.028846153846153848
0 0.6944444444444444 0.29086538461538464 0.1527777777777778 0.03125
0 0.7083333333333334 0.31971153846153844 0.1527777777777778 0.028846153846153848
0 0.7083333333333334 0.35096153846153844 0.1597222222222222 0.03125
0 0.6805555555555556 0.3798076923076923 0.1527777777777778 0.03125
0 0.6388888888888888 0.40625 0.1597222222222222 0.03365384615384615
0 0.5625 0.42788461538461536 0.1736111111111111 0.03365384615384615
0 0.4791666666666667 0.4543269230769231 0.18055555555555555 0.038461538461538464
0 0.4027777777777778 0.4855769230769231 0.1736111111111111 0.04567307692307692
0 0.3611111111111111 0.5264423076923077 0.2152777777777778 0.04326923076923077
0 0.3472222222222222 0.5697115384615384 0.2152777777777778 0.036057692307692304
0 0.3680555555555556 0.6129807692307693 0.19444444444444445 0.03365384615384615