0 0.5021834061135371 0.8413461538461539 0.33624454148471616 0.07932692307692307
0 0.4279475982532751 0.7740384615384616 0.2925764192139738 0.06971153846153846
0 0.38427947598253276 0.7091346153846154 0.2794759825327511 0.0673076923076923
0 0.38427947598253276 0.6394230769230769 0.2663755458515284 0.07211538461538461
0 0.4279475982532751 0.5721153846153846 0.26200873362445415 0.0625
0 0.48034934497816595 0.5168269230769231 0.26200873362445415 0.052884615384615384
0 0.5283842794759825 0.45913461538461536 0.2183406113537118 0.052884615384615384
0 0.5414847161572053 0.40625 0.23580786026200873 0.052884615384615384
0 0.5283842794759825 0.35336538461538464 0.2183406113537118 0.04807692307692308
0 0.48034934497816595 0.3076923076923077 0.19213973799126638 0.04807692307692308
0 0.4410480349344978 0.2668269230769231 0.18777292576419213 0.04807692307692308
0 0.4148471615720524 0.21875 0.24017467248908297 0.06009615384615385
0 0.4017467248908297 0.16346153846153846 0.2314410480349345 0.06009615384615385
0 0.38427947598253276 0.1201923076923077 0.17467248908296942 0.04326923076923077
0 0.40611353711790393 0.07932692307692307 0.1965065502183406 0.036057692307692304
0 0.4279475982532751 0.04326923076923077 0.1965065502183406 0.036057692307692304