0 0.48034934497816595 0.9302884615384616 0.3406113537117904 0.08173076923076923
0 0.4192139737991266 0.8605769230769231 0.314410480349345 0.07451923076923077
0 0.37554585152838427 0.7788461538461539 0.3406113537117904 0.0673076923076923
0 0.34497816593886466 0.7091346153846154 0.2838427947598253 0.06971153846153846
0 0.4017467248908297 0.6418269230769231 0.2925764192139738 0.08173076923076923
0 0.48034934497816595 0.5865384615384616 0.2794759825327511 0.08173076923076923
0 0.5851528384279476 0.53125 0.27510917030567683 0.0889423076923077
0 0.6550218340611353 0.47115384615384615 0.2445414847161572 0.0673076923076923
0 0.6506550218340611 0.4182692307692308 0.24890829694323144 0.08173076923076923
0 0.6462882096069869 0.3629807692307692 0.24890829694323144 0.06490384615384616
0 0.5851528384279476 0.3125 0.2576419213973799 0.06009615384615385
0 0.5283842794759825 0.2644230769230769 0.2096069868995633 0.06009615384615385
0 0.5283842794759825 0.22115384615384615 0.2096069868995633 0.06009615384615385
0 0.49344978165938863 0.15625 0.1965065502183406 0.05048076923076923
0 0.47161572052401746 0.0985576923076923 0.2096069868995633 0.05048076923076923
0 0.4585152838427948 0.052884615384615384 0.24017467248908297 0.055288461538461536