0 0.4104803493449782 0.8389423076923077 0.3318777292576419 0.08413461538461539
0 0.4017467248908297 0.7572115384615384 0.2838427947598253 0.0625
0 0.4279475982532751 0.6826923076923077 0.28820960698689957 0.08173076923076923
0 0.4978165938864629 0.6201923076923077 0.2663755458515284 0.07211538461538461
0 0.5851528384279476 0.5600961538461539 0.27074235807860264 0.07932692307692307
0 0.6855895196506551 0.5072115384615384 0.25327510917030566 0.07451923076923077
0 0.7641921397379913 0.4543269230769231 0.24017467248908297 0.0673076923076923
0 0.8253275109170306 0.40625 0.21397379912663755 0.057692307692307696
0 0.8034934497816594 0.34615384615384615 0.2445414847161572 0.057692307692307696
0 0.7816593886462883 0.2980769230769231 0.27074235807860264 0.052884615384615384
0 0.7161572052401747 0.25721153846153844 0.25327510917030566 0.0625
0 0.6419213973799127 0.21875 0.2663755458515284 0.07451923076923077
0 0.5458515283842795 0.17548076923076922 0.20087336244541484 0.0673076923076923
0 0.5152838427947598 0.13221153846153846 0.18777292576419213 0.06009615384615385
0 0.4672489082969432 0.08413461538461539 0.16593886462882096 0.05048076923076923
0 0.44541484716157204 0.03365384615384615 0.17467248908296942 0.040865384615384616