0 0.5458515283842795 0.8317307692307693 0.31877729257641924 0.07932692307692307
0 0.4672489082969432 0.7692307692307693 0.31877729257641924 0.0889423076923077
0 0.39737991266375544 0.6947115384615384 0.30131004366812225 0.08173076923076923
0 0.34497816593886466 0.6346153846153846 0.2925764192139738 0.07451923076923077
0 0.31004366812227074 0.5649038461538461 0.2576419213973799 0.0673076923076923
0 0.31877729257641924 0.5048076923076923 0.2445414847161572 0.06971153846153846
0 0.39737991266375544 0.4495192307692308 0.2096069868995633 0.07692307692307693
0 0.462882096069869 0.40625 0.22707423580786026 0.06971153846153846
0 0.5152838427947598 0.3605769230769231 0.2576419213973799 0.07211538461538461
0 0.5327510917030568 0.3125 0.24890829694323144 0.0625
0 0.519650655021834 0.25721153846153844 0.2183406113537118 0.0625
0 0.49344978165938863 0.21875 0.20087336244541484 0.06490384615384616
0 0.462882096069869 0.17548076923076922 0.19213973799126638 0.0625
0 0.42358078602620086 0.13221153846153846 0.18340611353711792 0.057692307692307696
0 0.42358078602620086 0.08413461538461539 0.18340611353711792 0.0625
0 0.43231441048034935 0.05048076923076923 0.16593886462882096 0.04807692307692308