0 0.39823008849557523 0.5504807692307693 0.2831858407079646 0.036057692307692304
0 0.3805309734513274 0.5913461538461539 0.3274336283185841 0.03365384615384615
0 0.39823008849557523 0.6322115384615384 0.2743362831858407 0.03365384615384615
0 0.45132743362831856 0.6754807692307693 0.2920353982300885 0.036057692307692304
0 0.5221238938053098 0.7139423076923077 0.2743362831858407 0.03365384615384615
0 0.415929203539823 0.5168269230769231 0.2831858407079646 0.028846153846153848
0 0.45132743362831856 0.4807692307692308 0.24778761061946902 0.028846153846153848
0 0.48672566371681414 0.4519230769230769 0.23893805309734514 0.028846153846153848
0 0.5132743362831859 0.4206730769230769 0.20353982300884957 0.02403846153846154
0 0.5132743362831859 0.3918269230769231 0.18584070796460178 0.02403846153846154
0 0.504424778761062 0.3629807692307692 0.19469026548672566 0.02403846153846154
0 0.49557522123893805 0.33413461538461536 0.19469026548672566 0.02403846153846154
0 0.49557522123893805 0.3076923076923077 0.1592920353982301 0.02403846153846154
0 0.49557522123893805 0.28125 0.20353982300884957 0.021634615384615384
0 0.48672566371681414 0.2548076923076923 0.20353982300884957 0.02403846153846154
0 0.49557522123893805 0.2283653846153846 0.19469026548672566 0.021634615384615384