0 0.3537117903930131 0.8221153846153846 0.2096069868995633 0.07211538461538461
0 0.4279475982532751 0.7451923076923077 0.20087336244541484 0.06490384615384616
0 0.49344978165938863 0.6947115384615384 0.1965065502183406 0.09615384615384616
0 0.5982532751091703 0.6442307692307693 0.18340611353711792 0.09615384615384616
0 0.6855895196506551 0.5961538461538461 0.2096069868995633 0.08653846153846154
0 0.74235807860262 0.5408653846153846 0.22270742358078602 0.07451923076923077
0 0.7685589519650655 0.4855769230769231 0.17903930131004367 0.06971153846153846
0 0.7903930131004366 0.4206730769230769 0.18777292576419213 0.057692307692307696
0 0.7816593886462883 0.3798076923076923 0.1965065502183406 0.057692307692307696
0 0.74235807860262 0.32211538461538464 0.1965065502183406 0.055288461538461536
0 0.6855895196506551 0.28125 0.1703056768558952 0.06490384615384616
0 0.6375545851528385 0.23798076923076922 0.15283842794759825 0.052884615384615384
0 0.5807860262008734 0.20432692307692307 0.14410480349344978 0.05048076923076923
0 0.5633187772925764 0.15384615384615385 0.15283842794759825 0.04567307692307692
0 0.5283842794759825 0.11057692307692307 0.11790393013100436 0.04326923076923077