0 0.5109170305676856 0.08413461538461539 0.17467248908296942 0.04807692307692308
0 0.5065502183406113 0.12259615384615384 0.1572052401746725 0.04807692307692308
0 0.519650655021834 0.1658653846153846 0.17903930131004367 0.04807692307692308
0 0.537117903930131 0.2091346153846154 0.17903930131004367 0.052884615384615384
0 0.5589519650655022 0.25240384615384615 0.17903930131004367 0.04807692307692308
0 0.5764192139737991 0.2980769230769231 0.18340611353711792 0.04807692307692308
0 0.5938864628820961 0.34134615384615385 0.20087336244541484 0.057692307692307696
0 0.6026200873362445 0.3894230769230769 0.1965065502183406 0.055288461538461536
0 0.6069868995633187 0.4375 0.18777292576419213 0.057692307692307696
0 0.5851528384279476 0.49038461538461536 0.19213973799126638 0.06009615384615385
0 0.5589519650655022 0.5504807692307693 0.2096069868995633 0.0673076923076923
0 0.5109170305676856 0.6129807692307693 0.1965065502183406 0.07451923076923077
0 0.4585152838427948 0.6682692307692307 0.2183406113537118 0.07211538461538461
0 0.40611353711790393 0.7331730769230769 0.2183406113537118 0.0673076923076923
0 0.3799126637554585 0.8052884615384616 0.22270742358078602 0.06009615384615385
0 0.3930131004366812 0.8822115384615384 0.27510917030567683 0.06490384615384616