0 0.4759825327510917 0.8653846153846154 0.36681222707423583 0.07692307692307693
0 0.4759825327510917 0.8076923076923077 0.31877729257641924 0.07692307692307693
0 0.4759825327510917 0.7379807692307693 0.28820960698689957 0.06490384615384616
0 0.4978165938864629 0.6826923076923077 0.30131004366812225 0.06971153846153846
0 0.4847161572052402 0.625 0.29694323144104806 0.06971153846153846
0 0.4759825327510917 0.5721153846153846 0.27074235807860264 0.06490384615384616
0 0.462882096069869 0.5 0.2925764192139738 0.06971153846153846
0 0.48034934497816595 0.44711538461538464 0.24017467248908297 0.0673076923076923
0 0.4978165938864629 0.3894230769230769 0.2314410480349345 0.052884615384615384
0 0.5065502183406113 0.3389423076923077 0.2314410480349345 0.0625
0 0.5283842794759825 0.2932692307692308 0.20087336244541484 0.07451923076923077
0 0.5327510917030568 0.23557692307692307 0.2096069868995633 0.06009615384615385
0 0.5414847161572053 0.18509615384615385 0.1965065502183406 0.06490384615384616