0 0.45414847161572053 0.9182692307692307 0.3231441048034934 0.07932692307692307
0 0.47161572052401746 0.8365384615384616 0.29694323144104806 0.0673076923076923
0 0.4978165938864629 0.7620192307692307 0.28820960698689957 0.06490384615384616
0 0.5021834061135371 0.6875 0.2794759825327511 0.06490384615384616
0 0.5065502183406113 0.6201923076923077 0.2838427947598253 0.06490384615384616
0 0.5109170305676856 0.5552884615384616 0.26200873362445415 0.052884615384615384
0 0.4847161572052402 0.49278846153846156 0.2576419213973799 0.057692307692307696
0 0.4978165938864629 0.44711538461538464 0.25327510917030566 0.040865384615384616
0 0.5065502183406113 0.39903846153846156 0.2663755458515284 0.04326923076923077
0 0.5152838427947598 0.35336538461538464 0.2183406113537118 0.040865384615384616
0 0.5283842794759825 0.3076923076923077 0.2183406113537118 0.052884615384615384
0 0.5414847161572053 0.2620192307692308 0.22270742358078602 0.04567307692307692
0 0.5458515283842795 0.2091346153846154 0.2096069868995633 0.04807692307692308
0 0.5676855895196506 0.16826923076923078 0.23580786026200873 0.04807692307692308
0 0.5633187772925764 0.11778846153846154 0.22707423580786026 0.04807692307692308
0 0.5633187772925764 0.06971153846153846 0.23580786026200873 0.04567307692307692