0 0.4017467248908297 0.7475961538461539 0.2838427947598253 0.06971153846153846
0 0.4585152838427948 0.8100961538461539 0.31004366812227074 0.07932692307692307
0 0.3537117903930131 0.6730769230769231 0.3056768558951965 0.06009615384615385
0 0.388646288209607 0.6105769230769231 0.2925764192139738 0.06490384615384616
0 0.4279475982532751 0.5504807692307693 0.26200873362445415 0.07211538461538461
0 0.4890829694323144 0.49038461538461536 0.27510917030567683 0.0673076923076923
0 0.537117903930131 0.4375 0.23580786026200873 0.07451923076923077
0 0.5895196506550219 0.3942307692307692 0.2183406113537118 0.055288461538461536
0 0.6200873362445415 0.3485576923076923 0.2096069868995633 0.04807692307692308
0 0.6331877729257642 0.3004807692307692 0.2052401746724891 0.04807692307692308
0 0.6069868995633187 0.2620192307692308 0.20087336244541484 0.04807692307692308
0 0.5895196506550219 0.21153846153846154 0.21397379912663755 0.04326923076923077
0 0.5633187772925764 0.16826923076923078 0.2096069868995633 0.05048076923076923
0 0.5545851528384279 0.12740384615384615 0.20087336244541484 0.04567307692307692
0 0.5283842794759825 0.0889423076923077 0.1965065502183406 0.040865384615384616