0 0.4847161572052402 0.8822115384615384 0.31877729257641924 0.07692307692307693
0 0.49344978165938863 0.8076923076923077 0.2838427947598253 0.0673076923076923
0 0.47161572052401746 0.7427884615384616 0.28820960698689957 0.0673076923076923
0 0.4672489082969432 0.6730769230769231 0.2663755458515284 0.052884615384615384
0 0.462882096069869 0.6057692307692307 0.2445414847161572 0.052884615384615384
0 0.462882096069869 0.5432692307692307 0.22707423580786026 0.05048076923076923
0 0.4585152838427948 0.4855769230769231 0.2183406113537118 0.04807692307692308
0 0.44541484716157204 0.42788461538461536 0.18340611353711792 0.05048076923076923
0 0.45414847161572053 0.37740384615384615 0.1965065502183406 0.052884615384615384
0 0.4585152838427948 0.3245192307692308 0.2052401746724891 0.05048076923076923
0 0.47161572052401746 0.2668269230769231 0.20087336244541484 0.05048076923076923
0 0.48034934497816595 0.21153846153846154 0.20087336244541484 0.055288461538461536
0 0.48034934497816595 0.15865384615384615 0.22270742358078602 0.038461538461538464
0 0.4759825327510917 0.11778846153846154 0.2096069868995633 0.036057692307692304
0 0.4759825327510917 0.07211538461538461 0.22270742358078602 0.038461538461538464