0 0.49344978165938863 0.10576923076923077 0.2314410480349345 0.052884615384615384
0 0.4847161572052402 0.14903846153846154 0.2183406113537118 0.052884615384615384
0 0.4672489082969432 0.18509615384615385 0.2183406113537118 0.06009615384615385
0 0.4978165938864629 0.23557692307692307 0.26200873362445415 0.0673076923076923
0 0.5109170305676856 0.28365384615384615 0.28820960698689957 0.07932692307692307
0 0.5502183406113537 0.33653846153846156 0.314410480349345 0.07211538461538461
0 0.5764192139737991 0.38461538461538464 0.3056768558951965 0.0673076923076923
0 0.5938864628820961 0.4326923076923077 0.32751091703056767 0.06490384615384616
0 0.5720524017467249 0.49278846153846156 0.30131004366812225 0.06971153846153846
0 0.5589519650655022 0.5528846153846154 0.30131004366812225 0.0673076923076923
0 0.5283842794759825 0.6105769230769231 0.2663755458515284 0.06971153846153846
0 0.537117903930131 0.6682692307692307 0.29694323144104806 0.06490384615384616
0 0.5502183406113537 0.7307692307692307 0.3056768558951965 0.06490384615384616
0 0.5589519650655022 0.7932692307692307 0.3056768558951965 0.07451923076923077
0 0.5764192139737991 0.8629807692307693 0.3056768558951965 0.07211538461538461