0 0.36403508771929827 0.8990384615384616 0.2894736842105263 0.0985576923076923
0 0.32894736842105265 0.8197115384615384 0.34649122807017546 0.08413461538461539
0 0.3201754385964912 0.7259615384615384 0.2850877192982456 0.09615384615384616
0 0.3508771929824561 0.6418269230769231 0.2807017543859649 0.0889423076923077
0 0.43859649122807015 0.5721153846153846 0.2675438596491228 0.11057692307692307
0 0.5175438596491229 0.5048076923076923 0.22807017543859648 0.10817307692307693
0 0.6140350877192983 0.4519230769230769 0.18859649122807018 0.10336538461538461
0 0.6973684210526315 0.40384615384615385 0.20614035087719298 0.08653846153846154
0 0.7675438596491229 0.3557692307692308 0.2412280701754386 0.09615384615384616
0 0.7894736842105263 0.28846153846153844 0.20614035087719298 0.07211538461538461
0 0.75 0.24519230769230768 0.2149122807017544 0.0889423076923077
0 0.7017543859649122 0.19230769230769232 0.17543859649122806 0.09134615384615384
0 0.6359649122807017 0.15625 0.14035087719298245 0.09375
0 0.5614035087719298 0.1201923076923077 0.15350877192982457 0.09134615384615384
0 0.5043859649122807 0.07692307692307693 0.17105263157894737 0.08173076923076923
0 0.45614035087719296 0.03125 0.17105263157894737 0.055288461538461536