0 0.6470588235294118 0.0889423076923077 0.12156862745098039 0.038461538461538464
0 0.6549019607843137 0.13221153846153846 0.1411764705882353 0.055288461538461536
0 0.6509803921568628 0.1875 0.13725490196078433 0.055288461538461536
0 0.6392156862745098 0.24519230769230768 0.1411764705882353 0.06490384615384616
0 0.596078431372549 0.30288461538461536 0.15294117647058825 0.07211538461538461
0 0.5411764705882353 0.35096153846153844 0.18823529411764706 0.08413461538461539
0 0.47058823529411764 0.3894230769230769 0.1843137254901961 0.08413461538461539
0 0.4 0.44471153846153844 0.18823529411764706 0.08413461538461539
0 0.32941176470588235 0.5 0.19215686274509805 0.07932692307692307
0 0.3137254901960784 0.5745192307692307 0.2196078431372549 0.08413461538461539
0 0.33725490196078434 0.6514423076923077 0.24313725490196078 0.10096153846153846
0 0.41568627450980394 0.71875 0.24705882352941178 0.09615384615384616
0 0.47843137254901963 0.7860576923076923 0.24705882352941178 0.0985576923076923
0 0.5333333333333333 0.8725961538461539 0.20392156862745098 0.08173076923076923