0 0.4657534246575342 0.163855421686747 0.1780821917808219 0.04096385542168675
0 0.4520547945205479 0.20240963855421687 0.1917808219178082 0.03614457831325301
0 0.4452054794520548 0.236144578313253 0.18493150684931506 0.03614457831325301
0 0.4589041095890411 0.26987951807228916 0.19863013698630136 0.03855421686746988
0 0.4931506849315068 0.3060240963855422 0.1917808219178082 0.03855421686746988
0 0.6027397260273972 0.3325301204819277 0.22602739726027396 0.04578313253012048
0 0.678082191780822 0.3542168674698795 0.2465753424657534 0.05301204819277108
0 0.7465753424657534 0.37349397590361444 0.2465753424657534 0.05060240963855422
0 0.8013698630136986 0.39759036144578314 0.2328767123287671 0.04819277108433735
0 0.8424657534246576 0.43614457831325304 0.2534246575342466 0.04819277108433735
0 0.8493150684931506 0.4795180722891566 0.2534246575342466 0.04819277108433735
0 0.8356164383561644 0.5253012048192771 0.2602739726027397 0.05301204819277108
0 0.773972602739726 0.5614457831325301 0.273972602739726 0.05783132530120482
0 0.678082191780822 0.5951807228915663 0.2671232876712329 0.05542168674698795
0 0.547945205479452 0.6409638554216868 0.3424657534246575 0.0746987951807229
0 0.4520547945205479 0.691566265060241 0.3219178082191781 0.06987951807228916