0 0.5240174672489083 0.8942307692307693 0.25327510917030566 0.09375
0 0.4497816593886463 0.8221153846153846 0.23580786026200873 0.08173076923076923
0 0.4017467248908297 0.75 0.23580786026200873 0.06009615384615385
0 0.388646288209607 0.6802884615384616 0.22270742358078602 0.07451923076923077
0 0.39737991266375544 0.6129807692307693 0.2314410480349345 0.07211538461538461
0 0.4497816593886463 0.5576923076923077 0.1965065502183406 0.08173076923076923
0 0.5152838427947598 0.5072115384615384 0.17903930131004367 0.0673076923076923
0 0.5720524017467249 0.4567307692307692 0.16593886462882096 0.0673076923076923
0 0.6244541484716157 0.41346153846153844 0.14410480349344978 0.057692307692307696
0 0.6506550218340611 0.3629807692307692 0.1965065502183406 0.06009615384615385
0 0.6637554585152838 0.31490384615384615 0.16593886462882096 0.052884615384615384
0 0.6506550218340611 0.2644230769230769 0.18340611353711792 0.04807692307692308
0 0.6069868995633187 0.21875 0.16593886462882096 0.04807692307692308
0 0.5720524017467249 0.1778846153846154 0.14847161572052403 0.05048076923076923
0 0.537117903930131 0.1346153846153846 0.17467248908296942 0.057692307692307696
0 0.5021834061135371 0.09134615384615384 0.17467248908296942 0.04567307692307692
0 0.48034934497816595 0.04567307692307692 0.18340611353711792 0.036057692307692304