0 0.5938864628820961 0.7860576923076923 0.35807860262008734 0.07451923076923077
0 0.6157205240174672 0.7163461538461539 0.34934497816593885 0.0625
0 0.5676855895196506 0.6490384615384616 0.3930131004366812 0.0625
0 0.5327510917030568 0.5865384615384616 0.39737991266375544 0.0625
0 0.4847161572052402 0.53125 0.34497816593886466 0.06009615384615385
0 0.45414847161572053 0.47596153846153844 0.34497816593886466 0.040865384615384616
0 0.4192139737991266 0.42788461538461536 0.2925764192139738 0.04567307692307692
0 0.4192139737991266 0.3798076923076923 0.29694323144104806 0.040865384615384616
0 0.4279475982532751 0.33413461538461536 0.29694323144104806 0.052884615384615384
0 0.4279475982532751 0.2860576923076923 0.28820960698689957 0.04326923076923077
0 0.40611353711790393 0.24278846153846154 0.2794759825327511 0.040865384615384616
0 0.4148471615720524 0.19951923076923078 0.2576419213973799 0.04326923076923077
0 0.4017467248908297 0.15625 0.27510917030567683 0.040865384615384616
0 0.388646288209607 0.11298076923076923 0.31877729257641924 0.04326923076923077
0 0.37554585152838427 0.07211538461538461 0.34497816593886466 0.03365384615384615