0 0.4083769633507853 0.6875 0.193717277486911 0.04807692307692308
0 0.39267015706806285 0.6370192307692307 0.16753926701570682 0.04326923076923077
0 0.4031413612565445 0.5865384615384616 0.18324607329842932 0.04567307692307692
0 0.4397905759162304 0.5408653846153846 0.17277486910994763 0.04326923076923077
0 0.4816753926701571 0.5024038461538461 0.15706806282722513 0.040865384615384616
0 0.5235602094240838 0.46153846153846156 0.17277486910994763 0.04326923076923077
0 0.5497382198952879 0.4254807692307692 0.15706806282722513 0.038461538461538464
0 0.5602094240837696 0.3942307692307692 0.1518324607329843 0.038461538461538464
0 0.5654450261780105 0.3581730769230769 0.16230366492146597 0.040865384615384616
0 0.5549738219895288 0.3245192307692308 0.1256544502617801 0.038461538461538464
0 0.5392670157068062 0.2932692307692308 0.13089005235602094 0.04326923076923077
0 0.518324607329843 0.25961538461538464 0.1518324607329843 0.03125
0 0.5026178010471204 0.23076923076923078 0.15706806282722513 0.038461538461538464
0 0.49214659685863876 0.19951923076923078 0.17801047120418848 0.038461538461538464
0 0.4816753926701571 0.17067307692307693 0.14659685863874344 0.028846153846153848
0 0.47643979057591623 0.1466346153846154 0.1518324607329843 0.03125