0 0.4104803493449782 0.019230769230769232 0.23580786026200873 0.038461538461538464
0 0.40611353711790393 0.05048076923076923 0.24017467248908297 0.04807692307692308
0 0.4104803493449782 0.0889423076923077 0.2314410480349345 0.055288461538461536
0 0.4104803493449782 0.125 0.2183406113537118 0.04567307692307692
0 0.4104803493449782 0.16826923076923078 0.2314410480349345 0.055288461538461536
0 0.4366812227074236 0.21153846153846154 0.2576419213973799 0.06490384615384616
0 0.4585152838427948 0.2620192307692308 0.25327510917030566 0.06009615384615385
0 0.4759825327510917 0.3125 0.2576419213973799 0.052884615384615384
0 0.48034934497816595 0.3581730769230769 0.2314410480349345 0.052884615384615384
0 0.47161572052401746 0.40865384615384615 0.26200873362445415 0.06009615384615385
0 0.4585152838427948 0.45913461538461536 0.26200873362445415 0.06009615384615385
0 0.4410480349344978 0.5120192307692307 0.2445414847161572 0.0625
0 0.4279475982532751 0.5697115384615384 0.24890829694323144 0.07692307692307693
0 0.4104803493449782 0.6394230769230769 0.2663755458515284 0.06971153846153846
0 0.43231441048034935 0.6971153846153846 0.2663755458515284 0.06971153846153846
0 0.49344978165938863 0.7692307692307693 0.29694323144104806 0.07692307692307693
0 0.5458515283842795 0.8413461538461539 0.29694323144104806 0.08173076923076923