0 0.24583333333333332 0.0889423076923077 0.1375 0.052884615384615384
0 0.2875 0.12740384615384615 0.15 0.0673076923076923
0 0.32916666666666666 0.15865384615384615 0.1375 0.0673076923076923
0 0.37916666666666665 0.19230769230769232 0.14583333333333334 0.07692307692307693
0 0.45416666666666666 0.20673076923076922 0.12916666666666668 0.06971153846153846
0 0.5291666666666667 0.23317307692307693 0.14166666666666666 0.07692307692307693
0 0.5916666666666667 0.25240384615384615 0.15416666666666667 0.07451923076923077
0 0.6416666666666667 0.28125 0.175 0.07932692307692307
0 0.675 0.33413461538461536 0.175 0.07451923076923077
0 0.6666666666666666 0.38221153846153844 0.16666666666666666 0.07451923076923077
0 0.6666666666666666 0.4254807692307692 0.16666666666666666 0.07932692307692307
0 0.6125 0.4735576923076923 0.2 0.08653846153846154
0 0.55 0.5168269230769231 0.18333333333333332 0.08413461538461539
0 0.49166666666666664 0.5673076923076923 0.17916666666666667 0.08413461538461539
0 0.4708333333333333 0.6322115384615384 0.20833333333333334 0.08653846153846154
0 0.4583333333333333 0.6995192307692307 0.20833333333333334 0.07211538461538461
0 0.4583333333333333 0.7740384615384616 0.20416666666666666 0.0889423076923077
0 0.48333333333333334 0.8557692307692307 0.23333333333333334 0.09615384615384616