0 0.462882096069869 0.036057692307692304 0.2663755458515284 0.04807692307692308
0 0.4585152838427948 0.08173076923076923 0.26200873362445415 0.057692307692307696
0 0.4366812227074236 0.12980769230769232 0.25327510917030566 0.0625
0 0.44541484716157204 0.18509615384615385 0.25327510917030566 0.0673076923076923
0 0.44541484716157204 0.24759615384615385 0.2576419213973799 0.08653846153846154
0 0.45414847161572053 0.30528846153846156 0.24890829694323144 0.08173076923076923
0 0.4497816593886463 0.36778846153846156 0.2445414847161572 0.06971153846153846
0 0.44541484716157204 0.4206730769230769 0.24890829694323144 0.06490384615384616
0 0.4672489082969432 0.4735576923076923 0.30131004366812225 0.07211538461538461
0 0.4847161572052402 0.5288461538461539 0.3056768558951965 0.06971153846153846
0 0.537117903930131 0.5793269230769231 0.31004366812227074 0.06009615384615385
0 0.5633187772925764 0.6370192307692307 0.34497816593886466 0.0889423076923077
0 0.5414847161572053 0.6995192307692307 0.31877729257641924 0.10096153846153846
0 0.48034934497816595 0.7548076923076923 0.31877729257641924 0.09375
0 0.388646288209607 0.8149038461538461 0.3318777292576419 0.09615384615384616
0 0.33624454148471616 0.8798076923076923 0.3537117903930131 0.10576923076923077