0 0.4713375796178344 0.6802884615384616 0.18471337579617833 0.055288461538461536
0 0.4140127388535032 0.6370192307692307 0.18471337579617833 0.05048076923076923
0 0.445859872611465 0.2956730769230769 0.09554140127388536 0.026442307692307692
0 0.4585987261146497 0.3245192307692308 0.12738853503184713 0.026442307692307692
0 0.47770700636942676 0.35336538461538464 0.12738853503184713 0.028846153846153848
0 0.4840764331210191 0.37740384615384615 0.11464968152866242 0.02403846153846154
0 0.5031847133757962 0.40625 0.12738853503184713 0.03125
0 0.49044585987261147 0.4326923076923077 0.14012738853503184 0.03125
0 0.46496815286624205 0.4639423076923077 0.15286624203821655 0.036057692307692304
0 0.4267515923566879 0.49038461538461536 0.14012738853503184 0.03365384615384615
0 0.3821656050955414 0.5168269230769231 0.16560509554140126 0.036057692307692304
0 0.3821656050955414 0.5600961538461539 0.18471337579617833 0.036057692307692304
0 0.37579617834394907 0.5985576923076923 0.1910828025477707 0.040865384615384616
0 0.42038216560509556 0.2692307692307692 0.10191082802547771 0.026442307692307692
0 0.5031847133757962 0.7139423076923077 0.18471337579617833 0.028846153846153848