0 0.5851528384279476 0.0985576923076923 0.22707423580786026 0.05048076923076923
0 0.5458515283842795 0.1346153846153846 0.20087336244541484 0.05048076923076923
0 0.5240174672489083 0.18269230769230768 0.23580786026200873 0.052884615384615384
0 0.519650655021834 0.21875 0.22270742358078602 0.0625
0 0.5327510917030568 0.2620192307692308 0.25327510917030566 0.052884615384615384
0 0.5283842794759825 0.3125 0.24890829694323144 0.0673076923076923
0 0.519650655021834 0.3629807692307692 0.25327510917030566 0.057692307692307696
0 0.5283842794759825 0.4110576923076923 0.2838427947598253 0.0625
0 0.537117903930131 0.46153846153846156 0.27510917030567683 0.07451923076923077
0 0.5633187772925764 0.5192307692307693 0.2838427947598253 0.0673076923076923
0 0.5633187772925764 0.5817307692307693 0.27510917030567683 0.0673076923076923
0 0.537117903930131 0.6442307692307693 0.31004366812227074 0.0673076923076923
0 0.5327510917030568 0.7019230769230769 0.32751091703056767 0.0625
0 0.5283842794759825 0.7620192307692307 0.31877729257641924 0.0625
0 0.5414847161572053 0.8245192307692307 0.3231441048034934 0.07692307692307693