0 0.537117903930131 0.04326923076923077 0.18777292576419213 0.038461538461538464
0 0.5414847161572053 0.07692307692307693 0.18777292576419213 0.04326923076923077
0 0.5414847161572053 0.11538461538461539 0.17903930131004367 0.04807692307692308
0 0.5414847161572053 0.16105769230769232 0.19213973799126638 0.057692307692307696
0 0.5240174672489083 0.21153846153846154 0.18340611353711792 0.055288461538461536
0 0.5152838427947598 0.2668269230769231 0.18340611353711792 0.055288461538461536
0 0.5152838427947598 0.31971153846153844 0.2096069868995633 0.06009615384615385
0 0.5065502183406113 0.37259615384615385 0.2096069868995633 0.0625
0 0.4890829694323144 0.4254807692307692 0.22707423580786026 0.0673076923076923
0 0.4585152838427948 0.47596153846153844 0.22707423580786026 0.0673076923076923
0 0.4148471615720524 0.5336538461538461 0.25327510917030566 0.07451923076923077
0 0.388646288209607 0.5985576923076923 0.2663755458515284 0.07211538461538461
0 0.3799126637554585 0.6658653846153846 0.28820960698689957 0.07932692307692307
0 0.4017467248908297 0.7427884615384616 0.2794759825327511 0.0889423076923077
0 0.4847161572052402 0.8100961538461539 0.2925764192139738 0.09375
0 0.5807860262008734 0.8822115384615384 0.27510917030567683 0.09134615384615384
0 0.62882096069869 0.9495192307692307 0.2794759825327511 0.09134615384615384