0 0.49344978165938863 0.04567307692307692 0.19213973799126638 0.04807692307692308
0 0.5021834061135371 0.0889423076923077 0.19213973799126638 0.04567307692307692
0 0.5152838427947598 0.13221153846153846 0.2052401746724891 0.04807692307692308
0 0.5283842794759825 0.17307692307692307 0.1965065502183406 0.052884615384615384
0 0.5545851528384279 0.22115384615384615 0.21397379912663755 0.06009615384615385
0 0.5676855895196506 0.2668269230769231 0.21397379912663755 0.06490384615384616
0 0.5807860262008734 0.3173076923076923 0.20087336244541484 0.052884615384615384
0 0.5764192139737991 0.3629807692307692 0.2183406113537118 0.057692307692307696
0 0.5764192139737991 0.4254807692307692 0.21397379912663755 0.07932692307692307
0 0.5676855895196506 0.4735576923076923 0.21397379912663755 0.06009615384615385
0 0.5414847161572053 0.5216346153846154 0.2183406113537118 0.07211538461538461
0 0.5109170305676856 0.5865384615384616 0.24890829694323144 0.08413461538461539
0 0.5065502183406113 0.6514423076923077 0.2445414847161572 0.06490384615384616
0 0.5152838427947598 0.7139423076923077 0.24890829694323144 0.07451923076923077
0 0.537117903930131 0.7764423076923077 0.2663755458515284 0.0673076923076923
0 0.5720524017467249 0.84375 0.29694323144104806 0.07932692307692307
0 0.5895196506550219 0.90625 0.3406113537117904 0.08653846153846154