0 0.5483870967741935 0.6899038461538461 0.25161290322580643 0.04807692307692308
0 0.6129032258064516 0.6586538461538461 0.25806451612903225 0.04326923076923077
0 0.6709677419354839 0.6298076923076923 0.25806451612903225 0.03365384615384615
0 0.6774193548387096 0.59375 0.23225806451612904 0.040865384615384616
0 0.6580645161290323 0.5528846153846154 0.2 0.040865384615384616
0 0.6 0.5192307692307693 0.21935483870967742 0.036057692307692304
0 0.5483870967741935 0.4879807692307692 0.22580645161290322 0.036057692307692304
0 0.5290322580645161 0.4567307692307692 0.18064516129032257 0.03125
0 0.5290322580645161 0.42788461538461536 0.2129032258064516 0.036057692307692304
0 0.5419354838709678 0.3942307692307692 0.2064516129032258 0.03365384615384615
0 0.5612903225806452 0.3629807692307692 0.2 0.038461538461538464
0 0.5548387096774193 0.33653846153846156 0.23225806451612904 0.028846153846153848
0 0.5419354838709678 0.3076923076923077 0.18064516129032257 0.03365384615384615
0 0.5483870967741935 0.28125 0.18064516129032257 0.03125
0 0.567741935483871 0.25 0.16129032258064516 0.026442307692307692