0 0.4497816593886463 0.07932692307692307 0.24017467248908297 0.05048076923076923
0 0.49344978165938863 0.125 0.27074235807860264 0.07211538461538461
0 0.5152838427947598 0.17067307692307693 0.27510917030567683 0.07451923076923077
0 0.5502183406113537 0.21634615384615385 0.30131004366812225 0.06971153846153846
0 0.5895196506550219 0.2644230769230769 0.2794759825327511 0.0673076923076923
0 0.6026200873362445 0.31009615384615385 0.28820960698689957 0.057692307692307696
0 0.6026200873362445 0.3605769230769231 0.2663755458515284 0.06971153846153846
0 0.5764192139737991 0.39903846153846156 0.25327510917030566 0.07451923076923077
0 0.5283842794759825 0.44711538461538464 0.25327510917030566 0.07692307692307693
0 0.4759825327510917 0.49759615384615385 0.25327510917030566 0.07932692307692307
0 0.43231441048034935 0.5552884615384616 0.2794759825327511 0.07932692307692307
0 0.4192139737991266 0.6201923076923077 0.31004366812227074 0.0625
0 0.4104803493449782 0.6802884615384616 0.28820960698689957 0.07451923076923077
0 0.4497816593886463 0.7524038461538461 0.314410480349345 0.09375
0 0.5109170305676856 0.8173076923076923 0.33624454148471616 0.09134615384615384