0 0.5913461538461539 0.8653846153846154 0.2860576923076923 0.07692307692307693
0 0.6682692307692307 0.8028846153846154 0.28365384615384615 0.08173076923076923
0 0.6778846153846154 0.7379807692307693 0.28365384615384615 0.07692307692307693
0 0.6634615384615384 0.6658653846153846 0.28846153846153844 0.08653846153846154
0 0.6225961538461539 0.5985576923076923 0.2932692307692308 0.0889423076923077
0 0.5721153846153846 0.5456730769230769 0.25961538461538464 0.08173076923076923
0 0.5360576923076923 0.4831730769230769 0.23557692307692307 0.08413461538461539
0 0.5216346153846154 0.4375 0.2692307692307692 0.052884615384615384
0 0.5048076923076923 0.3798076923076923 0.24519230769230768 0.04567307692307692
0 0.49278846153846156 0.3269230769230769 0.23798076923076922 0.04807692307692308
0 0.4807692307692308 0.27884615384615385 0.22115384615384615 0.052884615384615384
0 0.47836538461538464 0.22596153846153846 0.23557692307692307 0.05048076923076923
0 0.47836538461538464 0.1875 0.21634615384615385 0.040865384615384616
0 0.46634615384615385 0.14182692307692307 0.21875 0.04326923076923077
0 0.46875 0.09615384615384616 0.23798076923076922 0.040865384615384616
0 0.4639423076923077 0.055288461538461536 0.25 0.052884615384615384