0 0.4192139737991266 0.8125 0.21397379912663755 0.07932692307692307
0 0.35807860262008734 0.75 0.21397379912663755 0.07692307692307693
0 0.33624454148471616 0.6802884615384616 0.17903930131004367 0.07451923076923077
0 0.3799126637554585 0.6177884615384616 0.2052401746724891 0.06971153846153846
0 0.4192139737991266 0.5552884615384616 0.1703056768558952 0.0889423076923077
0 0.47161572052401746 0.5 0.15283842794759825 0.07211538461538461
0 0.5109170305676856 0.44711538461538464 0.1703056768558952 0.0673076923076923
0 0.5327510917030568 0.3918269230769231 0.1572052401746725 0.052884615384615384
0 0.5502183406113537 0.34375 0.16593886462882096 0.052884615384615384
0 0.5589519650655022 0.3004807692307692 0.13973799126637554 0.04807692307692308
0 0.5414847161572053 0.25721153846153844 0.14847161572052403 0.04807692307692308
0 0.5152838427947598 0.2091346153846154 0.12663755458515283 0.04807692307692308
0 0.5021834061135371 0.17548076923076922 0.13973799126637554 0.04567307692307692
0 0.4759825327510917 0.13221153846153846 0.14410480349344978 0.05048076923076923
0 0.4585152838427948 0.09375 0.13973799126637554 0.040865384615384616
0 0.4366812227074236 0.05048076923076923 0.13100436681222707 0.04326923076923077