0 0.47161572052401746 0.09375 0.28820960698689957 0.052884615384615384
0 0.5065502183406113 0.13701923076923078 0.2838427947598253 0.0673076923076923
0 0.5676855895196506 0.17548076923076922 0.2663755458515284 0.07211538461538461
0 0.5720524017467249 0.21634615384615385 0.28820960698689957 0.07932692307692307
0 0.6462882096069869 0.27403846153846156 0.31877729257641924 0.08653846153846154
0 0.6812227074235808 0.31971153846153844 0.31004366812227074 0.07211538461538461
0 0.6593886462882096 0.37740384615384615 0.31004366812227074 0.08413461538461539
0 0.6200873362445415 0.4326923076923077 0.2794759825327511 0.08173076923076923
0 0.537117903930131 0.47596153846153844 0.2663755458515284 0.07692307692307693
0 0.4759825327510917 0.5144230769230769 0.2794759825327511 0.08413461538461539
0 0.43231441048034935 0.5649038461538461 0.31877729257641924 0.08173076923076923
0 0.3930131004366812 0.6298076923076923 0.32751091703056767 0.08413461538461539
0 0.37554585152838427 0.7019230769230769 0.30131004366812225 0.08653846153846154
0 0.4017467248908297 0.7860576923076923 0.30131004366812225 0.09615384615384616
0 0.4497816593886463 0.8701923076923077 0.31004366812227074 0.10817307692307693