0 0.43231441048034935 0.0985576923076923 0.27510917030567683 0.04326923076923077
0 0.43231441048034935 0.12980769230769232 0.2663755458515284 0.052884615384615384
0 0.4585152838427948 0.17067307692307693 0.27510917030567683 0.055288461538461536
0 0.537117903930131 0.1778846153846154 0.21397379912663755 0.07932692307692307
0 0.6157205240174672 0.1778846153846154 0.23580786026200873 0.07451923076923077
0 0.7117903930131004 0.19951923076923078 0.25327510917030566 0.08413461538461539
0 0.7379912663755459 0.23317307692307693 0.31004366812227074 0.07451923076923077
0 0.759825327510917 0.27163461538461536 0.27074235807860264 0.06490384615384616
0 0.7554585152838428 0.3173076923076923 0.26200873362445415 0.06971153846153846
0 0.7292576419213974 0.36538461538461536 0.2576419213973799 0.0889423076923077
0 0.6899563318777293 0.4110576923076923 0.2576419213973799 0.07451923076923077
0 0.6462882096069869 0.45913461538461536 0.2576419213973799 0.09375
0 0.5720524017467249 0.5120192307692307 0.25327510917030566 0.08653846153846154
0 0.519650655021834 0.5841346153846154 0.2576419213973799 0.09375
0 0.4890829694323144 0.6658653846153846 0.24890829694323144 0.08413461538461539
0 0.49344978165938863 0.7283653846153846 0.27074235807860264 0.07692307692307693
0 0.5021834061135371 0.7860576923076923 0.2445414847161572 0.057692307692307696