0 0.5065502183406113 0.08173076923076923 0.2314410480349345 0.055288461538461536
0 0.5458515283842795 0.125 0.2445414847161572 0.06009615384615385
0 0.5895196506550219 0.16826923076923078 0.24017467248908297 0.0625
0 0.6375545851528385 0.21394230769230768 0.25327510917030566 0.07451923076923077
0 0.7161572052401747 0.25721153846153844 0.2576419213973799 0.07451923076923077
0 0.777292576419214 0.3004807692307692 0.2445414847161572 0.0625
0 0.7947598253275109 0.35096153846153844 0.24017467248908297 0.06490384615384616
0 0.777292576419214 0.4110576923076923 0.24017467248908297 0.07451923076923077
0 0.7336244541484717 0.46875 0.2576419213973799 0.09134615384615384
0 0.62882096069869 0.5144230769230769 0.27510917030567683 0.10336538461538461
0 0.5152838427947598 0.5625 0.27074235807860264 0.09375
0 0.39737991266375544 0.6177884615384616 0.2925764192139738 0.09615384615384616
0 0.3056768558951965 0.6778846153846154 0.29694323144104806 0.08653846153846154
0 0.2925764192139738 0.7572115384615384 0.2838427947598253 0.08173076923076923
0 0.3231441048034934 0.8317307692307693 0.31004366812227074 0.0889423076923077