0 0.5152838427947598 0.11298076923076923 0.2052401746724891 0.057692307692307696
0 0.519650655021834 0.15865384615384615 0.22707423580786026 0.06009615384615385
0 0.5807860262008734 0.20192307692307693 0.2445414847161572 0.09615384615384616
0 0.6550218340611353 0.2403846153846154 0.26200873362445415 0.10096153846153846
0 0.7074235807860262 0.28125 0.2838427947598253 0.09375
0 0.7729257641921398 0.3317307692307692 0.26200873362445415 0.07932692307692307
0 0.777292576419214 0.38221153846153844 0.3056768558951965 0.06971153846153846
0 0.7641921397379913 0.43509615384615385 0.33624454148471616 0.07932692307692307
0 0.7510917030567685 0.4951923076923077 0.27074235807860264 0.10096153846153846
0 0.6681222707423581 0.5384615384615384 0.24017467248908297 0.10336538461538461
0 0.5720524017467249 0.59375 0.2445414847161572 0.10817307692307693
0 0.47161572052401746 0.6394230769230769 0.23580786026200873 0.09615384615384616
0 0.3799126637554585 0.6995192307692307 0.2576419213973799 0.0889423076923077
0 0.32751091703056767 0.7644230769230769 0.29694323144104806 0.07692307692307693
0 0.32751091703056767 0.8389423076923077 0.30131004366812225 0.08173076923076923