0 0.6375545851528385 0.8725961538461539 0.27074235807860264 0.06971153846153846
0 0.6157205240174672 0.8052884615384616 0.27074235807860264 0.09375
0 0.5109170305676856 0.7427884615384616 0.22707423580786026 0.10817307692307693
0 0.4366812227074236 0.6826923076923077 0.21397379912663755 0.09375
0 0.31877729257641924 0.6274038461538461 0.1965065502183406 0.07692307692307693
0 0.26200873362445415 0.5697115384615384 0.2183406113537118 0.08653846153846154
0 0.24017467248908297 0.5168269230769231 0.22707423580786026 0.06009615384615385
0 0.24890829694323144 0.45913461538461536 0.2314410480349345 0.06009615384615385
0 0.2838427947598253 0.40384615384615385 0.19213973799126638 0.07211538461538461
0 0.3318777292576419 0.3605769230769231 0.20087336244541484 0.06971153846153846
0 0.3799126637554585 0.31971153846153844 0.18777292576419213 0.07932692307692307
0 0.42358078602620086 0.2764423076923077 0.1965065502183406 0.06971153846153846
0 0.4759825327510917 0.23798076923076922 0.19213973799126638 0.055288461538461536
0 0.5109170305676856 0.18990384615384615 0.16593886462882096 0.05048076923076923
0 0.5240174672489083 0.14423076923076922 0.17903930131004367 0.057692307692307696
0 0.537117903930131 0.09375 0.18340611353711792 0.052884615384615384