0 0.4759825327510917 0.05048076923076923 0.2576419213973799 0.04567307692307692
0 0.4759825327510917 0.0889423076923077 0.22707423580786026 0.06490384615384616
0 0.4672489082969432 0.12740384615384615 0.23580786026200873 0.055288461538461536
0 0.4366812227074236 0.16346153846153846 0.2314410480349345 0.0625
0 0.4410480349344978 0.21394230769230768 0.2314410480349345 0.0673076923076923
0 0.4497816593886463 0.2668269230769231 0.2576419213973799 0.06009615384615385
0 0.4759825327510917 0.3173076923076923 0.27074235807860264 0.06490384615384616
0 0.48034934497816595 0.3605769230769231 0.314410480349345 0.07211538461538461
0 0.4759825327510917 0.41346153846153844 0.314410480349345 0.0673076923076923
0 0.44541484716157204 0.46634615384615385 0.29694323144104806 0.06971153846153846
0 0.40611353711790393 0.5192307692307693 0.31004366812227074 0.07932692307692307
0 0.35807860262008734 0.5769230769230769 0.32751091703056767 0.07692307692307693
0 0.3056768558951965 0.6442307692307693 0.314410480349345 0.06971153846153846
0 0.314410480349345 0.7139423076923077 0.31877729257641924 0.07451923076923077
0 0.37117903930131 0.7908653846153846 0.34497816593886466 0.08653846153846154
0 0.4585152838427948 0.8629807692307693 0.3799126637554585 0.10336538461538461