0 0.4978165938864629 0.8701923076923077 0.2838427947598253 0.06490384615384616
0 0.5065502183406113 0.7980769230769231 0.23580786026200873 0.07451923076923077
0 0.49344978165938863 0.7355769230769231 0.26200873362445415 0.06009615384615385
0 0.4847161572052402 0.6850961538461539 0.24017467248908297 0.04567307692307692
0 0.4890829694323144 0.125 0.20087336244541484 0.04807692307692308
0 0.49344978165938863 0.08413461538461539 0.2052401746724891 0.04326923076923077
0 0.48034934497816595 0.17067307692307693 0.2052401746724891 0.04807692307692308
0 0.4585152838427948 0.22115384615384615 0.1965065502183406 0.057692307692307696
0 0.43231441048034935 0.28365384615384615 0.1965065502183406 0.052884615384615384
0 0.40611353711790393 0.3389423076923077 0.2576419213973799 0.06490384615384616
0 0.3930131004366812 0.39903846153846156 0.2925764192139738 0.06009615384615385
0 0.3799126637554585 0.46153846153846156 0.26200873362445415 0.06971153846153846
0 0.40611353711790393 0.5264423076923077 0.29694323144104806 0.05048076923076923
0 0.44541484716157204 0.5865384615384616 0.29694323144104806 0.05048076923076923
0 0.462882096069869 0.6346153846153846 0.27074235807860264 0.04567307692307692