0 0.5283842794759825 0.09615384615384616 0.18340611353711792 0.055288461538461536
0 0.5065502183406113 0.1346153846153846 0.19213973799126638 0.04807692307692308
0 0.5021834061135371 0.17548076923076922 0.19213973799126638 0.052884615384615384
0 0.5065502183406113 0.22115384615384615 0.20087336244541484 0.06009615384615385
0 0.5152838427947598 0.27163461538461536 0.1965065502183406 0.06490384615384616
0 0.5152838427947598 0.3269230769230769 0.20087336244541484 0.0625
0 0.5109170305676856 0.37740384615384615 0.17467248908296942 0.06009615384615385
0 0.5109170305676856 0.42788461538461536 0.17903930131004367 0.0673076923076923
0 0.4978165938864629 0.4855769230769231 0.18777292576419213 0.06971153846153846
0 0.49344978165938863 0.5456730769230769 0.1965065502183406 0.06971153846153846
0 0.4890829694323144 0.6081730769230769 0.2183406113537118 0.06490384615384616
0 0.4847161572052402 0.6634615384615384 0.22270742358078602 0.06971153846153846
0 0.4759825327510917 0.7283653846153846 0.2183406113537118 0.07451923076923077
0 0.4759825327510917 0.7860576923076923 0.24890829694323144 0.07211538461538461
0 0.49344978165938863 0.8461538461538461 0.2445414847161572 0.07451923076923077
0 0.49344978165938863 0.9134615384615384 0.30131004366812225 0.06971153846153846