0 0.47596153846153844 0.8293269230769231 0.3918269230769231 0.07932692307692307
0 0.39903846153846156 0.7644230769230769 0.3076923076923077 0.07692307692307693
0 0.3485576923076923 0.6971153846153846 0.31009615384615385 0.08413461538461539
0 0.36778846153846156 0.6394230769230769 0.27884615384615385 0.07932692307692307
0 0.43028846153846156 0.5769230769230769 0.3389423076923077 0.07932692307692307
0 0.5288461538461539 0.5216346153846154 0.3245192307692308 0.07932692307692307
0 0.5889423076923077 0.46634615384615385 0.3269230769230769 0.07692307692307693
0 0.6346153846153846 0.4182692307692308 0.27163461538461536 0.07451923076923077
0 0.6201923076923077 0.3629807692307692 0.23557692307692307 0.06971153846153846
0 0.5841346153846154 0.3125 0.22596153846153846 0.08413461538461539
0 0.5408653846153846 0.2668269230769231 0.25240384615384615 0.06971153846153846
0 0.5096153846153846 0.21875 0.2403846153846154 0.08653846153846154
0 0.49278846153846156 0.17067307692307693 0.25 0.07451923076923077
0 0.47836538461538464 0.125 0.22596153846153846 0.055288461538461536
0 0.4831730769230769 0.08173076923076923 0.28846153846153844 0.05048076923076923