0 0.4978165938864629 0.026442307692307692 0.1965065502183406 0.04567307692307692
0 0.5021834061135371 0.055288461538461536 0.2052401746724891 0.038461538461538464
0 0.4890829694323144 0.08413461538461539 0.19213973799126638 0.04807692307692308
0 0.48034934497816595 0.12259615384615384 0.19213973799126638 0.052884615384615384
0 0.4672489082969432 0.1658653846153846 0.19213973799126638 0.055288461538461536
0 0.4585152838427948 0.21153846153846154 0.1965065502183406 0.052884615384615384
0 0.4497816593886463 0.2620192307692308 0.19213973799126638 0.06009615384615385
0 0.4410480349344978 0.3125 0.2096069868995633 0.0625
0 0.4366812227074236 0.3581730769230769 0.2314410480349345 0.0625
0 0.4366812227074236 0.41346153846153844 0.2445414847161572 0.057692307692307696
0 0.43231441048034935 0.47115384615384615 0.2445414847161572 0.0673076923076923
0 0.4279475982532751 0.5264423076923077 0.2576419213973799 0.06971153846153846
0 0.42358078602620086 0.5841346153846154 0.27074235807860264 0.0673076923076923
0 0.4410480349344978 0.6466346153846154 0.2663755458515284 0.07451923076923077
0 0.4366812227074236 0.7091346153846154 0.26200873362445415 0.07211538461538461
0 0.4585152838427948 0.7644230769230769 0.29694323144104806 0.08413461538461539
0 0.47161572052401746 0.8365384615384616 0.3056768558951965 0.0889423076923077
0 0.4847161572052402 0.9134615384615384 0.31004366812227074 0.08173076923076923