0 0.5517241379310345 0.4831730769230769 0.1103448275862069 0.021634615384615384
0 0.5448275862068965 0.5120192307692307 0.12413793103448276 0.02403846153846154
0 0.5310344827586206 0.5408653846153846 0.14482758620689656 0.021634615384615384
0 0.503448275862069 0.5721153846153846 0.14482758620689656 0.026442307692307692
0 0.4896551724137931 0.6081730769230769 0.15862068965517243 0.028846153846153848
0 0.47586206896551725 0.6442307692307693 0.15862068965517243 0.026442307692307692
0 0.4827586206896552 0.6826923076923077 0.1724137931034483 0.028846153846153848
0 0.5241379310344828 0.7211538461538461 0.1724137931034483 0.026442307692307692
0 0.5655172413793104 0.7620192307692307 0.2 0.03125
0 0.5448275862068965 0.4567307692307692 0.1310344827586207 0.019230769230769232
0 0.5379310344827586 0.43028846153846156 0.11724137931034483 0.019230769230769232
0 0.5310344827586206 0.40625 0.1103448275862069 0.016826923076923076
0 0.5241379310344828 0.3798076923076923 0.1103448275862069 0.021634615384615384
0 0.5172413793103449 0.3581730769230769 0.10344827586206896 0.016826923076923076
0 0.5103448275862069 0.33653846153846156 0.12413793103448276 0.016826923076923076
0 0.5103448275862069 0.3125 0.11724137931034483 0.019230769230769232