0 0.5633187772925764 0.036057692307692304 0.2314410480349345 0.05048076923076923
0 0.5414847161572053 0.0673076923076923 0.2314410480349345 0.04807692307692308
0 0.5152838427947598 0.09615384615384616 0.22270742358078602 0.057692307692307696
0 0.4890829694323144 0.13221153846153846 0.2052401746724891 0.055288461538461536
0 0.4847161572052402 0.1778846153846154 0.1965065502183406 0.055288461538461536
0 0.4890829694323144 0.2283653846153846 0.2096069868995633 0.0625
0 0.47161572052401746 0.27403846153846156 0.21397379912663755 0.06490384615384616
0 0.4410480349344978 0.31971153846153844 0.2183406113537118 0.0625
0 0.4104803493449782 0.3701923076923077 0.2314410480349345 0.0673076923076923
0 0.34934497816593885 0.41346153846153844 0.24890829694323144 0.07211538461538461
0 0.2925764192139738 0.46634615384615385 0.2576419213973799 0.07692307692307693
0 0.25327510917030566 0.5144230769230769 0.27510917030567683 0.07692307692307693
0 0.2576419213973799 0.5817307692307693 0.3406113537117904 0.08173076923076923
0 0.2838427947598253 0.6394230769230769 0.3318777292576419 0.08413461538461539
0 0.3930131004366812 0.6826923076923077 0.33624454148471616 0.10096153846153846
0 0.5283842794759825 0.7331730769230769 0.30131004366812225 0.0889423076923077
0 0.6069868995633187 0.78125 0.35807860262008734 0.08413461538461539
0 0.6681222707423581 0.8485576923076923 0.34934497816593885 0.08413461538461539
0 0.7074235807860262 0.9086538461538461 0.35807860262008734 0.08173076923076923