0 0.464 0.23317307692307693 0.152 0.02403846153846154
0 0.456 0.2548076923076923 0.136 0.021634615384615384
0 0.456 0.28125 0.144 0.021634615384615384
0 0.464 0.3076923076923077 0.152 0.02403846153846154
0 0.472 0.33413461538461536 0.152 0.02403846153846154
0 0.488 0.3581730769230769 0.152 0.026442307692307692
0 0.496 0.3894230769230769 0.152 0.026442307692307692
0 0.504 0.4206730769230769 0.152 0.026442307692307692
0 0.512 0.4495192307692308 0.16 0.028846153846153848
0 0.512 0.47836538461538464 0.176 0.03125
0 0.488 0.5096153846153846 0.184 0.03125
0 0.464 0.5408653846153846 0.192 0.03365384615384615
0 0.44 0.5817307692307693 0.2 0.036057692307692304
0 0.448 0.6225961538461539 0.2 0.036057692307692304
0 0.48 0.6634615384615384 0.216 0.038461538461538464
0 0.528 0.7091346153846154 0.216 0.040865384615384616