0 0.36681222707423583 0.8822115384615384 0.3537117903930131 0.07211538461538461
0 0.34934497816593885 0.8173076923076923 0.35807860262008734 0.0673076923076923
0 0.3537117903930131 0.7451923076923077 0.2838427947598253 0.07932692307692307
0 0.4148471615720524 0.6778846153846154 0.3231441048034934 0.09134615384615384
0 0.4978165938864629 0.6033653846153846 0.314410480349345 0.08653846153846154
0 0.5982532751091703 0.5432692307692307 0.31877729257641924 0.08653846153846154
0 0.6724890829694323 0.49759615384615385 0.27074235807860264 0.07932692307692307
0 0.7379912663755459 0.4423076923076923 0.2794759825327511 0.0673076923076923
0 0.7379912663755459 0.38221153846153844 0.24890829694323144 0.05048076923076923
0 0.7510917030567685 0.33653846153846156 0.2576419213973799 0.04807692307692308
0 0.7292576419213974 0.28365384615384615 0.2183406113537118 0.040865384615384616
0 0.7161572052401747 0.23798076923076922 0.2183406113537118 0.04326923076923077
0 0.6724890829694323 0.19471153846153846 0.22270742358078602 0.04807692307692308
0 0.6331877729257642 0.14423076923076922 0.24890829694323144 0.04807692307692308
0 0.6069868995633187 0.10096153846153846 0.24890829694323144 0.04807692307692308
0 0.5938864628820961 0.05048076923076923 0.25327510917030566 0.040865384615384616