0 0.49344978165938863 0.038461538461538464 0.2183406113537118 0.04567307692307692
0 0.4978165938864629 0.06971153846153846 0.2183406113537118 0.040865384615384616
0 0.4978165938864629 0.10817307692307693 0.2183406113537118 0.05048076923076923
0 0.4847161572052402 0.15144230769230768 0.22707423580786026 0.06009615384615385
0 0.45414847161572053 0.19230769230769232 0.22270742358078602 0.057692307692307696
0 0.4192139737991266 0.2403846153846154 0.25327510917030566 0.06971153846153846
0 0.3406113537117904 0.28125 0.2096069868995633 0.06971153846153846
0 0.26200873362445415 0.3125 0.2096069868995633 0.06971153846153846
0 0.19213973799126638 0.3389423076923077 0.2096069868995633 0.06009615384615385
0 0.17467248908296942 0.3798076923076923 0.22270742358078602 0.07211538461538461
0 0.16593886462882096 0.42788461538461536 0.22707423580786026 0.052884615384615384
0 0.1965065502183406 0.47115384615384615 0.24017467248908297 0.0673076923076923
0 0.31004366812227074 0.5 0.2314410480349345 0.07692307692307693
0 0.40611353711790393 0.53125 0.22707423580786026 0.08413461538461539
0 0.5109170305676856 0.5576923076923077 0.30131004366812225 0.08173076923076923
0 0.6069868995633187 0.6033653846153846 0.30131004366812225 0.07932692307692307
0 0.6593886462882096 0.6730769230769231 0.31004366812227074 0.07932692307692307
0 0.6768558951965066 0.75 0.2838427947598253 0.08173076923076923
0 0.6550218340611353 0.8341346153846154 0.3318777292576419 0.09615384615384616
0 0.5938864628820961 0.8990384615384616 0.31877729257641924 0.09375