0 0.5458515283842795 0.8173076923076923 0.4192139737991266 0.07211538461538461
0 0.5065502183406113 0.7403846153846154 0.39737991266375544 0.06009615384615385
0 0.462882096069869 0.6730769230769231 0.37117903930131 0.057692307692307696
0 0.4017467248908297 0.6081730769230769 0.35807860262008734 0.06009615384615385
0 0.3799126637554585 0.5432692307692307 0.38427947598253276 0.055288461538461536
0 0.3930131004366812 0.4807692307692308 0.4148471615720524 0.055288461538461536
0 0.4497816593886463 0.4230769230769231 0.32751091703056767 0.04807692307692308
0 0.47161572052401746 0.375 0.34934497816593885 0.052884615384615384
0 0.4585152838427948 0.3173076923076923 0.30131004366812225 0.05048076923076923
0 0.4410480349344978 0.2692307692307692 0.3231441048034934 0.04807692307692308
0 0.4279475982532751 0.21634615384615385 0.34934497816593885 0.055288461538461536
0 0.38427947598253276 0.17067307692307693 0.24890829694323144 0.0625
0 0.3537117903930131 0.125 0.31877729257641924 0.05048076923076923
0 0.3318777292576419 0.08413461538461539 0.2794759825327511 0.05048076923076923
0 0.34497816593886466 0.04326923076923077 0.314410480349345 0.05048076923076923