0 0.48034934497816595 0.125 0.14847161572052403 0.04807692307692308
0 0.4978165938864629 0.1658653846153846 0.17467248908296942 0.06009615384615385
0 0.5152838427947598 0.21634615384615385 0.1965065502183406 0.0673076923076923
0 0.537117903930131 0.2644230769230769 0.20087336244541484 0.0673076923076923
0 0.5589519650655022 0.3125 0.1965065502183406 0.07211538461538461
0 0.5720524017467249 0.36538461538461536 0.22270742358078602 0.06009615384615385
0 0.5807860262008734 0.41586538461538464 0.22707423580786026 0.07451923076923077
0 0.5764192139737991 0.46634615384615385 0.21397379912663755 0.0625
0 0.5327510917030568 0.5192307692307693 0.2052401746724891 0.08173076923076923
0 0.4978165938864629 0.5841346153846154 0.22270742358078602 0.08173076923076923
0 0.45414847161572053 0.6418269230769231 0.24017467248908297 0.07932692307692307
0 0.45414847161572053 0.7067307692307693 0.25327510917030566 0.07211538461538461
0 0.4672489082969432 0.7764423076923077 0.24017467248908297 0.09134615384615384
0 0.519650655021834 0.84375 0.27074235807860264 0.09615384615384616
0 0.4759825327510917 0.09134615384615384 0.1572052401746725 0.05048076923076923