0 0.5240174672489083 0.0889423076923077 0.16593886462882096 0.06009615384615385
0 0.5109170305676856 0.13221153846153846 0.16593886462882096 0.052884615384615384
0 0.5109170305676856 0.1778846153846154 0.1703056768558952 0.06009615384615385
0 0.519650655021834 0.22596153846153846 0.17903930131004367 0.06490384615384616
0 0.5327510917030568 0.27163461538461536 0.17467248908296942 0.0625
0 0.5414847161572053 0.31971153846153844 0.17467248908296942 0.0673076923076923
0 0.5458515283842795 0.36778846153846156 0.18340611353711792 0.06490384615384616
0 0.5633187772925764 0.41346153846153844 0.1965065502183406 0.06490384615384616
0 0.5895196506550219 0.46875 0.2052401746724891 0.07451923076923077
0 0.6200873362445415 0.5216346153846154 0.21397379912663755 0.0673076923076923
0 0.62882096069869 0.5817307692307693 0.2183406113537118 0.0673076923076923
0 0.6244541484716157 0.6466346153846154 0.22270742358078602 0.07451923076923077
0 0.5807860262008734 0.7043269230769231 0.23580786026200873 0.08413461538461539
0 0.4978165938864629 0.7644230769230769 0.24017467248908297 0.09375
0 0.42358078602620086 0.8341346153846154 0.25327510917030566 0.09375