0 0.5109170305676856 0.055288461538461536 0.2445414847161572 0.0625
0 0.4978165938864629 0.09615384615384616 0.22707423580786026 0.04807692307692308
0 0.4890829694323144 0.13701923076923078 0.2052401746724891 0.052884615384615384
0 0.4847161572052402 0.18269230769230768 0.20087336244541484 0.055288461538461536
0 0.4847161572052402 0.22596153846153846 0.19213973799126638 0.04807692307692308
0 0.4847161572052402 0.2668269230769231 0.18340611353711792 0.052884615384615384
0 0.4978165938864629 0.3125 0.2052401746724891 0.057692307692307696
0 0.5152838427947598 0.3557692307692308 0.2052401746724891 0.052884615384615384
0 0.519650655021834 0.4014423076923077 0.2052401746724891 0.05048076923076923
0 0.5152838427947598 0.4495192307692308 0.2183406113537118 0.057692307692307696
0 0.5021834061135371 0.5 0.2445414847161572 0.06009615384615385
0 0.4978165938864629 0.5600961538461539 0.24890829694323144 0.06490384615384616
0 0.4978165938864629 0.625 0.24890829694323144 0.06490384615384616
0 0.49344978165938863 0.6850961538461539 0.2663755458515284 0.06490384615384616
0 0.5065502183406113 0.75 0.2925764192139738 0.07451923076923077
0 0.5021834061135371 0.8221153846153846 0.28820960698689957 0.07692307692307693