0 0.5982532751091703 0.8581730769230769 0.3056768558951965 0.06971153846153846
0 0.5545851528384279 0.7836538461538461 0.2445414847161572 0.07451923076923077
0 0.5065502183406113 0.7139423076923077 0.2314410480349345 0.0673076923076923
0 0.4497816593886463 0.6490384615384616 0.2445414847161572 0.06971153846153846
0 0.4148471615720524 0.5889423076923077 0.25327510917030566 0.06971153846153846
0 0.3624454148471616 0.5336538461538461 0.2445414847161572 0.0673076923076923
0 0.35807860262008734 0.47596153846153844 0.2183406113537118 0.06009615384615385
0 0.35807860262008734 0.4230769230769231 0.21397379912663755 0.04807692307692308
0 0.35807860262008734 0.375 0.20087336244541484 0.052884615384615384
0 0.35807860262008734 0.31971153846153844 0.20087336244541484 0.057692307692307696
0 0.37117903930131 0.2692307692307692 0.20087336244541484 0.057692307692307696
0 0.38427947598253276 0.2283653846153846 0.17903930131004367 0.055288461538461536
0 0.40611353711790393 0.18269230769230768 0.19213973799126638 0.055288461538461536
0 0.4410480349344978 0.13221153846153846 0.18777292576419213 0.04807692307692308
0 0.4279475982532751 0.08413461538461539 0.20087336244541484 0.04567307692307692
0 0.4279475982532751 0.038461538461538464 0.22707423580786026 0.05048076923076923