0 0.35668789808917195 0.033734939759036145 0.1910828025477707 0.04819277108433735
0 0.37579617834394907 0.06746987951807229 0.19745222929936307 0.03614457831325301
0 0.39490445859872614 0.10602409638554217 0.21019108280254778 0.043373493975903614
0 0.45222929936305734 0.14698795180722893 0.19745222929936307 0.03855421686746988
0 0.5095541401273885 0.18313253012048192 0.21019108280254778 0.04578313253012048
0 0.5414012738853503 0.22650602409638554 0.22929936305732485 0.05301204819277108
0 0.5605095541401274 0.27228915662650605 0.2484076433121019 0.05301204819277108
0 0.5668789808917197 0.3180722891566265 0.2356687898089172 0.05060240963855422
0 0.5668789808917197 0.3686746987951807 0.2356687898089172 0.05301204819277108
0 0.5477707006369427 0.41927710843373495 0.22929936305732485 0.05783132530120482
0 0.5222929936305732 0.472289156626506 0.25477707006369427 0.06265060240963856
0 0.49044585987261147 0.5277108433734939 0.25477707006369427 0.05783132530120482
0 0.4585987261146497 0.5927710843373494 0.2484076433121019 0.06506024096385542
0 0.445859872611465 0.6578313253012048 0.25477707006369427 0.06746987951807229
0 0.45222929936305734 0.727710843373494 0.28662420382165604 0.06506024096385542
0 0.4713375796178344 0.7879518072289157 0.3630573248407643 0.05783132530120482