0 0.4104803493449782 0.8413461538461539 0.34934497816593885 0.0673076923076923
0 0.39737991266375544 0.7620192307692307 0.3406113537117904 0.07451923076923077
0 0.4279475982532751 0.6923076923076923 0.34934497816593885 0.07692307692307693
0 0.4890829694323144 0.6201923076923077 0.3537117903930131 0.08653846153846154
0 0.5982532751091703 0.5673076923076923 0.3231441048034934 0.07451923076923077
0 0.6768558951965066 0.5120192307692307 0.32751091703056767 0.07932692307692307
0 0.7903930131004366 0.47115384615384615 0.2663755458515284 0.07211538461538461
0 0.8427947598253275 0.39663461538461536 0.29694323144104806 0.057692307692307696
0 0.8034934497816594 0.30528846153846156 0.2794759825327511 0.06009615384615385
0 0.7379912663755459 0.25240384615384615 0.29694323144104806 0.055288461538461536
0 0.6768558951965066 0.21153846153846154 0.27510917030567683 0.04807692307692308
0 0.611353711790393 0.16826923076923078 0.23580786026200873 0.055288461538461536
0 0.5633187772925764 0.12740384615384615 0.21397379912663755 0.040865384615384616
0 0.5327510917030568 0.07932692307692307 0.20087336244541484 0.04326923076923077
0 0.5109170305676856 0.038461538461538464 0.20087336244541484 0.038461538461538464
0 0.834061135371179 0.35096153846153844 0.26200873362445415 0.0625