0 0.4279475982532751 0.040865384615384616 0.25327510917030566 0.038461538461538464
0 0.4366812227074236 0.07211538461538461 0.24017467248908297 0.040865384615384616
0 0.4585152838427948 0.11298076923076923 0.24017467248908297 0.04807692307692308
0 0.4890829694323144 0.1466346153846154 0.25327510917030566 0.04326923076923077
0 0.4978165938864629 0.18269230769230768 0.2838427947598253 0.05048076923076923
0 0.5240174672489083 0.22596153846153846 0.31877729257641924 0.055288461538461536
0 0.6157205240174672 0.2860576923076923 0.3231441048034934 0.06490384615384616
0 0.6637554585152838 0.34134615384615385 0.3406113537117904 0.06009615384615385
0 0.6681222707423581 0.3918269230769231 0.30131004366812225 0.057692307692307696
0 0.6637554585152838 0.43990384615384615 0.2925764192139738 0.06971153846153846
0 0.6026200873362445 0.4951923076923077 0.2838427947598253 0.08173076923076923
0 0.519650655021834 0.5576923076923077 0.30131004366812225 0.07932692307692307
0 0.47161572052401746 0.6177884615384616 0.31004366812227074 0.07932692307692307
0 0.45414847161572053 0.6923076923076923 0.2925764192139738 0.0673076923076923
0 0.4759825327510917 0.7524038461538461 0.3056768558951965 0.06009615384615385
0 0.5109170305676856 0.8197115384615384 0.33624454148471616 0.07451923076923077
0 0.5502183406113537 0.8966346153846154 0.38427947598253276 0.07932692307692307