0 0.4148471615720524 0.04326923076923077 0.2445414847161572 0.055288461538461536
0 0.4148471615720524 0.09375 0.24890829694323144 0.052884615384615384
0 0.4104803493449782 0.13701923076923078 0.24890829694323144 0.06490384615384616
0 0.4017467248908297 0.18990384615384615 0.23580786026200873 0.057692307692307696
0 0.40611353711790393 0.2403846153846154 0.25327510917030566 0.0625
0 0.4017467248908297 0.29086538461538464 0.2576419213973799 0.0673076923076923
0 0.388646288209607 0.35096153846153844 0.2576419213973799 0.0625
0 0.39737991266375544 0.40625 0.2794759825327511 0.06971153846153846
0 0.4017467248908297 0.47115384615384615 0.2794759825327511 0.06490384615384616
0 0.4192139737991266 0.5336538461538461 0.2925764192139738 0.06971153846153846
0 0.4104803493449782 0.5985576923076923 0.29694323144104806 0.08413461538461539
0 0.3624454148471616 0.6658653846153846 0.3231441048034934 0.08653846153846154
0 0.3056768558951965 0.7355769230769231 0.34934497816593885 0.08653846153846154
0 0.3406113537117904 0.7956730769230769 0.3318777292576419 0.06490384615384616
0 0.4672489082969432 0.8221153846153846 0.2925764192139738 0.07451923076923077
0 0.5720524017467249 0.8605769230769231 0.3624454148471616 0.08413461538461539
0 0.6637554585152838 0.9182692307692307 0.4148471615720524 0.0889423076923077