0 0.40106951871657753 0.17307692307692307 0.12299465240641712 0.02403846153846154
0 0.40641711229946526 0.19951923076923078 0.13903743315508021 0.028846153846153848
0 0.41711229946524064 0.22355769230769232 0.1497326203208556 0.028846153846153848
0 0.42245989304812837 0.25240384615384615 0.13368983957219252 0.026442307692307692
0 0.44385026737967914 0.27884615384615385 0.13368983957219252 0.028846153846153848
0 0.45989304812834225 0.3004807692307692 0.13368983957219252 0.026442307692307692
0 0.48128342245989303 0.3245192307692308 0.13903743315508021 0.028846153846153848
0 0.5026737967914439 0.3557692307692308 0.15508021390374332 0.03365384615384615
0 0.5187165775401069 0.3894230769230769 0.1497326203208556 0.03125
0 0.5133689839572193 0.4254807692307692 0.1443850267379679 0.03365384615384615
0 0.5080213903743316 0.4639423076923077 0.1497326203208556 0.036057692307692304
0 0.5026737967914439 0.5 0.1497326203208556 0.028846153846153848
0 0.49732620320855614 0.5264423076923077 0.15508021390374332 0.02403846153846154
0 0.5026737967914439 0.5504807692307693 0.16042780748663102 0.02403846153846154
0 0.49732620320855614 0.5793269230769231 0.1657754010695187 0.03125
0 0.49732620320855614 0.6105769230769231 0.1657754010695187 0.02403846153846154
0 0.5080213903743316 0.6490384615384616 0.17647058823529413 0.038461538461538464
0 0.49732620320855614 0.6995192307692307 0.17647058823529413 0.040865384615384616