0 0.5589519650655022 0.8149038461538461 0.3318777292576419 0.08173076923076923
0 0.5764192139737991 0.7403846153846154 0.2925764192139738 0.0673076923076923
0 0.5676855895196506 0.6778846153846154 0.28820960698689957 0.06490384615384616
0 0.5458515283842795 0.6201923076923077 0.26200873362445415 0.0673076923076923
0 0.5283842794759825 0.5528846153846154 0.3231441048034934 0.06490384615384616
0 0.5240174672489083 0.4879807692307692 0.30131004366812225 0.06009615384615385
0 0.5283842794759825 0.43509615384615385 0.2794759825327511 0.04807692307692308
0 0.5545851528384279 0.3894230769230769 0.2838427947598253 0.04807692307692308
0 0.5502183406113537 0.33653846153846156 0.24890829694323144 0.057692307692307696
0 0.5327510917030568 0.28846153846153844 0.24890829694323144 0.04567307692307692
0 0.5152838427947598 0.24519230769230768 0.24017467248908297 0.055288461538461536
0 0.4759825327510917 0.1971153846153846 0.2183406113537118 0.05048076923076923
0 0.4759825327510917 0.15384615384615385 0.22270742358078602 0.04567307692307692
0 0.49344978165938863 0.11298076923076923 0.23580786026200873 0.05048076923076923
0 0.5240174672489083 0.07451923076923077 0.20087336244541484 0.04567307692307692
0 0.5633187772925764 0.04326923076923077 0.2096069868995633 0.036057692307692304