0 0.47843137254901963 0.021686746987951807 0.12156862745098039 0.043373493975903614
0 0.4745098039215686 0.06746987951807229 0.11764705882352941 0.04819277108433735
0 0.4627450980392157 0.11325301204819277 0.11372549019607843 0.04578313253012048
0 0.4627450980392157 0.163855421686747 0.13333333333333333 0.04578313253012048
0 0.48627450980392156 0.21445783132530122 0.13725490196078433 0.05060240963855422
0 0.5215686274509804 0.25783132530120484 0.12941176470588237 0.05060240963855422
0 0.5568627450980392 0.30120481927710846 0.1450980392156863 0.05542168674698795
0 0.5725490196078431 0.3542168674698795 0.14901960784313725 0.05783132530120482
0 0.5843137254901961 0.4072289156626506 0.14901960784313725 0.05301204819277108
0 0.5803921568627451 0.4530120481927711 0.1450980392156863 0.05301204819277108
0 0.5647058823529412 0.4939759036144578 0.1607843137254902 0.05542168674698795
0 0.5372549019607843 0.5469879518072289 0.1607843137254902 0.05542168674698795
0 0.5176470588235295 0.5855421686746988 0.16470588235294117 0.060240963855421686
0 0.5019607843137255 0.6313253012048192 0.17647058823529413 0.06506024096385542
0 0.48627450980392156 0.7012048192771084 0.1803921568627451 0.06506024096385542
0 0.4666666666666667 0.7566265060240964 0.1843137254901961 0.05542168674698795