0 0.3930131004366812 0.8533653846153846 0.35807860262008734 0.07932692307692307
0 0.3930131004366812 0.9302884615384616 0.43231441048034935 0.07451923076923077
0 0.4104803493449782 0.7788461538461539 0.37554585152838427 0.07692307692307693
0 0.47161572052401746 0.71875 0.3406113537117904 0.08653846153846154
0 0.5502183406113537 0.6490384615384616 0.3056768558951965 0.0889423076923077
0 0.62882096069869 0.5889423076923077 0.3231441048034934 0.0889423076923077
0 0.6768558951965066 0.5288461538461539 0.31004366812227074 0.0889423076923077
0 0.74235807860262 0.4831730769230769 0.31004366812227074 0.07932692307692307
0 0.759825327510917 0.36778846153846156 0.2794759825327511 0.057692307692307696
0 0.7554585152838428 0.4254807692307692 0.30131004366812225 0.0673076923076923
0 0.7510917030567685 0.32211538461538464 0.26200873362445415 0.052884615384615384
0 0.7030567685589519 0.2668269230769231 0.2314410480349345 0.0625
0 0.6637554585152838 0.21634615384615385 0.27510917030567683 0.055288461538461536
0 0.6026200873362445 0.15865384615384615 0.2663755458515284 0.052884615384615384
0 0.5851528384279476 0.125 0.27074235807860264 0.055288461538461536
0 0.5633187772925764 0.07932692307692307 0.2576419213973799 0.04807692307692308
0 0.5240174672489083 0.040865384615384616 0.24890829694323144 0.06009615384615385