0 0.5065502183406113 0.0625 0.22707423580786026 0.04807692307692308
0 0.5109170305676856 0.10096153846153846 0.21397379912663755 0.052884615384615384
0 0.5109170305676856 0.14423076923076922 0.2445414847161572 0.055288461538461536
0 0.5065502183406113 0.19230769230769232 0.24890829694323144 0.07451923076923077
0 0.5283842794759825 0.23317307692307693 0.25327510917030566 0.057692307692307696
0 0.5414847161572053 0.2668269230769231 0.2445414847161572 0.055288461538461536
0 0.5589519650655022 0.31009615384615385 0.2314410480349345 0.0625
0 0.5938864628820961 0.3605769230769231 0.24017467248908297 0.07211538461538461
0 0.611353711790393 0.40865384615384615 0.23580786026200873 0.06971153846153846
0 0.6331877729257642 0.4639423076923077 0.2445414847161572 0.07692307692307693
0 0.6375545851528385 0.5168269230769231 0.2663755458515284 0.0673076923076923
0 0.6244541484716157 0.5697115384615384 0.26200873362445415 0.06971153846153846
0 0.6026200873362445 0.625 0.27510917030567683 0.0673076923076923
0 0.5764192139737991 0.6850961538461539 0.2838427947598253 0.07692307692307693
0 0.5414847161572053 0.7524038461538461 0.2925764192139738 0.07692307692307693
0 0.5327510917030568 0.8293269230769231 0.314410480349345 0.07932692307692307