0 0.49130434782608695 0.21634615384615385 0.09130434782608696 0.03125
0 0.4826086956521739 0.24759615384615385 0.09565217391304348 0.028846153846153848
0 0.4782608695652174 0.28125 0.11304347826086956 0.03365384615384615
0 0.4826086956521739 0.31490384615384615 0.12173913043478261 0.03125
0 0.4782608695652174 0.34134615384615385 0.10434782608695652 0.036057692307692304
0 0.48695652173913045 0.375 0.1 0.03365384615384615
0 0.48695652173913045 0.4110576923076923 0.1 0.03365384615384615
0 0.5 0.44471153846153844 0.09130434782608696 0.03125
0 0.5217391304347826 0.47836538461538464 0.11739130434782609 0.038461538461538464
0 0.5347826086956522 0.5120192307692307 0.12608695652173912 0.03365384615384615
0 0.5565217391304348 0.5504807692307693 0.12173913043478261 0.040865384615384616
0 0.5782608695652174 0.5889423076923077 0.12608695652173912 0.038461538461538464
0 0.5826086956521739 0.6322115384615384 0.13478260869565217 0.05048076923076923
0 0.5695652173913044 0.6778846153846154 0.14782608695652175 0.04326923076923077
0 0.5304347826086957 0.7283653846153846 0.14782608695652175 0.05048076923076923
0 0.4652173913043478 0.7716346153846154 0.1608695652173913 0.05048076923076923