0 0.5612244897959183 0.21153846153846154 0.1836734693877551 0.021634615384615384
0 0.5612244897959183 0.24278846153846154 0.17346938775510204 0.021634615384615384
0 0.5714285714285714 0.27163461538461536 0.20408163265306123 0.021634615384615384
0 0.5816326530612245 0.3004807692307692 0.21428571428571427 0.021634615384615384
0 0.5918367346938775 0.3269230769230769 0.19387755102040816 0.019230769230769232
0 0.6122448979591837 0.3581730769230769 0.21428571428571427 0.021634615384615384
0 0.6224489795918368 0.3870192307692308 0.20408163265306123 0.021634615384615384
0 0.6122448979591837 0.4182692307692308 0.21428571428571427 0.026442307692307692
0 0.5816326530612245 0.5216346153846154 0.29591836734693877 0.028846153846153848
0 0.5408163265306123 0.6538461538461539 0.29591836734693877 0.036057692307692304
0 0.5612244897959183 0.5600961538461539 0.3163265306122449 0.036057692307692304
0 0.5510204081632653 0.6033653846153846 0.30612244897959184 0.036057692307692304
0 0.6020408163265306 0.4855769230769231 0.2755102040816326 0.036057692307692304
0 0.6224489795918368 0.4495192307692308 0.25510204081632654 0.026442307692307692
0 0.5408163265306123 0.18269230769230768 0.19387755102040816 0.019230769230769232
0 0.5408163265306123 0.15865384615384615 0.20408163265306123 0.02403846153846154