0 0.5255474452554745 0.21153846153846154 0.1386861313868613 0.026442307692307692
0 0.5328467153284672 0.23798076923076922 0.145985401459854 0.02403846153846154
0 0.5401459854014599 0.2644230769230769 0.15328467153284672 0.026442307692307692
0 0.5693430656934306 0.28846153846153844 0.16058394160583941 0.03125
0 0.6204379562043796 0.3173076923076923 0.16058394160583941 0.026442307692307692
0 0.635036496350365 0.3389423076923077 0.15328467153284672 0.026442307692307692
0 0.656934306569343 0.36778846153846156 0.15328467153284672 0.028846153846153848
0 0.6642335766423357 0.39663461538461536 0.15328467153284672 0.028846153846153848
0 0.656934306569343 0.42788461538461536 0.145985401459854 0.03125
0 0.635036496350365 0.46153846153846156 0.15328467153284672 0.03365384615384615
0 0.6204379562043796 0.4951923076923077 0.1678832116788321 0.03125
0 0.6058394160583942 0.53125 0.18248175182481752 0.036057692307692304
0 0.5912408759124088 0.5721153846153846 0.1897810218978102 0.038461538461538464
0 0.5985401459854015 0.6153846153846154 0.20437956204379562 0.038461538461538464
0 0.5985401459854015 0.65625 0.2116788321167883 0.03365384615384615
0 0.6131386861313869 0.7043269230769231 0.21897810218978103 0.03365384615384615
0 0.6277372262773723 0.7524038461538461 0.2116788321167883 0.036057692307692304