0 0.5938864628820961 0.08653846153846154 0.18777292576419213 0.07932692307692307
0 0.5152838427947598 0.11298076923076923 0.1703056768558952 0.07692307692307693
0 0.4192139737991266 0.13942307692307693 0.18777292576419213 0.07211538461538461
0 0.3318777292576419 0.18509615384615385 0.2314410480349345 0.08413461538461539
0 0.2663755458515284 0.22115384615384615 0.2314410480349345 0.07932692307692307
0 0.23580786026200873 0.2668269230769231 0.25327510917030566 0.06971153846153846
0 0.24890829694323144 0.3269230769230769 0.26200873362445415 0.07692307692307693
0 0.2794759825327511 0.375 0.26200873362445415 0.08653846153846154
0 0.3624454148471616 0.4110576923076923 0.2445414847161572 0.09375
0 0.45414847161572053 0.4639423076923077 0.24017467248908297 0.08173076923076923
0 0.5109170305676856 0.5288461538461539 0.2576419213973799 0.07451923076923077
0 0.5458515283842795 0.59375 0.2925764192139738 0.06490384615384616
0 0.5545851528384279 0.6586538461538461 0.27510917030567683 0.06490384615384616
0 0.5545851528384279 0.7259615384615384 0.31004366812227074 0.07451923076923077
0 0.519650655021834 0.7884615384615384 0.37117903930131 0.0673076923076923
0 0.5109170305676856 0.8485576923076923 0.3406113537117904 0.06490384615384616