0 0.4410480349344978 0.9254807692307693 0.3231441048034934 0.07451923076923077
0 0.44541484716157204 0.8485576923076923 0.27510917030567683 0.07211538461538461
0 0.4497816593886463 0.7716346153846154 0.2663755458515284 0.07932692307692307
0 0.4585152838427948 0.7019230769230769 0.27510917030567683 0.08653846153846154
0 0.4847161572052402 0.6322115384615384 0.2445414847161572 0.09134615384615384
0 0.5240174672489083 0.5697115384615384 0.25327510917030566 0.08653846153846154
0 0.5938864628820961 0.5024038461538461 0.2314410480349345 0.0889423076923077
0 0.6637554585152838 0.46634615384615385 0.22270742358078602 0.07932692307692307
0 0.7467248908296943 0.41586538461538464 0.2183406113537118 0.06490384615384616
0 0.759825327510917 0.3701923076923077 0.2183406113537118 0.057692307692307696
0 0.7510917030567685 0.32211538461538464 0.19213973799126638 0.057692307692307696
0 0.6986899563318777 0.28365384615384615 0.24890829694323144 0.09615384615384616
0 0.5982532751091703 0.24519230769230768 0.21397379912663755 0.07932692307692307
0 0.5109170305676856 0.22115384615384615 0.1965065502183406 0.0889423076923077
0 0.42358078602620086 0.18269230769230768 0.21397379912663755 0.06971153846153846
0 0.39737991266375544 0.13701923076923078 0.22270742358078602 0.06009615384615385
0 0.3930131004366812 0.09375 0.20087336244541484 0.04326923076923077