0 0.4744525547445255 0.09375 0.15328467153284672 0.038461538461538464
0 0.45255474452554745 0.12740384615384615 0.17518248175182483 0.036057692307692304
0 0.4306569343065693 0.15625 0.1678832116788321 0.04326923076923077
0 0.40145985401459855 0.19230769230769232 0.16058394160583941 0.040865384615384616
0 0.39416058394160586 0.22596153846153846 0.18248175182481752 0.040865384615384616
0 0.35766423357664234 0.2620192307692308 0.19708029197080293 0.040865384615384616
0 0.3357664233576642 0.2956730769230769 0.1897810218978102 0.04567307692307692
0 0.31386861313868614 0.33413461538461536 0.20437956204379562 0.040865384615384616
0 0.291970802919708 0.37259615384615385 0.1897810218978102 0.040865384615384616
0 0.29927007299270075 0.40865384615384615 0.20437956204379562 0.04807692307692308
0 0.3284671532846715 0.4519230769230769 0.21897810218978103 0.055288461538461536
0 0.39416058394160586 0.49038461538461536 0.27007299270072993 0.06009615384615385
0 0.45985401459854014 0.53125 0.27007299270072993 0.06971153846153846
0 0.5255474452554745 0.5721153846153846 0.25547445255474455 0.06009615384615385
0 0.5620437956204379 0.6177884615384616 0.26277372262773724 0.052884615384615384
0 0.5766423357664233 0.6754807692307693 0.2846715328467153 0.052884615384615384
0 0.583941605839416 0.7259615384615384 0.30656934306569344 0.04807692307692308