0 0.39737991266375544 0.06971153846153846 0.17903930131004367 0.0625
0 0.4148471615720524 0.11298076923076923 0.1615720524017467 0.06971153846153846
0 0.462882096069869 0.15865384615384615 0.16593886462882096 0.07692307692307693
0 0.5109170305676856 0.20432692307692307 0.18340611353711792 0.07932692307692307
0 0.5851528384279476 0.24519230769230768 0.22707423580786026 0.08173076923076923
0 0.6375545851528385 0.28846153846153844 0.22270742358078602 0.07932692307692307
0 0.6550218340611353 0.3389423076923077 0.2183406113537118 0.057692307692307696
0 0.6375545851528385 0.3942307692307692 0.23580786026200873 0.06971153846153846
0 0.5982532751091703 0.44711538461538464 0.21397379912663755 0.08173076923076923
0 0.5240174672489083 0.49038461538461536 0.2052401746724891 0.0889423076923077
0 0.4279475982532751 0.5360576923076923 0.21397379912663755 0.0889423076923077
0 0.37554585152838427 0.5889423076923077 0.2445414847161572 0.09134615384615384
0 0.37117903930131 0.6514423076923077 0.24890829694323144 0.07932692307692307
0 0.388646288209607 0.7067307692307693 0.24017467248908297 0.08653846153846154
0 0.44541484716157204 0.7788461538461539 0.2445414847161572 0.09134615384615384
0 0.4890829694323144 0.8533653846153846 0.30131004366812225 0.08413461538461539