0 0.6069868995633187 0.8774038461538461 0.34934497816593885 0.06971153846153846
0 0.6681222707423581 0.8076923076923077 0.314410480349345 0.07211538461538461
0 0.6855895196506551 0.7331730769230769 0.3056768558951965 0.06490384615384616
0 0.6550218340611353 0.6610576923076923 0.33624454148471616 0.057692307692307696
0 0.62882096069869 0.59375 0.33624454148471616 0.057692307692307696
0 0.5720524017467249 0.5432692307692307 0.314410480349345 0.06490384615384616
0 0.5327510917030568 0.4855769230769231 0.314410480349345 0.0625
0 0.5152838427947598 0.4326923076923077 0.29694323144104806 0.04807692307692308
0 0.5065502183406113 0.3798076923076923 0.2663755458515284 0.05048076923076923
0 0.5065502183406113 0.3293269230769231 0.2445414847161572 0.040865384615384616
0 0.48034934497816595 0.28125 0.25327510917030566 0.05048076923076923
0 0.47161572052401746 0.23557692307692307 0.23580786026200873 0.04807692307692308
0 0.47161572052401746 0.1875 0.22707423580786026 0.04326923076923077
0 0.4759825327510917 0.14182692307692307 0.24890829694323144 0.05048076923076923
0 0.4759825327510917 0.09375 0.26200873362445415 0.040865384615384616
0 0.4672489082969432 0.057692307692307696 0.27074235807860264 0.04326923076923077