0 0.3537117903930131 0.04567307692307692 0.23580786026200873 0.05048076923076923
0 0.38427947598253276 0.08653846153846154 0.2445414847161572 0.055288461538461536
0 0.45414847161572053 0.12740384615384615 0.2445414847161572 0.055288461538461536
0 0.5109170305676856 0.15865384615384615 0.24017467248908297 0.06009615384615385
0 0.5895196506550219 0.1875 0.24890829694323144 0.07211538461538461
0 0.6637554585152838 0.22596153846153846 0.2576419213973799 0.07692307692307693
0 0.7554585152838428 0.2668269230769231 0.2576419213973799 0.0673076923076923
0 0.777292576419214 0.32211538461538464 0.27074235807860264 0.0625
0 0.7903930131004366 0.37740384615384615 0.30131004366812225 0.06971153846153846
0 0.8122270742358079 0.43028846153846156 0.28820960698689957 0.07692307692307693
0 0.7903930131004366 0.5024038461538461 0.3231441048034934 0.07692307692307693
0 0.7554585152838428 0.5625 0.31877729257641924 0.08413461538461539
0 0.6943231441048034 0.6274038461538461 0.3318777292576419 0.0985576923076923
0 0.5895196506550219 0.6875 0.34934497816593885 0.10096153846153846
0 0.47161572052401746 0.7427884615384616 0.34934497816593885 0.10336538461538461
0 0.38427947598253276 0.8173076923076923 0.35807860262008734 0.10096153846153846
0 0.3056768558951965 0.8990384615384616 0.37117903930131 0.0985576923076923