0 0.5240174672489083 0.08653846153846154 0.18777292576419213 0.055288461538461536
0 0.5021834061135371 0.125 0.1703056768558952 0.052884615384615384
0 0.4759825327510917 0.17307692307692307 0.18777292576419213 0.057692307692307696
0 0.4585152838427948 0.22115384615384615 0.17467248908296942 0.06009615384615385
0 0.4410480349344978 0.27163461538461536 0.1703056768558952 0.052884615384615384
0 0.4148471615720524 0.32211538461538464 0.17903930131004367 0.055288461538461536
0 0.4017467248908297 0.36538461538461536 0.2096069868995633 0.057692307692307696
0 0.4104803493449782 0.4230769230769231 0.2052401746724891 0.06009615384615385
0 0.42358078602620086 0.47836538461538464 0.2183406113537118 0.057692307692307696
0 0.44541484716157204 0.5336538461538461 0.22707423580786026 0.06490384615384616
0 0.462882096069869 0.59375 0.22270742358078602 0.0673076923076923
0 0.4847161572052402 0.65625 0.22707423580786026 0.07211538461538461
0 0.49344978165938863 0.7259615384615384 0.2314410480349345 0.07211538461538461
0 0.49344978165938863 0.7836538461538461 0.23580786026200873 0.06490384615384616
0 0.4890829694323144 0.84375 0.23580786026200873 0.055288461538461536
0 0.4672489082969432 0.9110576923076923 0.2663755458515284 0.07692307692307693