0 0.48034934497816595 0.05048076923076923 0.21397379912663755 0.05048076923076923
0 0.4890829694323144 0.0889423076923077 0.2096069868995633 0.057692307692307696
0 0.4847161572052402 0.13221153846153846 0.2096069868995633 0.055288461538461536
0 0.49344978165938863 0.18509615384615385 0.22707423580786026 0.06009615384615385
0 0.4890829694323144 0.2283653846153846 0.24890829694323144 0.06971153846153846
0 0.4759825327510917 0.2860576923076923 0.23580786026200873 0.07211538461538461
0 0.4672489082969432 0.33653846153846156 0.2314410480349345 0.06490384615384616
0 0.4585152838427948 0.3918269230769231 0.23580786026200873 0.06971153846153846
0 0.462882096069869 0.4495192307692308 0.2576419213973799 0.07451923076923077
0 0.4759825327510917 0.5120192307692307 0.2445414847161572 0.07451923076923077
0 0.49344978165938863 0.5721153846153846 0.25327510917030566 0.07692307692307693
0 0.5109170305676856 0.6346153846153846 0.25327510917030566 0.0673076923076923
0 0.519650655021834 0.6995192307692307 0.27074235807860264 0.08173076923076923
0 0.519650655021834 0.7764423076923077 0.2838427947598253 0.07211538461538461
0 0.5240174672489083 0.84375 0.29694323144104806 0.06971153846153846