0 0.4117647058823529 0.9543269230769231 0.37058823529411766 0.06971153846153846
0 0.3941176470588235 0.8822115384615384 0.38235294117647056 0.0985576923076923
0 0.3764705882352941 0.7884615384615384 0.3176470588235294 0.10096153846153846
0 0.4176470588235294 0.6971153846153846 0.3058823529411765 0.10576923076923077
0 0.48823529411764705 0.625 0.3058823529411765 0.11778846153846154
0 0.5647058823529412 0.5600961538461539 0.27058823529411763 0.10576923076923077
0 0.6588235294117647 0.5168269230769231 0.27058823529411763 0.11057692307692307
0 0.7647058823529411 0.46875 0.23529411764705882 0.07692307692307693
0 0.8 0.4182692307692308 0.22941176470588234 0.07692307692307693
0 0.8117647058823529 0.3629807692307692 0.2823529411764706 0.06490384615384616
0 0.7823529411764706 0.31009615384615385 0.24705882352941178 0.06009615384615385
0 0.7352941176470589 0.2668269230769231 0.2 0.0673076923076923
0 0.6764705882352942 0.21394230769230768 0.20588235294117646 0.052884615384615384
0 0.6352941176470588 0.17067307692307693 0.21176470588235294 0.057692307692307696
0 0.5941176470588235 0.11538461538461539 0.21764705882352942 0.06009615384615385