0 0.7117903930131004 0.7403846153846154 0.45414847161572053 0.07692307692307693
0 0.6855895196506551 0.6634615384615384 0.4192139737991266 0.06490384615384616
0 0.6637554585152838 0.5961538461538461 0.39737991266375544 0.0625
0 0.6462882096069869 0.5336538461538461 0.3624454148471616 0.052884615384615384
0 0.6375545851528385 0.47836538461538464 0.34497816593886466 0.0625
0 0.6331877729257642 0.4254807692307692 0.3624454148471616 0.052884615384615384
0 0.5938864628820961 0.3701923076923077 0.32751091703056767 0.04807692307692308
0 0.5982532751091703 0.3245192307692308 0.30131004366812225 0.04567307692307692
0 0.5982532751091703 0.27403846153846156 0.28820960698689957 0.05048076923076923
0 0.6069868995633187 0.23076923076923078 0.29694323144104806 0.052884615384615384
0 0.5982532751091703 0.17548076923076922 0.2838427947598253 0.05048076923076923
0 0.5807860262008734 0.1201923076923077 0.2663755458515284 0.04567307692307692
0 0.5633187772925764 0.07211538461538461 0.23580786026200873 0.04326923076923077
0 0.6899563318777293 0.8076923076923077 0.4759825327510917 0.07211538461538461
0 0.6331877729257642 0.8653846153846154 0.48034934497816595 0.0889423076923077