0 0.5764192139737991 0.9254807692307693 0.28820960698689957 0.06971153846153846
0 0.5895196506550219 0.8725961538461539 0.2925764192139738 0.052884615384615384
0 0.5764192139737991 0.8269230769230769 0.25327510917030566 0.055288461538461536
0 0.5938864628820961 0.78125 0.25327510917030566 0.04567307692307692
0 0.6069868995633187 0.7307692307692307 0.24017467248908297 0.055288461538461536
0 0.611353711790393 0.6706730769230769 0.25327510917030566 0.052884615384615384
0 0.6506550218340611 0.6225961538461539 0.24017467248908297 0.05048076923076923
0 0.6069868995633187 0.5745192307692307 0.24017467248908297 0.052884615384615384
0 0.5720524017467249 0.53125 0.2794759825327511 0.0673076923076923
0 0.5545851528384279 0.47115384615384615 0.2925764192139738 0.057692307692307696
0 0.5283842794759825 0.40865384615384615 0.2576419213973799 0.04807692307692308
0 0.5458515283842795 0.35336538461538464 0.25327510917030566 0.04807692307692308
0 0.5152838427947598 0.3076923076923077 0.2445414847161572 0.04567307692307692
0 0.519650655021834 0.2668269230769231 0.2096069868995633 0.057692307692307696
0 0.4978165938864629 0.23076923076923078 0.21397379912663755 0.04326923076923077
0 0.5065502183406113 0.19471153846153846 0.22707423580786026 0.036057692307692304
0 0.5152838427947598 0.16105769230769232 0.2096069868995633 0.038461538461538464