0 0.314410480349345 0.04567307692307692 0.2183406113537118 0.05048076923076923
0 0.31004366812227074 0.09375 0.2183406113537118 0.052884615384615384
0 0.314410480349345 0.13701923076923078 0.2052401746724891 0.05048076923076923
0 0.33624454148471616 0.18028846153846154 0.23580786026200873 0.055288461538461536
0 0.3799126637554585 0.22115384615384615 0.22270742358078602 0.0625
0 0.44541484716157204 0.2620192307692308 0.22270742358078602 0.0625
0 0.5065502183406113 0.3004807692307692 0.22707423580786026 0.06009615384615385
0 0.5545851528384279 0.34615384615384615 0.21397379912663755 0.06009615384615385
0 0.5545851528384279 0.4014423076923077 0.22707423580786026 0.057692307692307696
0 0.5240174672489083 0.4519230769230769 0.2183406113537118 0.07211538461538461
0 0.4672489082969432 0.5096153846153846 0.2576419213973799 0.08413461538461539
0 0.39737991266375544 0.5625 0.27074235807860264 0.08413461538461539
0 0.34497816593886466 0.6298076923076923 0.2663755458515284 0.0673076923076923
0 0.3624454148471616 0.6995192307692307 0.28820960698689957 0.0673076923076923
0 0.4585152838427948 0.7620192307692307 0.31877729257641924 0.08653846153846154
0 0.5764192139737991 0.8269230769230769 0.34934497816593885 0.08653846153846154
0 0.6768558951965066 0.8942307692307693 0.33624454148471616 0.08413461538461539
0 0.6681222707423581 0.9519230769230769 0.29694323144104806 0.07451923076923077