0 0.4206730769230769 0.8149038461538461 0.2932692307692308 0.06009615384615385
0 0.375 0.7475961538461539 0.25961538461538464 0.038461538461538464
0 0.3605769230769231 0.6826923076923077 0.20432692307692307 0.05048076923076923
0 0.36778846153846156 0.6201923076923077 0.20192307692307693 0.0625
0 0.41346153846153844 0.5552884615384616 0.2403846153846154 0.04567307692307692
0 0.4735576923076923 0.49759615384615385 0.21394230769230768 0.05048076923076923
0 0.5048076923076923 0.44471153846153844 0.18990384615384615 0.052884615384615384
0 0.5264423076923077 0.39663461538461536 0.15625 0.04567307692307692
0 0.53125 0.34615384615384615 0.16826923076923078 0.040865384615384616
0 0.5504807692307693 0.2956730769230769 0.18028846153846154 0.038461538461538464
0 0.5576923076923077 0.25721153846153844 0.1778846153846154 0.040865384615384616
0 0.5360576923076923 0.21153846153846154 0.17067307692307693 0.038461538461538464
0 0.5024038461538461 0.17307692307692307 0.18028846153846154 0.03365384615384615
0 0.47115384615384615 0.1346153846153846 0.1971153846153846 0.04567307692307692
0 0.4543269230769231 0.09615384615384616 0.18509615384615385 0.055288461538461536
0 0.4326923076923077 0.05048076923076923 0.18028846153846154 0.040865384615384616