0 0.325 0.8052884615384616 0.55 0.055288461538461536
0 0.39166666666666666 0.7379807692307693 0.55 0.05048076923076923
0 0.45 0.6706730769230769 0.425 0.04807692307692308
0 0.5 0.6177884615384616 0.44166666666666665 0.04567307692307692
0 0.45 0.1658653846153846 0.35 0.026442307692307692
0 0.45 0.20192307692307693 0.30833333333333335 0.03125
0 0.475 0.23798076923076922 0.275 0.028846153846153848
0 0.48333333333333334 0.27884615384615385 0.25 0.026442307692307692
0 0.5 0.3173076923076923 0.26666666666666666 0.026442307692307692
0 0.5416666666666666 0.35336538461538464 0.2833333333333333 0.028846153846153848
0 0.5666666666666667 0.3918269230769231 0.2916666666666667 0.03365384615384615
0 0.575 0.43509615384615385 0.2916666666666667 0.028846153846153848
0 0.5833333333333334 0.47596153846153844 0.31666666666666665 0.036057692307692304
0 0.575 0.5216346153846154 0.35833333333333334 0.038461538461538464
0 0.5333333333333333 0.5673076923076923 0.35 0.04326923076923077
0 0.4583333333333333 0.13221153846153846 0.25833333333333336 0.028846153846153848