0 0.4847161572052402 0.10096153846153846 0.17467248908296942 0.04567307692307692
0 0.4890829694323144 0.13942307692307693 0.20087336244541484 0.055288461538461536
0 0.4890829694323144 0.1875 0.19213973799126638 0.057692307692307696
0 0.49344978165938863 0.23798076923076922 0.22270742358078602 0.06490384615384616
0 0.5021834061135371 0.2980769230769231 0.21397379912663755 0.0625
0 0.5152838427947598 0.3485576923076923 0.22270742358078602 0.0673076923076923
0 0.5152838427947598 0.40384615384615385 0.23580786026200873 0.07451923076923077
0 0.5021834061135371 0.46634615384615385 0.2663755458515284 0.07692307692307693
0 0.4759825327510917 0.5336538461538461 0.28820960698689957 0.06971153846153846
0 0.45414847161572053 0.59375 0.2925764192139738 0.07211538461538461
0 0.43231441048034935 0.6586538461538461 0.30131004366812225 0.08173076923076923
0 0.4497816593886463 0.7235576923076923 0.3056768558951965 0.08173076923076923
0 0.4759825327510917 0.7860576923076923 0.27510917030567683 0.07451923076923077
0 0.5065502183406113 0.8581730769230769 0.29694323144104806 0.08413461538461539
0 0.5414847161572053 0.9254807692307693 0.30131004366812225 0.07692307692307693