0 0.4410480349344978 0.125 0.16593886462882096 0.04807692307692308
0 0.4497816593886463 0.16346153846153846 0.19213973799126638 0.05048076923076923
0 0.5065502183406113 0.2091346153846154 0.2096069868995633 0.0625
0 0.5676855895196506 0.2403846153846154 0.21397379912663755 0.057692307692307696
0 0.6462882096069869 0.27884615384615385 0.2183406113537118 0.0673076923076923
0 0.7074235807860262 0.32211538461538464 0.20087336244541484 0.0673076923076923
0 0.7554585152838428 0.36778846153846156 0.24017467248908297 0.0673076923076923
0 0.7729257641921398 0.4230769230769231 0.24017467248908297 0.07692307692307693
0 0.7641921397379913 0.47596153846153844 0.2925764192139738 0.06490384615384616
0 0.7205240174672489 0.5360576923076923 0.2794759825327511 0.07451923076923077
0 0.6375545851528385 0.5841346153846154 0.2794759825327511 0.08653846153846154
0 0.5807860262008734 0.6490384615384616 0.2576419213973799 0.08173076923076923
0 0.5065502183406113 0.71875 0.25327510917030566 0.09375
0 0.4672489082969432 0.7860576923076923 0.27510917030567683 0.07692307692307693
0 0.4672489082969432 0.8533653846153846 0.32751091703056767 0.07932692307692307
0 0.4279475982532751 0.9158653846153846 0.2925764192139738 0.08173076923076923