0 0.6181818181818182 0.30288461538461536 0.14545454545454545 0.02403846153846154
0 0.6181818181818182 0.3293269230769231 0.14545454545454545 0.028846153846153848
0 0.6454545454545455 0.3581730769230769 0.16363636363636364 0.026442307692307692
0 0.6636363636363637 0.3870192307692308 0.16363636363636364 0.03365384615384615
0 0.6909090909090909 0.41346153846153844 0.15454545454545454 0.03365384615384615
0 0.7 0.44471153846153844 0.17272727272727273 0.03125
0 0.7181818181818181 0.47596153846153844 0.17272727272727273 0.036057692307692304
0 0.7363636363636363 0.5120192307692307 0.19090909090909092 0.038461538461538464
0 0.7636363636363637 0.5504807692307693 0.20909090909090908 0.04326923076923077
0 0.7909090909090909 0.5889423076923077 0.21818181818181817 0.04326923076923077
0 0.8 0.6298076923076923 0.23636363636363636 0.03125
0 0.7909090909090909 0.6658653846153846 0.2545454545454545 0.04567307692307692
0 0.7545454545454545 0.7091346153846154 0.2636363636363636 0.05048076923076923
0 0.7454545454545455 0.7548076923076923 0.2636363636363636 0.04326923076923077
0 0.6181818181818182 0.28125 0.15454545454545454 0.02403846153846154
0 0.6 0.25721153846153844 0.15454545454545454 0.021634615384615384