0 0.4759825327510917 0.03125 0.21397379912663755 0.052884615384615384
0 0.45414847161572053 0.06971153846153846 0.20087336244541484 0.04807692307692308
0 0.44541484716157204 0.11057692307692307 0.2183406113537118 0.04326923076923077
0 0.44541484716157204 0.14903846153846154 0.21397379912663755 0.052884615384615384
0 0.4585152838427948 0.19951923076923078 0.21397379912663755 0.0625
0 0.49344978165938863 0.24278846153846154 0.2183406113537118 0.0625
0 0.537117903930131 0.2980769230769231 0.21397379912663755 0.06009615384615385
0 0.5720524017467249 0.34375 0.2445414847161572 0.0625
0 0.5938864628820961 0.39663461538461536 0.21397379912663755 0.0673076923076923
0 0.5589519650655022 0.4543269230769231 0.22707423580786026 0.07692307692307693
0 0.5065502183406113 0.5072115384615384 0.2576419213973799 0.07692307692307693
0 0.4279475982532751 0.5673076923076923 0.27074235807860264 0.07692307692307693
0 0.34934497816593885 0.6225961538461539 0.27510917030567683 0.07211538461538461
0 0.3318777292576419 0.6923076923076923 0.2925764192139738 0.07451923076923077
0 0.3624454148471616 0.7572115384615384 0.31004366812227074 0.07451923076923077
0 0.4410480349344978 0.8269230769230769 0.33624454148471616 0.07932692307692307
0 0.5021834061135371 0.9158653846153846 0.34934497816593885 0.0889423076923077