0 0.45414847161572053 0.07451923076923077 0.2314410480349345 0.0625
0 0.44541484716157204 0.11778846153846154 0.22707423580786026 0.06490384615384616
0 0.4497816593886463 0.17307692307692307 0.24017467248908297 0.0673076923076923
0 0.4672489082969432 0.21394230769230768 0.23580786026200873 0.07211538461538461
0 0.4890829694323144 0.2620192307692308 0.23580786026200873 0.06971153846153846
0 0.5283842794759825 0.3125 0.2663755458515284 0.06971153846153846
0 0.5545851528384279 0.3605769230769231 0.29694323144104806 0.0673076923076923
0 0.5633187772925764 0.4110576923076923 0.28820960698689957 0.06971153846153846
0 0.5414847161572053 0.46634615384615385 0.2838427947598253 0.06971153846153846
0 0.4978165938864629 0.5192307692307693 0.25327510917030566 0.06971153846153846
0 0.4017467248908297 0.5721153846153846 0.24890829694323144 0.09375
0 0.3537117903930131 0.6370192307692307 0.2838427947598253 0.07211538461538461
0 0.3318777292576419 0.7067307692307693 0.27074235807860264 0.08413461538461539
0 0.36681222707423583 0.7716346153846154 0.2925764192139738 0.0889423076923077
0 0.4410480349344978 0.8485576923076923 0.31004366812227074 0.10336538461538461