0 0.4146341463414634 0.6802884615384616 0.17073170731707318 0.04326923076923077
0 0.4329268292682927 0.6346153846153846 0.14634146341463414 0.055288461538461536
0 0.4817073170731707 0.6009615384615384 0.1524390243902439 0.055288461538461536
0 0.5548780487804879 0.5721153846153846 0.10975609756097561 0.055288461538461536
0 0.6280487804878049 0.5408653846153846 0.1402439024390244 0.057692307692307696
0 0.6890243902439024 0.5168269230769231 0.13414634146341464 0.04807692307692308
0 0.75 0.4879807692307692 0.12195121951219512 0.04807692307692308
0 0.8048780487804879 0.4567307692307692 0.11585365853658537 0.040865384615384616
0 0.8109756097560976 0.4254807692307692 0.14634146341463414 0.038461538461538464
0 0.8109756097560976 0.39663461538461536 0.12195121951219512 0.03365384615384615
0 0.7926829268292683 0.3701923076923077 0.12804878048780488 0.036057692307692304
0 0.7378048780487805 0.35336538461538464 0.10975609756097561 0.038461538461538464
0 0.7012195121951219 0.33653846153846156 0.10365853658536585 0.03125
0 0.6402439024390244 0.3245192307692308 0.10365853658536585 0.03125
0 0.5853658536585366 0.3076923076923077 0.09146341463414634 0.03365384615384615
0 0.5548780487804879 0.29086538461538464 0.10365853658536585 0.028846153846153848
0 0.524390243902439 0.2692307692307692 0.0975609756097561 0.03365384615384615