0 0.5109170305676856 0.07932692307692307 0.24890829694323144 0.05048076923076923
0 0.5109170305676856 0.12740384615384615 0.25327510917030566 0.055288461538461536
0 0.5109170305676856 0.17067307692307693 0.22270742358078602 0.052884615384615384
0 0.5414847161572053 0.21153846153846154 0.25327510917030566 0.0625
0 0.5982532751091703 0.25 0.25327510917030566 0.0673076923076923
0 0.6244541484716157 0.2956730769230769 0.2663755458515284 0.06490384615384616
0 0.6681222707423581 0.3389423076923077 0.26200873362445415 0.057692307692307696
0 0.7161572052401747 0.38461538461538464 0.22707423580786026 0.0625
0 0.7161572052401747 0.4326923076923077 0.23580786026200873 0.0625
0 0.7030567685589519 0.49038461538461536 0.2314410480349345 0.07692307692307693
0 0.62882096069869 0.5360576923076923 0.2794759825327511 0.07211538461538461
0 0.5720524017467249 0.5889423076923077 0.28820960698689957 0.08653846153846154
0 0.462882096069869 0.6490384615384616 0.30131004366812225 0.08653846153846154
0 0.3799126637554585 0.7043269230769231 0.3406113537117904 0.08413461538461539
0 0.3406113537117904 0.7740384615384616 0.34934497816593885 0.0673076923076923
0 0.34934497816593885 0.84375 0.34934497816593885 0.07692307692307693