0 0.6641221374045801 0.08173076923076923 0.2748091603053435 0.038461538461538464
0 0.6641221374045801 0.11778846153846154 0.26717557251908397 0.040865384615384616
0 0.6641221374045801 0.15384615384615385 0.22137404580152673 0.04807692307692308
0 0.648854961832061 0.19230769230769232 0.2366412213740458 0.04567307692307692
0 0.6183206106870229 0.2283653846153846 0.2366412213740458 0.052884615384615384
0 0.5725190839694656 0.2644230769230769 0.22137404580152673 0.055288461538461536
0 0.5267175572519084 0.3004807692307692 0.24427480916030533 0.06009615384615385
0 0.46564885496183206 0.3317307692307692 0.2595419847328244 0.0625
0 0.3893129770992366 0.36778846153846156 0.2595419847328244 0.0625
0 0.3053435114503817 0.39903846153846156 0.2748091603053435 0.06009615384615385
0 0.24427480916030533 0.43990384615384615 0.31297709923664124 0.0625
0 0.22900763358778625 0.4879807692307692 0.2900763358778626 0.055288461538461536
0 0.26717557251908397 0.53125 0.3282442748091603 0.06971153846153846
0 0.3435114503816794 0.5817307692307693 0.3282442748091603 0.07692307692307693
0 0.40458015267175573 0.6370192307692307 0.366412213740458 0.07932692307692307
0 0.48854961832061067 0.6947115384615384 0.3816793893129771 0.07932692307692307
0 0.5877862595419847 0.7451923076923077 0.3893129770992366 0.08173076923076923