0 0.4623115577889447 0.12259615384615384 0.1306532663316583 0.03125
0 0.457286432160804 0.15144230769230768 0.11557788944723618 0.036057692307692304
0 0.46733668341708545 0.18028846153846154 0.11557788944723618 0.040865384615384616
0 0.49246231155778897 0.20432692307692307 0.11557788944723618 0.038461538461538464
0 0.5175879396984925 0.2283653846153846 0.12562814070351758 0.04326923076923077
0 0.5527638190954773 0.2548076923076923 0.12060301507537688 0.04326923076923077
0 0.5879396984924623 0.2764423076923077 0.1306532663316583 0.038461538461538464
0 0.628140703517588 0.3125 0.1306532663316583 0.03365384615384615
0 0.6180904522613065 0.34615384615384615 0.12562814070351758 0.040865384615384616
0 0.5778894472361809 0.37740384615384615 0.1658291457286432 0.040865384615384616
0 0.507537688442211 0.40865384615384615 0.1708542713567839 0.04326923076923077
0 0.44221105527638194 0.4254807692307692 0.17587939698492464 0.05048076923076923
0 0.40703517587939697 0.4543269230769231 0.18090452261306533 0.04807692307692308
0 0.3969849246231156 0.5048076923076923 0.17587939698492464 0.04567307692307692
0 0.4271356783919598 0.5480769230769231 0.19095477386934673 0.04567307692307692
0 0.46733668341708545 0.5769230769230769 0.18090452261306533 0.05048076923076923