0 0.5647668393782384 0.10096153846153846 0.20725388601036268 0.05048076923076923
0 0.5958549222797928 0.13701923076923078 0.18134715025906736 0.04326923076923077
0 0.616580310880829 0.17307692307692307 0.15544041450777202 0.05048076923076923
0 0.5906735751295337 0.21153846153846154 0.18134715025906736 0.052884615384615384
0 0.5595854922279793 0.25 0.20725388601036268 0.06971153846153846
0 0.48704663212435234 0.27403846153846156 0.20725388601036268 0.07451923076923077
0 0.37305699481865284 0.30288461538461536 0.20725388601036268 0.07451923076923077
0 0.30569948186528495 0.35096153846153844 0.20207253886010362 0.07692307692307693
0 0.29015544041450775 0.39663461538461536 0.21761658031088082 0.057692307692307696
0 0.29015544041450775 0.4543269230769231 0.21761658031088082 0.06490384615384616
0 0.32642487046632124 0.5072115384615384 0.21243523316062177 0.07692307692307693
0 0.38341968911917096 0.5673076923076923 0.21761658031088082 0.0889423076923077
0 0.45077720207253885 0.625 0.22279792746113988 0.08413461538461539
0 0.49740932642487046 0.6923076923076923 0.21243523316062177 0.08413461538461539
0 0.538860103626943 0.7596153846153846 0.21761658031088082 0.08173076923076923
0 0.5492227979274611 0.8221153846153846 0.24870466321243523 0.0625