0 0.4497816593886463 0.8870192307692307 0.2314410480349345 0.055288461538461536
0 0.4279475982532751 0.8173076923076923 0.22707423580786026 0.06009615384615385
0 0.43231441048034935 0.7451923076923077 0.22707423580786026 0.0625
0 0.4585152838427948 0.6754807692307693 0.2314410480349345 0.06971153846153846
0 0.49344978165938863 0.6129807692307693 0.2314410480349345 0.07451923076923077
0 0.5327510917030568 0.5480769230769231 0.2183406113537118 0.06971153846153846
0 0.5633187772925764 0.49038461538461536 0.20087336244541484 0.055288461538461536
0 0.5807860262008734 0.4375 0.2096069868995633 0.057692307692307696
0 0.5764192139737991 0.3870192307692308 0.18777292576419213 0.055288461538461536
0 0.5720524017467249 0.33653846153846156 0.19213973799126638 0.055288461538461536
0 0.5764192139737991 0.28846153846153844 0.19213973799126638 0.052884615384615384
0 0.5589519650655022 0.24519230769230768 0.17467248908296942 0.055288461538461536
0 0.5502183406113537 0.20192307692307693 0.1703056768558952 0.04807692307692308
0 0.5502183406113537 0.15144230769230768 0.15283842794759825 0.055288461538461536
0 0.5502183406113537 0.10817307692307693 0.17467248908296942 0.04567307692307692
0 0.5633187772925764 0.0673076923076923 0.18777292576419213 0.04567307692307692