0 0.5458515283842795 0.8870192307692307 0.37117903930131 0.07451923076923077
0 0.4759825327510917 0.8149038461538461 0.3231441048034934 0.06490384615384616
0 0.39737991266375544 0.7596153846153846 0.31004366812227074 0.07211538461538461
0 0.31877729257641924 0.7067307692307693 0.31877729257641924 0.07692307692307693
0 0.28820960698689957 0.6442307692307693 0.27510917030567683 0.06971153846153846
0 0.31877729257641924 0.5889423076923077 0.31004366812227074 0.08173076923076923
0 0.40611353711790393 0.5480769230769231 0.32751091703056767 0.08173076923076923
0 0.47161572052401746 0.49278846153846156 0.2925764192139738 0.06971153846153846
0 0.5414847161572053 0.42788461538461536 0.2663755458515284 0.06971153846153846
0 0.5807860262008734 0.36778846153846156 0.29694323144104806 0.055288461538461536
0 0.5807860262008734 0.3173076923076923 0.33624454148471616 0.052884615384615384
0 0.5589519650655022 0.2644230769230769 0.28820960698689957 0.055288461538461536
0 0.5152838427947598 0.21634615384615385 0.2183406113537118 0.06009615384615385
0 0.47161572052401746 0.1778846153846154 0.2576419213973799 0.052884615384615384
0 0.4192139737991266 0.13221153846153846 0.20087336244541484 0.036057692307692304
0 0.39737991266375544 0.09134615384615384 0.21397379912663755 0.038461538461538464