0 0.4148471615720524 0.125 0.18340611353711792 0.05048076923076923
0 0.4192139737991266 0.17067307692307693 0.17467248908296942 0.05048076923076923
0 0.44541484716157204 0.21634615384615385 0.15283842794759825 0.05048076923076923
0 0.4890829694323144 0.25240384615384615 0.14410480349344978 0.06009615384615385
0 0.5502183406113537 0.28846153846153844 0.1703056768558952 0.0673076923076923
0 0.5982532751091703 0.3293269230769231 0.17467248908296942 0.06009615384615385
0 0.62882096069869 0.37259615384615385 0.17903930131004367 0.0625
0 0.6244541484716157 0.4230769230769231 0.17467248908296942 0.055288461538461536
0 0.6069868995633187 0.47836538461538464 0.18340611353711792 0.06490384615384616
0 0.5676855895196506 0.5336538461538461 0.20087336244541484 0.07451923076923077
0 0.5327510917030568 0.59375 0.2183406113537118 0.07692307692307693
0 0.4890829694323144 0.6538461538461539 0.19213973799126638 0.07692307692307693
0 0.45414847161572053 0.7163461538461539 0.22707423580786026 0.07211538461538461
0 0.44541484716157204 0.7860576923076923 0.2314410480349345 0.06971153846153846
0 0.45414847161572053 0.8581730769230769 0.25327510917030566 0.07692307692307693