0 0.3567251461988304 0.1971153846153846 0.09941520467836257 0.03365384615384615
0 0.3508771929824561 0.22596153846153846 0.1111111111111111 0.028846153846153848
0 0.3333333333333333 0.25 0.1111111111111111 0.03365384615384615
0 0.3216374269005848 0.27403846153846156 0.12280701754385964 0.03365384615384615
0 0.3157894736842105 0.30288461538461536 0.1111111111111111 0.036057692307692304
0 0.29239766081871343 0.3245192307692308 0.10526315789473684 0.03125
0 0.2807017543859649 0.34615384615384615 0.1111111111111111 0.03365384615384615
0 0.27485380116959063 0.375 0.1286549707602339 0.036057692307692304
0 0.27485380116959063 0.40384615384615385 0.11695906432748537 0.036057692307692304
0 0.2982456140350877 0.4326923076923077 0.14619883040935672 0.040865384615384616
0 0.32748538011695905 0.4567307692307692 0.14619883040935672 0.052884615384615384
0 0.3742690058479532 0.4879807692307692 0.1286549707602339 0.040865384615384616
0 0.40350877192982454 0.5168269230769231 0.14619883040935672 0.04807692307692308
0 0.4269005847953216 0.5528846153846154 0.15204678362573099 0.040865384615384616
0 0.4327485380116959 0.5913461538461539 0.16374269005847952 0.038461538461538464
0 0.4327485380116959 0.625 0.19298245614035087 0.03365384615384615