0 0.5349794238683128 0.7668269230769231 0.22633744855967078 0.03125
0 0.48148148148148145 0.7091346153846154 0.24691358024691357 0.021634615384615384
0 0.43621399176954734 0.6586538461538461 0.18930041152263374 0.019230769230769232
0 0.4279835390946502 0.6057692307692307 0.2139917695473251 0.02403846153846154
0 0.4897119341563786 0.5528846153846154 0.2345679012345679 0.021634615384615384
0 0.5925925925925926 0.5240384615384616 0.20987654320987653 0.019230769230769232
0 0.6707818930041153 0.5 0.1728395061728395 0.016826923076923076
0 0.7119341563786008 0.45913461538461536 0.1646090534979424 0.016826923076923076
0 0.7325102880658436 0.41586538461538464 0.1522633744855967 0.016826923076923076
0 0.720164609053498 0.37259615384615385 0.14814814814814814 0.016826923076923076
0 0.6707818930041153 0.3389423076923077 0.1646090534979424 0.016826923076923076
0 0.6049382716049383 0.3076923076923077 0.20987654320987653 0.014423076923076924
0 0.5473251028806584 0.27403846153846156 0.20164609053497942 0.019230769230769232
0 0.51440329218107 0.2403846153846154 0.2222222222222222 0.019230769230769232
0 0.5020576131687243 0.19471153846153846 0.205761316872428 0.016826923076923076
0 0.5061728395061729 0.15625 0.2222222222222222 0.021634615384615384