0 0.5 0.21875 0.1092436974789916 0.028846153846153848
0 0.5 0.23557692307692307 0.10084033613445378 0.028846153846153848
0 0.5 0.25961538461538464 0.09243697478991597 0.03125
0 0.5042016806722689 0.28365384615384615 0.10504201680672269 0.028846153846153848
0 0.5126050420168067 0.3125 0.1134453781512605 0.03365384615384615
0 0.5126050420168067 0.33653846153846156 0.10504201680672269 0.026442307692307692
0 0.5084033613445378 0.3629807692307692 0.11764705882352941 0.036057692307692304
0 0.5168067226890757 0.3942307692307692 0.12605042016806722 0.040865384615384616
0 0.5168067226890757 0.42788461538461536 0.13025210084033614 0.040865384615384616
0 0.5252100840336135 0.46153846153846156 0.12184873949579832 0.05048076923076923
0 0.5378151260504201 0.5072115384615384 0.13865546218487396 0.057692307692307696
0 0.5672268907563025 0.5456730769230769 0.13445378151260504 0.040865384615384616
0 0.5672268907563025 0.5793269230769231 0.13445378151260504 0.04326923076923077
0 0.5546218487394958 0.6177884615384616 0.14705882352941177 0.036057692307692304
0 0.5462184873949579 0.6538461538461539 0.15546218487394958 0.04326923076923077
0 0.5210084033613446 0.6826923076923077 0.15126050420168066 0.040865384615384616