0 0.4827586206896552 0.22596153846153846 0.10344827586206896 0.026442307692307692
0 0.47701149425287354 0.25240384615384615 0.10344827586206896 0.026442307692307692
0 0.47701149425287354 0.28125 0.09195402298850575 0.03365384615384615
0 0.4885057471264368 0.31009615384615385 0.09770114942528736 0.03125
0 0.4942528735632184 0.33653846153846156 0.10344827586206896 0.03365384615384615
0 0.5057471264367817 0.36538461538461536 0.10344827586206896 0.03365384615384615
0 0.5057471264367817 0.39663461538461536 0.10344827586206896 0.036057692307692304
0 0.5114942528735632 0.42788461538461536 0.10344827586206896 0.03125
0 0.5057471264367817 0.4567307692307692 0.10919540229885058 0.03365384615384615
0 0.5 0.49278846153846156 0.12643678160919541 0.038461538461538464
0 0.4885057471264368 0.5288461538461539 0.13793103448275862 0.040865384615384616
0 0.47126436781609193 0.5697115384615384 0.14367816091954022 0.04326923076923077
0 0.4827586206896552 0.6105769230769231 0.15517241379310345 0.04807692307692308
0 0.5057471264367817 0.65625 0.16666666666666666 0.052884615384615384
0 0.5402298850574713 0.7019230769230769 0.16666666666666666 0.05048076923076923
0 0.5689655172413793 0.7403846153846154 0.20689655172413793 0.038461538461538464