0 0.519650655021834 0.040865384615384616 0.2052401746724891 0.06009615384615385
0 0.4978165938864629 0.08413461538461539 0.2183406113537118 0.0625
0 0.462882096069869 0.11298076923076923 0.2314410480349345 0.06009615384615385
0 0.42358078602620086 0.15384615384615385 0.22707423580786026 0.0673076923076923
0 0.39737991266375544 0.18028846153846154 0.22270742358078602 0.057692307692307696
0 0.34934497816593885 0.20673076923076922 0.22270742358078602 0.0673076923076923
0 0.29694323144104806 0.24759615384615385 0.22270742358078602 0.07932692307692307
0 0.2314410480349345 0.2980769230769231 0.2663755458515284 0.07932692307692307
0 0.22270742358078602 0.34375 0.27074235807860264 0.0889423076923077
0 0.22707423580786026 0.39663461538461536 0.26200873362445415 0.06971153846153846
0 0.26200873362445415 0.44711538461538464 0.26200873362445415 0.09375
0 0.35807860262008734 0.4879807692307692 0.28820960698689957 0.0889423076923077
0 0.4497816593886463 0.5288461538461539 0.27074235807860264 0.09375
0 0.5676855895196506 0.5745192307692307 0.26200873362445415 0.08653846153846154
0 0.6681222707423581 0.6177884615384616 0.27510917030567683 0.07451923076923077
0 0.7248908296943232 0.6778846153846154 0.2794759825327511 0.07451923076923077
0 0.759825327510917 0.7475961538461539 0.2663755458515284 0.08173076923076923
0 0.7510917030567685 0.8197115384615384 0.29694323144104806 0.0889423076923077