0 0.5152838427947598 0.8269230769230769 0.38427947598253276 0.09375
0 0.4410480349344978 0.7548076923076923 0.3318777292576419 0.09134615384615384
0 0.35807860262008734 0.6105769230769231 0.3056768558951965 0.07451923076923077
0 0.3930131004366812 0.6802884615384616 0.35807860262008734 0.07932692307692307
0 0.3799126637554585 0.5408653846153846 0.2794759825327511 0.0889423076923077
0 0.4192139737991266 0.49038461538461536 0.25327510917030566 0.08173076923076923
0 0.5152838427947598 0.4326923076923077 0.24017467248908297 0.07211538461538461
0 0.5982532751091703 0.3942307692307692 0.27074235807860264 0.07211538461538461
0 0.6244541484716157 0.33653846153846156 0.25327510917030566 0.06009615384615385
0 0.6244541484716157 0.2932692307692308 0.23580786026200873 0.06009615384615385
0 0.6026200873362445 0.24519230769230768 0.2838427947598253 0.055288461538461536
0 0.5414847161572053 0.20192307692307693 0.2096069868995633 0.055288461538461536
0 0.5065502183406113 0.16346153846153846 0.24017467248908297 0.04567307692307692
0 0.48034934497816595 0.12259615384615384 0.1965065502183406 0.052884615384615384
0 0.4585152838427948 0.08413461538461539 0.2052401746724891 0.04807692307692308
0 0.4410480349344978 0.04326923076923077 0.17467248908296942 0.04807692307692308