0 0.5065502183406113 0.06971153846153846 0.1965065502183406 0.055288461538461536
0 0.5065502183406113 0.11298076923076923 0.19213973799126638 0.052884615384615384
0 0.5109170305676856 0.16105769230769232 0.20087336244541484 0.057692307692307696
0 0.5283842794759825 0.21875 0.2445414847161572 0.06971153846153846
0 0.5851528384279476 0.25961538461538464 0.21397379912663755 0.0625
0 0.6200873362445415 0.31009615384615385 0.2183406113537118 0.0625
0 0.62882096069869 0.35336538461538464 0.24890829694323144 0.06490384615384616
0 0.6200873362445415 0.40865384615384615 0.25327510917030566 0.06971153846153846
0 0.5938864628820961 0.46634615384615385 0.27074235807860264 0.06971153846153846
0 0.5589519650655022 0.5192307692307693 0.29694323144104806 0.0889423076923077
0 0.537117903930131 0.5817307692307693 0.26200873362445415 0.07211538461538461
0 0.5065502183406113 0.6442307692307693 0.27074235807860264 0.06971153846153846
0 0.4978165938864629 0.7067307692307693 0.27510917030567683 0.07451923076923077
0 0.4759825327510917 0.7716346153846154 0.2663755458515284 0.07932692307692307
0 0.48034934497816595 0.8413461538461539 0.2838427947598253 0.07451923076923077