0 0.4396551724137931 0.6899038461538461 0.22413793103448276 0.052884615384615384
0 0.4224137931034483 0.6418269230769231 0.22413793103448276 0.04567307692307692
0 0.4224137931034483 0.5889423076923077 0.20689655172413793 0.052884615384615384
0 0.4482758620689655 0.5384615384615384 0.1896551724137931 0.04807692307692308
0 0.5086206896551724 0.5048076923076923 0.22844827586206898 0.057692307692307696
0 0.5560344827586207 0.47836538461538464 0.15086206896551724 0.04567307692307692
0 0.6120689655172413 0.45913461538461536 0.12931034482758622 0.036057692307692304
0 0.6896551724137931 0.3629807692307692 0.15948275862068967 0.03365384615384615
0 0.6810344827586207 0.4014423076923077 0.15086206896551724 0.036057692307692304
0 0.6508620689655172 0.42788461538461536 0.15517241379310345 0.04567307692307692
0 0.6681034482758621 0.33653846153846156 0.1724137931034483 0.036057692307692304
0 0.5301724137931034 0.22596153846153846 0.14655172413793102 0.038461538461538464
0 0.5603448275862069 0.25961538461538464 0.16379310344827586 0.04567307692307692
0 0.5905172413793104 0.28365384615384615 0.16379310344827586 0.05048076923076923
0 0.6422413793103449 0.30288461538461536 0.13793103448275862 0.038461538461538464
0 0.5172413793103449 0.20192307692307693 0.15086206896551724 0.021634615384615384