0 0.37572254335260113 0.6947115384615384 0.20809248554913296 0.052884615384615384
0 0.41040462427745666 0.6298076923076923 0.23699421965317918 0.07211538461538461
0 0.44508670520231214 0.5697115384615384 0.23699421965317918 0.07932692307692307
0 0.5317919075144508 0.5192307692307693 0.2138728323699422 0.07692307692307693
0 0.5953757225433526 0.4639423076923077 0.19653179190751446 0.0673076923076923
0 0.6473988439306358 0.4182692307692308 0.2138728323699422 0.06009615384615385
0 0.6763005780346821 0.36538461538461536 0.20809248554913296 0.052884615384615384
0 0.6763005780346821 0.31971153846153844 0.1791907514450867 0.06009615384615385
0 0.6358381502890174 0.27884615384615385 0.1907514450867052 0.055288461538461536
0 0.5780346820809249 0.24278846153846154 0.16184971098265896 0.06009615384615385
0 0.4161849710982659 0.1875 0.15028901734104047 0.055288461538461536
0 0.49710982658959535 0.21394230769230768 0.13872832369942195 0.0673076923076923
0 0.3872832369942196 0.16346153846153846 0.16184971098265896 0.040865384615384616
0 0.37572254335260113 0.125 0.2023121387283237 0.038461538461538464
0 0.36416184971098264 0.08653846153846154 0.1676300578034682 0.03125