0 0.33624454148471616 0.7091346153846154 0.2838427947598253 0.07211538461538461
0 0.34934497816593885 0.78125 0.2838427947598253 0.06490384615384616
0 0.4148471615720524 0.8413461538461539 0.314410480349345 0.07211538461538461
0 0.35807860262008734 0.6346153846153846 0.2925764192139738 0.0673076923076923
0 0.4759825327510917 0.5769230769230769 0.3056768558951965 0.0889423076923077
0 0.5589519650655022 0.5264423076923077 0.2052401746724891 0.07692307692307693
0 0.6724890829694323 0.47836538461538464 0.26200873362445415 0.0673076923076923
0 0.7117903930131004 0.4230769230769231 0.26200873362445415 0.07211538461538461
0 0.7117903930131004 0.3701923076923077 0.24890829694323144 0.0625
0 0.6724890829694323 0.31971153846153844 0.2925764192139738 0.06971153846153846
0 0.42358078602620086 0.14903846153846154 0.2183406113537118 0.04326923076923077
0 0.4585152838427948 0.19230769230769232 0.2183406113537118 0.052884615384615384
0 0.5283842794759825 0.22596153846153846 0.24017467248908297 0.055288461538461536
0 0.611353711790393 0.27163461538461536 0.23580786026200873 0.06490384615384616
0 0.4847161572052402 0.9038461538461539 0.35807860262008734 0.06490384615384616