0 0.5283842794759825 0.036057692307692304 0.22707423580786026 0.038461538461538464
0 0.5327510917030568 0.06971153846153846 0.22707423580786026 0.05048076923076923
0 0.537117903930131 0.10817307692307693 0.2183406113537118 0.04807692307692308
0 0.5545851528384279 0.15144230769230768 0.23580786026200873 0.055288461538461536
0 0.5720524017467249 0.19471153846153846 0.2314410480349345 0.052884615384615384
0 0.6069868995633187 0.23557692307692307 0.2314410480349345 0.057692307692307696
0 0.6331877729257642 0.28125 0.23580786026200873 0.057692307692307696
0 0.6375545851528385 0.3293269230769231 0.24890829694323144 0.06009615384615385
0 0.6157205240174672 0.38221153846153844 0.25327510917030566 0.0673076923076923
0 0.5633187772925764 0.4326923076923077 0.2445414847161572 0.0673076923076923
0 0.4847161572052402 0.47836538461538464 0.28820960698689957 0.07451923076923077
0 0.40611353711790393 0.5336538461538461 0.29694323144104806 0.07451923076923077
0 0.37554585152838427 0.6033653846153846 0.3231441048034934 0.07932692307692307
0 0.37117903930131 0.6634615384615384 0.314410480349345 0.07451923076923077
0 0.42358078602620086 0.7283653846153846 0.34497816593886466 0.08653846153846154
0 0.5152838427947598 0.7980769230769231 0.3537117903930131 0.09134615384615384
0 0.5851528384279476 0.8677884615384616 0.4017467248908297 0.09375