0 0.4497816593886463 0.055288461538461536 0.2183406113537118 0.04807692307692308
0 0.4759825327510917 0.0985576923076923 0.24890829694323144 0.057692307692307696
0 0.4890829694323144 0.13942307692307693 0.25327510917030566 0.0625
0 0.5502183406113537 0.18028846153846154 0.25327510917030566 0.06971153846153846
0 0.6157205240174672 0.21394230769230768 0.2314410480349345 0.07211538461538461
0 0.6855895196506551 0.25240384615384615 0.22270742358078602 0.0625
0 0.7510917030567685 0.3004807692307692 0.22707423580786026 0.06971153846153846
0 0.7947598253275109 0.3485576923076923 0.24017467248908297 0.057692307692307696
0 0.7947598253275109 0.39663461538461536 0.22270742358078602 0.07211538461538461
0 0.7685589519650655 0.4495192307692308 0.22270742358078602 0.07451923076923077
0 0.6855895196506551 0.4951923076923077 0.24890829694323144 0.07932692307692307
0 0.5982532751091703 0.5384615384615384 0.24890829694323144 0.09134615384615384
0 0.49344978165938863 0.59375 0.27510917030567683 0.08653846153846154
0 0.40611353711790393 0.6466346153846154 0.2794759825327511 0.08413461538461539
0 0.3231441048034934 0.7163461538461539 0.2794759825327511 0.0889423076923077
0 0.2838427947598253 0.7836538461538461 0.28820960698689957 0.07692307692307693
0 0.2925764192139738 0.8509615384615384 0.34934497816593885 0.08173076923076923