0 0.5031847133757962 0.06490384615384616 0.21019108280254778 0.04326923076923077
0 0.5159235668789809 0.10336538461538461 0.2356687898089172 0.055288461538461536
0 0.5159235668789809 0.14182692307692307 0.20382165605095542 0.06009615384615385
0 0.5605095541401274 0.18269230769230768 0.20382165605095542 0.06009615384615385
0 0.6050955414012739 0.21153846153846154 0.21656050955414013 0.06490384615384616
0 0.7261146496815286 0.2403846153846154 0.2356687898089172 0.08413461538461539
0 0.7898089171974523 0.2644230769230769 0.24203821656050956 0.07211538461538461
0 0.8152866242038217 0.31009615384615385 0.2484076433121019 0.0625
0 0.8089171974522293 0.36778846153846156 0.22929936305732485 0.06490384615384616
0 0.7770700636942676 0.41346153846153844 0.2484076433121019 0.07211538461538461
0 0.7070063694267515 0.4567307692307692 0.22929936305732485 0.06971153846153846
0 0.5987261146496815 0.5 0.2229299363057325 0.07451923076923077
0 0.49044585987261147 0.5504807692307693 0.2611464968152866 0.09375
0 0.42038216560509556 0.6105769230769231 0.2611464968152866 0.08173076923076923
0 0.4012738853503185 0.6826923076923077 0.2802547770700637 0.07211538461538461
0 0.40764331210191085 0.7572115384615384 0.28662420382165604 0.08173076923076923