0 0.5 0.8052884615384616 0.43333333333333335 0.057692307692307696
0 0.4111111111111111 0.7740384615384616 0.4222222222222222 0.057692307692307696
0 0.35555555555555557 0.7067307692307693 0.4777777777777778 0.06490384615384616
0 0.4111111111111111 0.6514423076923077 0.3888888888888889 0.0673076923076923
0 0.5333333333333333 0.6009615384615384 0.4111111111111111 0.06971153846153846
0 0.6444444444444445 0.5552884615384616 0.37777777777777777 0.06009615384615385
0 0.7444444444444445 0.5096153846153846 0.4 0.06490384615384616
0 0.7888888888888889 0.46875 0.35555555555555557 0.04567307692307692
0 0.7555555555555555 0.4230769230769231 0.3333333333333333 0.05048076923076923
0 0.7 0.3894230769230769 0.35555555555555557 0.055288461538461536
0 0.6444444444444445 0.35096153846153844 0.36666666666666664 0.04567307692307692
0 0.5666666666666667 0.31490384615384615 0.28888888888888886 0.04807692307692308
0 0.5666666666666667 0.27403846153846156 0.34444444444444444 0.04807692307692308
0 0.5333333333333333 0.23798076923076922 0.3333333333333333 0.04807692307692308
0 0.4666666666666667 0.20192307692307693 0.2777777777777778 0.04326923076923077
0 0.4777777777777778 0.16826923076923078 0.28888888888888886 0.036057692307692304