0 0.462882096069869 0.038461538461538464 0.21397379912663755 0.04807692307692308
0 0.4585152838427948 0.06971153846153846 0.21397379912663755 0.05048076923076923
0 0.4497816593886463 0.10817307692307693 0.2052401746724891 0.04567307692307692
0 0.462882096069869 0.15144230769230768 0.21397379912663755 0.04567307692307692
0 0.4759825327510917 0.1875 0.2183406113537118 0.052884615384615384
0 0.519650655021834 0.23557692307692307 0.2314410480349345 0.057692307692307696
0 0.5720524017467249 0.28365384615384615 0.2576419213973799 0.057692307692307696
0 0.6069868995633187 0.33413461538461536 0.2794759825327511 0.06490384615384616
0 0.6157205240174672 0.38461538461538464 0.27074235807860264 0.0625
0 0.5982532751091703 0.43990384615384615 0.26200873362445415 0.06009615384615385
0 0.5676855895196506 0.49038461538461536 0.2445414847161572 0.0625
0 0.5283842794759825 0.5360576923076923 0.2838427947598253 0.06490384615384616
0 0.4759825327510917 0.6105769230769231 0.27074235807860264 0.07451923076923077
0 0.4366812227074236 0.6850961538461539 0.27074235807860264 0.07211538461538461
0 0.43231441048034935 0.7572115384615384 0.2925764192139738 0.07932692307692307
0 0.4366812227074236 0.8317307692307693 0.29694323144104806 0.07932692307692307
0 0.45414847161572053 0.9014423076923077 0.34934497816593885 0.08413461538461539