0 0.3406113537117904 0.7860576923076923 0.314410480349345 0.06971153846153846
0 0.31877729257641924 0.7139423076923077 0.31004366812227074 0.07932692307692307
0 0.314410480349345 0.6394230769230769 0.2663755458515284 0.07451923076923077
0 0.3624454148471616 0.5769230769230769 0.25327510917030566 0.07211538461538461
0 0.462882096069869 0.5216346153846154 0.2314410480349345 0.06490384615384616
0 0.5327510917030568 0.4639423076923077 0.2183406113537118 0.06009615384615385
0 0.6157205240174672 0.4182692307692308 0.22270742358078602 0.0625
0 0.6724890829694323 0.3798076923076923 0.2663755458515284 0.07451923076923077
0 0.6986899563318777 0.31971153846153844 0.27074235807860264 0.06490384615384616
0 0.6943231441048034 0.2668269230769231 0.22270742358078602 0.052884615384615384
0 0.6375545851528385 0.22115384615384615 0.2314410480349345 0.055288461538461536
0 0.5938864628820961 0.17548076923076922 0.2096069868995633 0.052884615384615384
0 0.537117903930131 0.13701923076923078 0.18340611353711792 0.04326923076923077
0 0.4978165938864629 0.10336538461538461 0.19213973799126638 0.052884615384615384
0 0.4847161572052402 0.055288461538461536 0.2314410480349345 0.04567307692307692