0 0.5109170305676856 0.8100961538461539 0.24890829694323144 0.08173076923076923
0 0.4672489082969432 0.7427884615384616 0.23580786026200873 0.08653846153846154
0 0.43231441048034935 0.6947115384615384 0.24890829694323144 0.04807692307692308
0 0.42358078602620086 0.6418269230769231 0.2445414847161572 0.057692307692307696
0 0.4585152838427948 0.5841346153846154 0.2183406113537118 0.06009615384615385
0 0.5021834061135371 0.53125 0.2096069868995633 0.07451923076923077
0 0.5676855895196506 0.4831730769230769 0.2052401746724891 0.07451923076923077
0 0.6069868995633187 0.43028846153846156 0.20087336244541484 0.0625
0 0.5720524017467249 0.3245192307692308 0.22270742358078602 0.057692307692307696
0 0.5851528384279476 0.375 0.23580786026200873 0.055288461538461536
0 0.5458515283842795 0.27403846153846156 0.21397379912663755 0.05048076923076923
0 0.519650655021834 0.22596153846153846 0.18777292576419213 0.06009615384615385
0 0.4759825327510917 0.18028846153846154 0.18340611353711792 0.052884615384615384
0 0.4497816593886463 0.12980769230769232 0.18340611353711792 0.052884615384615384
0 0.4279475982532751 0.08413461538461539 0.17467248908296942 0.052884615384615384
0 0.42358078602620086 0.04567307692307692 0.17467248908296942 0.04807692307692308