0 0.3357142857142857 0.24759615384615385 0.12857142857142856 0.02403846153846154
0 0.34285714285714286 0.27403846153846156 0.1357142857142857 0.026442307692307692
0 0.34285714285714286 0.2956730769230769 0.15 0.03365384615384615
0 0.37142857142857144 0.3173076923076923 0.14285714285714285 0.038461538461538464
0 0.42142857142857143 0.3389423076923077 0.14285714285714285 0.04326923076923077
0 0.4785714285714286 0.3581730769230769 0.17142857142857143 0.04326923076923077
0 0.5285714285714286 0.38221153846153844 0.14285714285714285 0.04326923076923077
0 0.5642857142857143 0.40865384615384615 0.1357142857142857 0.040865384615384616
0 0.5714285714285714 0.4375 0.14285714285714285 0.03125
0 0.55 0.46634615384615385 0.15 0.040865384615384616
0 0.5214285714285715 0.4951923076923077 0.16428571428571428 0.04567307692307692
0 0.45714285714285713 0.5288461538461539 0.17142857142857143 0.04807692307692308
0 0.4142857142857143 0.5600961538461539 0.18571428571428572 0.05048076923076923
0 0.37857142857142856 0.59375 0.17857142857142858 0.05048076923076923
0 0.37857142857142856 0.6346153846153846 0.20714285714285716 0.04326923076923077
0 0.38571428571428573 0.6754807692307693 0.19285714285714287 0.05048076923076923