0 0.5394736842105263 0.20722891566265061 0.125 0.02891566265060241
0 0.5328947368421053 0.2289156626506024 0.125 0.02650602409638554
0 0.5328947368421053 0.25301204819277107 0.125 0.02650602409638554
0 0.5328947368421053 0.27951807228915665 0.1118421052631579 0.02650602409638554
0 0.5328947368421053 0.3036144578313253 0.11842105263157894 0.03132530120481928
0 0.5197368421052632 0.327710843373494 0.125 0.02891566265060241
0 0.506578947368421 0.3566265060240964 0.125 0.02891566265060241
0 0.4934210526315789 0.38313253012048193 0.11842105263157894 0.02650602409638554
0 0.47368421052631576 0.41204819277108434 0.11842105263157894 0.02650602409638554
0 0.4473684210526316 0.44096385542168676 0.13815789473684212 0.02891566265060241
0 0.4144736842105263 0.4674698795180723 0.1513157894736842 0.02891566265060241
0 0.39473684210526316 0.4891566265060241 0.1513157894736842 0.02891566265060241
0 0.4144736842105263 0.5108433734939759 0.16447368421052633 0.03132530120481928
0 0.4605263157894737 0.5373493975903615 0.17105263157894737 0.033734939759036145
0 0.5 0.563855421686747 0.16447368421052633 0.03132530120481928
0 0.5197368421052632 0.5975903614457831 0.17105263157894737 0.033734939759036145
0 0.5263157894736842 0.6409638554216868 0.18421052631578946 0.03614457831325301