0 0.388646288209607 0.028846153846153848 0.28820960698689957 0.038461538461538464
0 0.4148471615720524 0.0625 0.2925764192139738 0.04807692307692308
0 0.45414847161572053 0.10096153846153846 0.25327510917030566 0.05048076923076923
0 0.5152838427947598 0.14182692307692307 0.27074235807860264 0.055288461538461536
0 0.5764192139737991 0.18509615384615385 0.2925764192139738 0.055288461538461536
0 0.6069868995633187 0.23076923076923078 0.3056768558951965 0.055288461538461536
0 0.6200873362445415 0.2764423076923077 0.314410480349345 0.04567307692307692
0 0.6026200873362445 0.3076923076923077 0.2838427947598253 0.06009615384615385
0 0.5764192139737991 0.35096153846153844 0.31004366812227074 0.06490384615384616
0 0.5327510917030568 0.40625 0.31004366812227074 0.08413461538461539
0 0.4366812227074236 0.46153846153846156 0.31877729257641924 0.07692307692307693
0 0.34497816593886466 0.5216346153846154 0.314410480349345 0.08653846153846154
0 0.28820960698689957 0.5913461538461539 0.30131004366812225 0.07211538461538461
0 0.27074235807860264 0.6490384615384616 0.32751091703056767 0.06971153846153846
0 0.3056768558951965 0.7163461538461539 0.3624454148471616 0.07932692307692307
0 0.4017467248908297 0.7908653846153846 0.4148471615720524 0.08653846153846154
0 0.5414847161572053 0.8605769230769231 0.3537117903930131 0.0889423076923077
0 0.6506550218340611 0.9182692307692307 0.35807860262008734 0.08173076923076923