0 0.4672489082969432 0.0889423076923077 0.20087336244541484 0.0673076923076923
0 0.44541484716157204 0.13221153846153846 0.21397379912663755 0.06971153846153846
0 0.4497816593886463 0.17307692307692307 0.23580786026200873 0.07451923076923077
0 0.47161572052401746 0.22115384615384615 0.2445414847161572 0.0673076923076923
0 0.5021834061135371 0.2620192307692308 0.2576419213973799 0.07211538461538461
0 0.5327510917030568 0.3125 0.2663755458515284 0.0673076923076923
0 0.5458515283842795 0.3581730769230769 0.2925764192139738 0.06971153846153846
0 0.5589519650655022 0.40384615384615385 0.2445414847161572 0.06009615384615385
0 0.5589519650655022 0.4519230769230769 0.23580786026200873 0.06490384615384616
0 0.5502183406113537 0.5120192307692307 0.24017467248908297 0.06971153846153846
0 0.5240174672489083 0.5673076923076923 0.24017467248908297 0.0673076923076923
0 0.5152838427947598 0.6274038461538461 0.24890829694323144 0.07211538461538461
0 0.5021834061135371 0.6947115384615384 0.26200873362445415 0.08173076923076923
0 0.5109170305676856 0.7668269230769231 0.2663755458515284 0.07451923076923077
0 0.5240174672489083 0.8389423076923077 0.2838427947598253 0.08173076923076923
0 0.5589519650655022 0.9086538461538461 0.314410480349345 0.07692307692307693