0 0.4410480349344978 0.04326923076923077 0.18340611353711792 0.04326923076923077
0 0.4410480349344978 0.07932692307692307 0.19213973799126638 0.04567307692307692
0 0.4497816593886463 0.11538461538461539 0.19213973799126638 0.04807692307692308
0 0.45414847161572053 0.15625 0.20087336244541484 0.06009615384615385
0 0.49344978165938863 0.20432692307692307 0.21397379912663755 0.06009615384615385
0 0.519650655021834 0.25240384615384615 0.21397379912663755 0.055288461538461536
0 0.5720524017467249 0.2980769230769231 0.2314410480349345 0.06490384615384616
0 0.5982532751091703 0.35336538461538464 0.22707423580786026 0.0625
0 0.6157205240174672 0.40865384615384615 0.22270742358078602 0.0673076923076923
0 0.611353711790393 0.45913461538461536 0.2096069868995633 0.06971153846153846
0 0.5851528384279476 0.5144230769230769 0.2314410480349345 0.07451923076923077
0 0.5152838427947598 0.5649038461538461 0.24890829694323144 0.08173076923076923
0 0.4410480349344978 0.6225961538461539 0.23580786026200873 0.07211538461538461
0 0.42358078602620086 0.6875 0.2663755458515284 0.0673076923076923
0 0.43231441048034935 0.7451923076923077 0.2838427947598253 0.07451923076923077
0 0.45414847161572053 0.8173076923076923 0.31877729257641924 0.09375
0 0.5021834061135371 0.8870192307692307 0.30131004366812225 0.07692307692307693
0 0.537117903930131 0.9543269230769231 0.30131004366812225 0.08173076923076923