0 0.36681222707423583 0.75 0.28820960698689957 0.0625
0 0.2838427947598253 0.6826923076923077 0.22707423580786026 0.06971153846153846
0 0.24890829694323144 0.6177884615384616 0.22270742358078602 0.07211538461538461
0 0.314410480349345 0.5552884615384616 0.3231441048034934 0.07451923076923077
0 0.3406113537117904 0.49759615384615385 0.27510917030567683 0.07451923076923077
0 0.39737991266375544 0.44711538461538464 0.23580786026200873 0.06009615384615385
0 0.4279475982532751 0.39663461538461536 0.2183406113537118 0.06490384615384616
0 0.462882096069869 0.3485576923076923 0.2314410480349345 0.06009615384615385
0 0.462882096069869 0.2956730769230769 0.2096069868995633 0.04807692307692308
0 0.4847161572052402 0.24759615384615385 0.21397379912663755 0.05048076923076923
0 0.4847161572052402 0.20432692307692307 0.18340611353711792 0.04807692307692308
0 0.49344978165938863 0.16105769230769232 0.17903930131004367 0.04807692307692308
0 0.4978165938864629 0.11538461538461539 0.1965065502183406 0.04567307692307692
0 0.5109170305676856 0.06971153846153846 0.18777292576419213 0.036057692307692304
0 0.45414847161572053 0.8173076923076923 0.2663755458515284 0.057692307692307696