0 0.43209876543209874 0.8942307692307693 0.2345679012345679 0.04807692307692308
0 0.4074074074074074 0.8413461538461539 0.21604938271604937 0.05048076923076923
0 0.4012345679012346 0.7908653846153846 0.21604938271604937 0.052884615384615384
0 0.4074074074074074 0.7427884615384616 0.18518518518518517 0.05048076923076923
0 0.42592592592592593 0.7019230769230769 0.1728395061728395 0.057692307692307696
0 0.46296296296296297 0.6610576923076923 0.19753086419753085 0.0625
0 0.5 0.6225961538461539 0.17901234567901234 0.055288461538461536
0 0.5185185185185185 0.5817307692307693 0.14814814814814814 0.052884615384615384
0 0.5864197530864198 0.5552884615384616 0.14814814814814814 0.06009615384615385
0 0.6172839506172839 0.5168269230769231 0.15432098765432098 0.040865384615384616
0 0.654320987654321 0.4879807692307692 0.1419753086419753 0.04567307692307692
0 0.6481481481481481 0.4543269230769231 0.12345679012345678 0.036057692307692304
0 0.6296296296296297 0.4230769230769231 0.1111111111111111 0.038461538461538464
0 0.6111111111111112 0.3894230769230769 0.13580246913580246 0.038461538461538464
0 0.5987654320987654 0.3605769230769231 0.12962962962962962 0.028846153846153848
0 0.5802469135802469 0.3317307692307692 0.16049382716049382 0.036057692307692304