0 0.5792682926829268 0.7043269230769231 0.24390243902439024 0.05048076923076923
0 0.573170731707317 0.65625 0.21951219512195122 0.057692307692307696
0 0.5426829268292683 0.6081730769230769 0.20121951219512196 0.06009615384615385
0 0.5 0.5576923076923077 0.18902439024390244 0.0673076923076923
0 0.4573170731707317 0.5048076923076923 0.18902439024390244 0.057692307692307696
0 0.4024390243902439 0.4639423076923077 0.18292682926829268 0.052884615384615384
0 0.36585365853658536 0.4206730769230769 0.16463414634146342 0.06009615384615385
0 0.3475609756097561 0.37740384615384615 0.18902439024390244 0.04807692307692308
0 0.3170731707317073 0.34134615384615385 0.17073170731707318 0.04567307692307692
0 0.31097560975609756 0.30288461538461536 0.1951219512195122 0.04326923076923077
0 0.32926829268292684 0.27163461538461536 0.17682926829268292 0.05048076923076923
0 0.36585365853658536 0.23798076923076922 0.16463414634146342 0.038461538461538464
0 0.3902439024390244 0.21153846153846154 0.18292682926829268 0.040865384615384616
0 0.4268292682926829 0.18509615384615385 0.16463414634146342 0.038461538461538464
0 0.4573170731707317 0.15625 0.15853658536585366 0.036057692307692304