0 0.5458515283842795 0.9182692307692307 0.2445414847161572 0.055288461538461536
0 0.5458515283842795 0.8533653846153846 0.24017467248908297 0.06971153846153846
0 0.5414847161572053 0.78125 0.23580786026200873 0.08173076923076923
0 0.537117903930131 0.7115384615384616 0.22270742358078602 0.0673076923076923
0 0.5065502183406113 0.6466346153846154 0.21397379912663755 0.06490384615384616
0 0.5021834061135371 0.5865384615384616 0.23580786026200873 0.0625
0 0.5021834061135371 0.5336538461538461 0.2052401746724891 0.0673076923076923
0 0.4978165938864629 0.46875 0.16593886462882096 0.055288461538461536
0 0.5152838427947598 0.4182692307692308 0.19213973799126638 0.06009615384615385
0 0.5502183406113537 0.375 0.17903930131004367 0.07211538461538461
0 0.5502183406113537 0.32211538461538464 0.17467248908296942 0.057692307692307696
0 0.5589519650655022 0.27884615384615385 0.14847161572052403 0.052884615384615384
0 0.5633187772925764 0.22355769230769232 0.14847161572052403 0.055288461538461536
0 0.5676855895196506 0.1778846153846154 0.14410480349344978 0.04807692307692308
0 0.5676855895196506 0.13221153846153846 0.11790393013100436 0.036057692307692304