0 0.4262295081967213 0.7108433734939759 0.26229508196721313 0.04578313253012048
0 0.4180327868852459 0.763855421686747 0.2540983606557377 0.05542168674698795
0 0.4344262295081967 0.6674698795180722 0.2540983606557377 0.05542168674698795
0 0.4672131147540984 0.6216867469879518 0.2540983606557377 0.05301204819277108
0 0.4672131147540984 0.5783132530120482 0.20491803278688525 0.04096385542168675
0 0.5081967213114754 0.5397590361445783 0.1885245901639344 0.04819277108433735
0 0.5327868852459017 0.5036144578313253 0.19672131147540983 0.04578313253012048
0 0.5737704918032787 0.472289156626506 0.16393442622950818 0.03855421686746988
0 0.5983606557377049 0.4433734939759036 0.1721311475409836 0.033734939759036145
0 0.5983606557377049 0.41445783132530123 0.14754098360655737 0.02891566265060241
0 0.5819672131147541 0.38313253012048193 0.14754098360655737 0.03132530120481928
0 0.5573770491803278 0.3566265060240964 0.1721311475409836 0.03132530120481928
0 0.5245901639344263 0.3325301204819277 0.14754098360655737 0.03132530120481928
0 0.48360655737704916 0.30843373493975906 0.14754098360655737 0.03132530120481928
0 0.45901639344262296 0.28433734939759037 0.14754098360655737 0.02891566265060241