0 0.41346153846153844 0.84375 0.30528846153846156 0.08173076923076923
0 0.40625 0.7644230769230769 0.27884615384615385 0.07211538461538461
0 0.4182692307692308 0.6826923076923077 0.27403846153846156 0.07451923076923077
0 0.49038461538461536 0.6201923076923077 0.2403846153846154 0.0673076923076923
0 0.5913461538461539 0.5625 0.24759615384615385 0.07451923076923077
0 0.6826923076923077 0.5048076923076923 0.24759615384615385 0.06490384615384616
0 0.7860576923076923 0.45913461538461536 0.23557692307692307 0.06971153846153846
0 0.8413461538461539 0.40384615384615385 0.2283653846153846 0.06490384615384616
0 0.8413461538461539 0.36778846153846156 0.24278846153846154 0.07692307692307693
0 0.8245192307692307 0.2980769230769231 0.23076923076923078 0.07451923076923077
0 0.7427884615384616 0.25721153846153844 0.22596153846153846 0.052884615384615384
0 0.6754807692307693 0.21394230769230768 0.21875 0.0625
0 0.6346153846153846 0.1778846153846154 0.2283653846153846 0.052884615384615384
0 0.5721153846153846 0.1346153846153846 0.2091346153846154 0.0673076923076923
0 0.5384615384615384 0.08653846153846154 0.20432692307692307 0.07211538461538461