0 0.45414847161572053 0.038461538461538464 0.30131004366812225 0.05048076923076923
0 0.47161572052401746 0.07692307692307693 0.2838427947598253 0.055288461538461536
0 0.5240174672489083 0.12259615384615384 0.27074235807860264 0.06490384615384616
0 0.5938864628820961 0.16105769230769232 0.2663755458515284 0.06009615384615385
0 0.6593886462882096 0.20673076923076922 0.26200873362445415 0.07211538461538461
0 0.7205240174672489 0.24519230769230768 0.2794759825327511 0.07451923076923077
0 0.7510917030567685 0.2932692307692308 0.2925764192139738 0.0625
0 0.759825327510917 0.34134615384615385 0.31877729257641924 0.07932692307692307
0 0.74235807860262 0.3918269230769231 0.31004366812227074 0.06971153846153846
0 0.6943231441048034 0.4326923076923077 0.27510917030567683 0.07451923076923077
0 0.611353711790393 0.4855769230769231 0.3231441048034934 0.08653846153846154
0 0.4890829694323144 0.5456730769230769 0.31004366812227074 0.09375
0 0.4192139737991266 0.6009615384615384 0.31004366812227074 0.08173076923076923
0 0.3799126637554585 0.6778846153846154 0.3318777292576419 0.0889423076923077
0 0.388646288209607 0.7548076923076923 0.3318777292576419 0.07692307692307693
0 0.4366812227074236 0.8245192307692307 0.388646288209607 0.08173076923076923
0 0.4672489082969432 0.8894230769230769 0.3799126637554585 0.09134615384615384