0 0.5240174672489083 0.03125 0.2183406113537118 0.055288461538461536
0 0.5109170305676856 0.0673076923076923 0.22707423580786026 0.055288461538461536
0 0.5021834061135371 0.10576923076923077 0.23580786026200873 0.055288461538461536
0 0.5109170305676856 0.15384615384615385 0.22707423580786026 0.05048076923076923
0 0.519650655021834 0.20192307692307693 0.2445414847161572 0.06009615384615385
0 0.5502183406113537 0.24759615384615385 0.26200873362445415 0.06009615384615385
0 0.6069868995633187 0.2980769230769231 0.22707423580786026 0.06009615384615385
0 0.6200873362445415 0.34375 0.21397379912663755 0.06009615384615385
0 0.6419213973799127 0.3918269230769231 0.24890829694323144 0.06009615384615385
0 0.6419213973799127 0.43509615384615385 0.26200873362445415 0.06971153846153846
0 0.6244541484716157 0.49278846153846156 0.24890829694323144 0.07211538461538461
0 0.5851528384279476 0.5456730769230769 0.2663755458515284 0.07211538461538461
0 0.537117903930131 0.6129807692307693 0.314410480349345 0.08653846153846154
0 0.5065502183406113 0.6730769230769231 0.26200873362445415 0.08173076923076923
0 0.4759825327510917 0.75 0.2663755458515284 0.08413461538461539
0 0.4585152838427948 0.8173076923076923 0.2838427947598253 0.06971153846153846
0 0.47161572052401746 0.8942307692307693 0.32751091703056767 0.09375