0 0.543859649122807 0.7668269230769231 0.40350877192982454 0.04567307692307692
0 0.4649122807017544 0.7019230769230769 0.3508771929824561 0.06490384615384616
0 0.43859649122807015 0.6442307692307693 0.37719298245614036 0.052884615384615384
0 0.40350877192982454 0.5913461538461539 0.3684210526315789 0.052884615384615384
0 0.49122807017543857 0.5360576923076923 0.2807017543859649 0.0673076923076923
0 0.5877192982456141 0.4951923076923077 0.2894736842105263 0.06009615384615385
0 0.6754385964912281 0.4567307692307692 0.24561403508771928 0.055288461538461536
0 0.7192982456140351 0.4182692307692308 0.2631578947368421 0.057692307692307696
0 0.7192982456140351 0.375 0.34210526315789475 0.040865384615384616
0 0.6754385964912281 0.33653846153846156 0.32456140350877194 0.04326923076923077
0 0.6578947368421053 0.3076923076923077 0.3333333333333333 0.04807692307692308
0 0.5789473684210527 0.2764423076923077 0.2719298245614035 0.04567307692307692
0 0.5350877192982456 0.24519230769230768 0.2543859649122807 0.05048076923076923
0 0.5 0.20673076923076922 0.22807017543859648 0.05048076923076923
0 0.4649122807017544 0.17067307692307693 0.23684210526315788 0.038461538461538464
0 0.4649122807017544 0.13942307692307693 0.22807017543859648 0.036057692307692304
0 0.45614035087719296 0.11057692307692307 0.21929824561403508 0.036057692307692304