0 0.5288461538461539 0.19471153846153846 0.22115384615384615 0.03125
0 0.5 0.22115384615384615 0.21153846153846154 0.03365384615384615
0 0.5192307692307693 0.24759615384615385 0.20192307692307693 0.03365384615384615
0 0.5576923076923077 0.27884615384615385 0.21153846153846154 0.03365384615384615
0 0.5961538461538461 0.30288461538461536 0.18269230769230768 0.03125
0 0.6442307692307693 0.3269230769230769 0.23076923076923078 0.038461538461538464
0 0.6826923076923077 0.35096153846153844 0.22115384615384615 0.038461538461538464
0 0.7019230769230769 0.3798076923076923 0.2403846153846154 0.036057692307692304
0 0.7019230769230769 0.40865384615384615 0.21153846153846154 0.03365384615384615
0 0.6923076923076923 0.4375 0.22115384615384615 0.040865384615384616
0 0.6442307692307693 0.46634615384615385 0.25 0.04326923076923077
0 0.5769230769230769 0.4951923076923077 0.25961538461538464 0.04567307692307692
0 0.5 0.5240384615384616 0.25 0.04326923076923077
0 0.46153846153846156 0.5552884615384616 0.25 0.038461538461538464
0 0.46153846153846156 0.5985576923076923 0.25 0.04807692307692308
0 0.4519230769230769 0.6490384615384616 0.2980769230769231 0.04807692307692308