0 0.4672489082969432 0.8870192307692307 0.2838427947598253 0.09375
0 0.40611353711790393 0.8197115384615384 0.2794759825327511 0.08413461538461539
0 0.3624454148471616 0.7524038461538461 0.26200873362445415 0.08173076923076923
0 0.31877729257641924 0.6947115384615384 0.2794759825327511 0.0625
0 0.3318777292576419 0.6394230769230769 0.25327510917030566 0.0673076923076923
0 0.37554585152838427 0.5721153846153846 0.2052401746724891 0.06971153846153846
0 0.4366812227074236 0.5168269230769231 0.2096069868995633 0.057692307692307696
0 0.5109170305676856 0.46875 0.2096069868995633 0.06971153846153846
0 0.5545851528384279 0.4182692307692308 0.2052401746724891 0.0673076923076923
0 0.5720524017467249 0.3605769230769231 0.2096069868995633 0.06009615384615385
0 0.5720524017467249 0.31009615384615385 0.2052401746724891 0.04567307692307692
0 0.5458515283842795 0.2644230769230769 0.1965065502183406 0.040865384615384616
0 0.5240174672489083 0.21875 0.17903930131004367 0.04807692307692308
0 0.4847161572052402 0.1658653846153846 0.17467248908296942 0.06009615384615385
0 0.462882096069869 0.1201923076923077 0.1615720524017467 0.05048076923076923
0 0.4585152838427948 0.07451923076923077 0.1615720524017467 0.04807692307692308
0 0.462882096069869 0.04326923076923077 0.14410480349344978 0.04567307692307692