0 0.43231441048034935 0.8149038461538461 0.3231441048034934 0.06971153846153846
0 0.4366812227074236 0.7379807692307693 0.3056768558951965 0.07451923076923077
0 0.4978165938864629 0.6754807692307693 0.3231441048034934 0.06971153846153846
0 0.5633187772925764 0.6105769230769231 0.3318777292576419 0.06971153846153846
0 0.6157205240174672 0.5576923076923077 0.37117903930131 0.07451923076923077
0 0.6768558951965066 0.49759615384615385 0.3406113537117904 0.055288461538461536
0 0.6943231441048034 0.43990384615384615 0.32751091703056767 0.06490384615384616
0 0.6724890829694323 0.38461538461538464 0.3231441048034934 0.05048076923076923
0 0.6506550218340611 0.33413461538461536 0.2925764192139738 0.04326923076923077
0 0.6026200873362445 0.29086538461538464 0.2663755458515284 0.04567307692307692
0 0.5414847161572053 0.24519230769230768 0.2183406113537118 0.038461538461538464
0 0.4847161572052402 0.20192307692307693 0.25327510917030566 0.04567307692307692
0 0.4672489082969432 0.15384615384615385 0.27074235807860264 0.052884615384615384
0 0.4497816593886463 0.10817307692307693 0.2183406113537118 0.040865384615384616
0 0.44541484716157204 0.0673076923076923 0.26200873362445415 0.04326923076923077