0 0.4104803493449782 0.875 0.26200873362445415 0.07451923076923077
0 0.462882096069869 0.7980769230769231 0.25327510917030566 0.0673076923076923
0 0.5414847161572053 0.7211538461538461 0.2445414847161572 0.07451923076923077
0 0.6200873362445415 0.6634615384615384 0.25327510917030566 0.06490384615384616
0 0.7074235807860262 0.6105769230769231 0.2445414847161572 0.08413461538461539
0 0.7816593886462883 0.5480769230769231 0.2052401746724891 0.0673076923076923
0 0.8034934497816594 0.49038461538461536 0.2183406113537118 0.0673076923076923
0 0.8253275109170306 0.43509615384615385 0.22707423580786026 0.0673076923076923
0 0.8165938864628821 0.375 0.2314410480349345 0.0625
0 0.7685589519650655 0.3293269230769231 0.22707423580786026 0.06971153846153846
0 0.7161572052401747 0.27163461538461536 0.22270742358078602 0.052884615384615384
0 0.6681222707423581 0.23557692307692307 0.2183406113537118 0.0625
0 0.611353711790393 0.19230769230769232 0.2096069868995633 0.055288461538461536
0 0.5676855895196506 0.14423076923076922 0.20087336244541484 0.057692307692307696
0 0.5502183406113537 0.09375 0.1965065502183406 0.04567307692307692