0 0.519650655021834 0.8125 0.30131004366812225 0.06971153846153846
0 0.4978165938864629 0.7379807692307693 0.2838427947598253 0.055288461538461536
0 0.48034934497816595 0.6802884615384616 0.27074235807860264 0.0625
0 0.462882096069869 0.6153846153846154 0.2663755458515284 0.0625
0 0.4585152838427948 0.5504807692307693 0.2663755458515284 0.057692307692307696
0 0.49344978165938863 0.49278846153846156 0.2663755458515284 0.06009615384615385
0 0.5109170305676856 0.4375 0.24017467248908297 0.06009615384615385
0 0.5240174672489083 0.3894230769230769 0.26200873362445415 0.0625
0 0.5414847161572053 0.3389423076923077 0.24017467248908297 0.05048076923076923
0 0.49344978165938863 0.2860576923076923 0.2445414847161572 0.052884615384615384
0 0.45414847161572053 0.24519230769230768 0.23580786026200873 0.055288461538461536
0 0.42358078602620086 0.18990384615384615 0.22707423580786026 0.052884615384615384
0 0.40611353711790393 0.1466346153846154 0.21397379912663755 0.04807692307692308
0 0.4017467248908297 0.0985576923076923 0.21397379912663755 0.052884615384615384
0 0.4148471615720524 0.06490384615384616 0.2096069868995633 0.04326923076923077