0 0.3620689655172414 0.21153846153846154 0.10919540229885058 0.026442307692307692
0 0.367816091954023 0.2403846153846154 0.1206896551724138 0.036057692307692304
0 0.3850574712643678 0.2692307692307692 0.1206896551724138 0.040865384615384616
0 0.40804597701149425 0.2932692307692308 0.1206896551724138 0.040865384615384616
0 0.4540229885057471 0.3173076923076923 0.11494252873563218 0.04326923076923077
0 0.4827586206896552 0.34375 0.13218390804597702 0.040865384615384616
0 0.5057471264367817 0.3701923076923077 0.13793103448275862 0.040865384615384616
0 0.5287356321839081 0.39903846153846156 0.14367816091954022 0.040865384615384616
0 0.5229885057471264 0.42788461538461536 0.13218390804597702 0.038461538461538464
0 0.5114942528735632 0.46634615384615385 0.14367816091954022 0.036057692307692304
0 0.47701149425287354 0.5024038461538461 0.14942528735632185 0.04567307692307692
0 0.4367816091954023 0.5240384615384616 0.14367816091954022 0.040865384615384616
0 0.40804597701149425 0.5576923076923077 0.1781609195402299 0.04326923076923077
0 0.3793103448275862 0.59375 0.1781609195402299 0.04326923076923077
0 0.367816091954023 0.6370192307692307 0.1781609195402299 0.05048076923076923
0 0.3793103448275862 0.6850961538461539 0.1781609195402299 0.055288461538461536