0 0.5109170305676856 0.04326923076923077 0.30131004366812225 0.05048076923076923
0 0.5021834061135371 0.08173076923076923 0.30131004366812225 0.055288461538461536
0 0.4847161572052402 0.12259615384615384 0.2838427947598253 0.05048076923076923
0 0.4890829694323144 0.17067307692307693 0.27510917030567683 0.055288461538461536
0 0.49344978165938863 0.22355769230769232 0.2838427947598253 0.0625
0 0.5065502183406113 0.27884615384615385 0.31004366812227074 0.055288461538461536
0 0.5109170305676856 0.3293269230769231 0.31004366812227074 0.057692307692307696
0 0.5021834061135371 0.37740384615384615 0.31004366812227074 0.0625
0 0.5065502183406113 0.4326923076923077 0.29694323144104806 0.0673076923076923
0 0.5109170305676856 0.4831730769230769 0.314410480349345 0.0625
0 0.5414847161572053 0.5408653846153846 0.33624454148471616 0.07692307692307693
0 0.5982532751091703 0.6081730769230769 0.3406113537117904 0.07692307692307693
0 0.6200873362445415 0.6754807692307693 0.314410480349345 0.07932692307692307
0 0.6157205240174672 0.75 0.3406113537117904 0.08413461538461539
0 0.5764192139737991 0.8221153846153846 0.37117903930131 0.07692307692307693
0 0.5240174672489083 0.8918269230769231 0.37117903930131 0.07692307692307693