0 0.47161572052401746 0.8990384615384616 0.27074235807860264 0.06490384615384616
0 0.48034934497816595 0.8293269230769231 0.27074235807860264 0.06971153846153846
0 0.5065502183406113 0.7620192307692307 0.22270742358078602 0.07692307692307693
0 0.5327510917030568 0.6899038461538461 0.22707423580786026 0.07692307692307693
0 0.5589519650655022 0.6274038461538461 0.2445414847161572 0.0889423076923077
0 0.5545851528384279 0.5721153846153846 0.2445414847161572 0.07211538461538461
0 0.5458515283842795 0.5072115384615384 0.2314410480349345 0.06490384615384616
0 0.5633187772925764 0.4543269230769231 0.22707423580786026 0.0625
0 0.5676855895196506 0.40625 0.20087336244541484 0.06009615384615385
0 0.5633187772925764 0.3581730769230769 0.17903930131004367 0.0625
0 0.5589519650655022 0.30528846153846156 0.1703056768558952 0.057692307692307696
0 0.5720524017467249 0.2620192307692308 0.1703056768558952 0.06009615384615385
0 0.5676855895196506 0.21153846153846154 0.13537117903930132 0.05048076923076923
0 0.5676855895196506 0.17067307692307693 0.1615720524017467 0.040865384615384616
0 0.5458515283842795 0.125 0.1572052401746725 0.05048076923076923
0 0.5414847161572053 0.08413461538461539 0.1615720524017467 0.03125