0 0.48872180451127817 0.15144230769230768 0.14285714285714285 0.028846153846153848
0 0.49624060150375937 0.18269230769230768 0.15037593984962405 0.028846153846153848
0 0.5037593984962406 0.21153846153846154 0.17293233082706766 0.028846153846153848
0 0.5263157894736842 0.2403846153846154 0.17293233082706766 0.03125
0 0.5864661654135338 0.2620192307692308 0.15789473684210525 0.03125
0 0.6466165413533834 0.28846153846153844 0.16541353383458646 0.03365384615384615
0 0.6992481203007519 0.31971153846153844 0.18045112781954886 0.03365384615384615
0 0.6992481203007519 0.35096153846153844 0.17293233082706766 0.03365384615384615
0 0.6917293233082706 0.38221153846153844 0.19548872180451127 0.036057692307692304
0 0.6390977443609023 0.4110576923076923 0.18796992481203006 0.038461538461538464
0 0.5714285714285714 0.43990384615384615 0.20300751879699247 0.040865384615384616
0 0.5112781954887218 0.47596153846153844 0.22556390977443608 0.040865384615384616
0 0.48872180451127817 0.5192307692307693 0.21804511278195488 0.04567307692307692
0 0.5112781954887218 0.5625 0.24060150375939848 0.040865384615384616
0 0.5714285714285714 0.6057692307692307 0.22556390977443608 0.04567307692307692
0 0.6541353383458647 0.6442307692307693 0.2631578947368421 0.052884615384615384