0 0.5545851528384279 0.8293269230769231 0.2794759825327511 0.06490384615384616
0 0.5676855895196506 0.7572115384615384 0.2445414847161572 0.06490384615384616
0 0.5895196506550219 0.6826923076923077 0.25327510917030566 0.0673076923076923
0 0.6244541484716157 0.6153846153846154 0.2314410480349345 0.06009615384615385
0 0.6724890829694323 0.5552884615384616 0.22707423580786026 0.0625
0 0.4497816593886463 0.07211538461538461 0.1965065502183406 0.04567307692307692
0 0.45414847161572053 0.10817307692307693 0.18777292576419213 0.040865384615384616
0 0.4585152838427948 0.14423076923076922 0.17903930131004367 0.04807692307692308
0 0.4847161572052402 0.19951923076923078 0.18340611353711792 0.052884615384615384
0 0.5240174672489083 0.23317307692307693 0.18340611353711792 0.040865384615384616
0 0.5895196506550219 0.2692307692307692 0.18777292576419213 0.04326923076923077
0 0.6462882096069869 0.30528846153846156 0.2183406113537118 0.05048076923076923
0 0.6986899563318777 0.35096153846153844 0.22270742358078602 0.052884615384615384
0 0.7467248908296943 0.4014423076923077 0.25327510917030566 0.055288461538461536
0 0.7729257641921398 0.4423076923076923 0.22707423580786026 0.057692307692307696
0 0.7336244541484717 0.5 0.23580786026200873 0.052884615384615384