0 0.4789915966386555 0.15625 0.2689075630252101 0.040865384615384616
0 0.4957983193277311 0.19951923076923078 0.24369747899159663 0.052884615384615384
0 0.5210084033613446 0.23798076923076922 0.226890756302521 0.052884615384615384
0 0.5630252100840336 0.2764423076923077 0.2773109243697479 0.057692307692307696
0 0.6386554621848739 0.3245192307692308 0.29411764705882354 0.06490384615384616
0 0.6974789915966386 0.36538461538461536 0.2605042016806723 0.0673076923076923
0 0.7310924369747899 0.40865384615384615 0.25210084033613445 0.05048076923076923
0 0.7563025210084033 0.4543269230769231 0.2857142857142857 0.06009615384615385
0 0.7394957983193278 0.5048076923076923 0.2773109243697479 0.0673076923076923
0 0.6974789915966386 0.5480769230769231 0.3025210084033613 0.0625
0 0.6050420168067226 0.5961538461538461 0.36134453781512604 0.08173076923076923
0 0.48739495798319327 0.6586538461538461 0.36134453781512604 0.07932692307692307
0 0.3949579831932773 0.71875 0.37815126050420167 0.07932692307692307
0 0.33613445378151263 0.7884615384615384 0.3697478991596639 0.08413461538461539
0 0.31092436974789917 0.8653846153846154 0.40336134453781514 0.07932692307692307
0 0.3025210084033613 0.9254807692307693 0.453781512605042 0.055288461538461536