0 0.4759825327510917 0.11538461538461539 0.23580786026200873 0.0625
0 0.4759825327510917 0.16105769230769232 0.25327510917030566 0.06009615384615385
0 0.4890829694323144 0.20192307692307693 0.30131004366812225 0.08173076923076923
0 0.5240174672489083 0.25 0.23580786026200873 0.06971153846153846
0 0.5807860262008734 0.2956730769230769 0.24890829694323144 0.06971153846153846
0 0.6331877729257642 0.34375 0.24890829694323144 0.07211538461538461
0 0.6681222707423581 0.3918269230769231 0.27074235807860264 0.0625
0 0.62882096069869 0.43990384615384615 0.31004366812227074 0.09134615384615384
0 0.6157205240174672 0.5 0.3624454148471616 0.08173076923076923
0 0.5633187772925764 0.5480769230769231 0.3406113537117904 0.07692307692307693
0 0.4978165938864629 0.6129807692307693 0.32751091703056767 0.10096153846153846
0 0.4366812227074236 0.6850961538461539 0.28820960698689957 0.08653846153846154
0 0.4017467248908297 0.75 0.29694323144104806 0.08413461538461539
0 0.4017467248908297 0.8269230769230769 0.3231441048034934 0.08173076923076923
0 0.4148471615720524 0.8966346153846154 0.33624454148471616 0.08173076923076923