0 0.44144144144144143 0.24096385542168675 0.17117117117117117 0.02650602409638554
0 0.42342342342342343 0.26265060240963856 0.17117117117117117 0.02650602409638554
0 0.40540540540540543 0.2891566265060241 0.16216216216216217 0.02650602409638554
0 0.4144144144144144 0.3132530120481928 0.1891891891891892 0.02891566265060241
0 0.42342342342342343 0.3421686746987952 0.17117117117117117 0.02891566265060241
0 0.43243243243243246 0.3710843373493976 0.17117117117117117 0.03132530120481928
0 0.44144144144144143 0.39759036144578314 0.17117117117117117 0.02891566265060241
0 0.45045045045045046 0.42409638554216866 0.17117117117117117 0.03132530120481928
0 0.45045045045045046 0.4506024096385542 0.17117117117117117 0.03132530120481928
0 0.46846846846846846 0.4819277108433735 0.17117117117117117 0.033734939759036145
0 0.4774774774774775 0.5156626506024097 0.1891891891891892 0.033734939759036145
0 0.4864864864864865 0.5493975903614458 0.2072072072072072 0.04096385542168675
0 0.5315315315315315 0.5855421686746988 0.21621621621621623 0.04578313253012048
0 0.5585585585585585 0.6265060240963856 0.22522522522522523 0.04819277108433735
0 0.5855855855855856 0.6698795180722892 0.23423423423423423 0.043373493975903614
0 0.5945945945945946 0.7108433734939759 0.24324324324324326 0.05301204819277108