0 0.462882096069869 0.8221153846153846 0.3406113537117904 0.06971153846153846
0 0.4978165938864629 0.7572115384615384 0.2838427947598253 0.07451923076923077
0 0.5633187772925764 0.6875 0.2445414847161572 0.08413461538461539
0 0.6768558951965066 0.6225961538461539 0.2052401746724891 0.07692307692307693
0 0.759825327510917 0.5625 0.2838427947598253 0.07451923076923077
0 0.7991266375545851 0.4879807692307692 0.26200873362445415 0.06490384615384616
0 0.777292576419214 0.4206730769230769 0.2576419213973799 0.06490384615384616
0 0.74235807860262 0.3629807692307692 0.24890829694323144 0.06009615384615385
0 0.6637554585152838 0.3076923076923077 0.20087336244541484 0.07211538461538461
0 0.5807860262008734 0.2692307692307692 0.1965065502183406 0.0673076923076923
0 0.5283842794759825 0.23076923076923078 0.22270742358078602 0.07451923076923077
0 0.4759825327510917 0.18269230769230768 0.17903930131004367 0.052884615384615384
0 0.4759825327510917 0.13701923076923078 0.18340611353711792 0.04326923076923077
0 0.537117903930131 0.10336538461538461 0.17903930131004367 0.07692307692307693