0 0.5151515151515151 0.6586538461538461 0.2878787878787879 0.026442307692307692
0 0.4318181818181818 0.6201923076923077 0.2803030303030303 0.02403846153846154
0 0.38636363636363635 0.5793269230769231 0.2727272727272727 0.03125
0 0.3939393939393939 0.5384615384615384 0.30303030303030304 0.028846153846153848
0 0.44696969696969696 0.5024038461538461 0.2727272727272727 0.026442307692307692
0 0.5303030303030303 0.47596153846153844 0.2878787878787879 0.026442307692307692
0 0.6060606060606061 0.4519230769230769 0.2878787878787879 0.02403846153846154
0 0.6363636363636364 0.4230769230769231 0.2878787878787879 0.026442307692307692
0 0.6136363636363636 0.39663461538461536 0.26515151515151514 0.016826923076923076
0 0.5833333333333334 0.36778846153846156 0.2803030303030303 0.019230769230769232
0 0.5303030303030303 0.34375 0.22727272727272727 0.021634615384615384
0 0.4772727272727273 0.31971153846153844 0.25 0.019230769230769232
0 0.4393939393939394 0.29086538461538464 0.2196969696969697 0.019230769230769232
0 0.4393939393939394 0.2644230769230769 0.1893939393939394 0.016826923076923076
0 0.4318181818181818 0.24278846153846154 0.2196969696969697 0.016826923076923076
0 0.5984848484848485 0.6947115384615384 0.2727272727272727 0.026442307692307692