0 0.504424778761062 0.7115384615384616 0.1504424778761062 0.04567307692307692
0 0.4646017699115044 0.6730769230769231 0.13274336283185842 0.0673076923076923
0 0.415929203539823 0.6298076923076923 0.1504424778761062 0.0673076923076923
0 0.3893805309734513 0.5889423076923077 0.14601769911504425 0.04567307692307692
0 0.38495575221238937 0.5432692307692307 0.1415929203539823 0.04567307692307692
0 0.39823008849557523 0.5048076923076923 0.13716814159292035 0.052884615384615384
0 0.4336283185840708 0.46634615384615385 0.12831858407079647 0.06009615384615385
0 0.4557522123893805 0.42788461538461536 0.11504424778761062 0.06009615384615385
0 0.4823008849557522 0.3942307692307692 0.09734513274336283 0.052884615384615384
0 0.504424778761062 0.3629807692307692 0.11504424778761062 0.038461538461538464
0 0.5221238938053098 0.3317307692307692 0.09292035398230089 0.040865384615384616
0 0.5176991150442478 0.30288461538461536 0.11061946902654868 0.04326923076923077
0 0.5 0.2668269230769231 0.084070796460177 0.036057692307692304
0 0.4911504424778761 0.23557692307692307 0.084070796460177 0.036057692307692304
0 0.4778761061946903 0.2091346153846154 0.11061946902654868 0.03365384615384615