0 0.5103092783505154 0.125 0.12371134020618557 0.028846153846153848
0 0.5154639175257731 0.15144230769230768 0.1134020618556701 0.040865384615384616
0 0.5154639175257731 0.18028846153846154 0.1134020618556701 0.038461538461538464
0 0.5412371134020618 0.20432692307692307 0.10309278350515463 0.038461538461538464
0 0.5670103092783505 0.22596153846153846 0.11855670103092783 0.04326923076923077
0 0.6030927835051546 0.24519230769230768 0.11855670103092783 0.04326923076923077
0 0.6391752577319587 0.27163461538461536 0.11855670103092783 0.04326923076923077
0 0.6649484536082474 0.2980769230769231 0.12371134020618557 0.04326923076923077
0 0.6701030927835051 0.3245192307692308 0.13402061855670103 0.03365384615384615
0 0.6649484536082474 0.3581730769230769 0.13402061855670103 0.040865384615384616
0 0.6649484536082474 0.3942307692307692 0.14432989690721648 0.052884615384615384
0 0.634020618556701 0.42788461538461536 0.13917525773195877 0.055288461538461536
0 0.5979381443298969 0.4639423076923077 0.14432989690721648 0.0625
0 0.5360824742268041 0.49759615384615385 0.14432989690721648 0.057692307692307696
0 0.4742268041237113 0.53125 0.14948453608247422 0.06490384615384616
0 0.4381443298969072 0.5769230769230769 0.14948453608247422 0.057692307692307696