0 0.44565217391304346 0.24278846153846154 0.22826086956521738 0.03125
0 0.43478260869565216 0.27163461538461536 0.22826086956521738 0.028846153846153848
0 0.43478260869565216 0.3004807692307692 0.20652173913043478 0.03365384615384615
0 0.43478260869565216 0.33413461538461536 0.21739130434782608 0.036057692307692304
0 0.44565217391304346 0.3581730769230769 0.22826086956521738 0.038461538461538464
0 0.4673913043478261 0.3918269230769231 0.2391304347826087 0.04326923076923077
0 0.4673913043478261 0.4254807692307692 0.2391304347826087 0.036057692307692304
0 0.4673913043478261 0.46153846153846156 0.22826086956521738 0.036057692307692304
0 0.4673913043478261 0.49759615384615385 0.2717391304347826 0.038461538461538464
0 0.45652173913043476 0.5336538461538461 0.2826086956521739 0.038461538461538464
0 0.45652173913043476 0.5745192307692307 0.2826086956521739 0.04326923076923077
0 0.43478260869565216 0.6201923076923077 0.30434782608695654 0.04807692307692308
0 0.41304347826086957 0.6682692307692307 0.31521739130434784 0.05048076923076923
0 0.40217391304347827 0.7163461538461539 0.32608695652173914 0.052884615384615384
0 0.42391304347826086 0.7716346153846154 0.33695652173913043 0.05048076923076923
0 0.4782608695652174 0.8197115384615384 0.358695652173913 0.06009615384615385