0 0.5065502183406113 0.14423076923076922 0.1615720524017467 0.05048076923076923
0 0.4978165938864629 0.18990384615384615 0.16593886462882096 0.04807692307692308
0 0.5021834061135371 0.24278846153846154 0.20087336244541484 0.05048076923076923
0 0.4978165938864629 0.29086538461538464 0.18777292576419213 0.055288461538461536
0 0.4847161572052402 0.34615384615384615 0.18340611353711792 0.040865384615384616
0 0.47161572052401746 0.39903846153846156 0.19213973799126638 0.04567307692307692
0 0.4585152838427948 0.4495192307692308 0.2052401746724891 0.052884615384615384
0 0.4366812227074236 0.5096153846153846 0.2052401746724891 0.057692307692307696
0 0.4017467248908297 0.5576923076923077 0.2314410480349345 0.06009615384615385
0 0.3930131004366812 0.6201923076923077 0.24017467248908297 0.052884615384615384
0 0.43231441048034935 0.6850961538461539 0.2096069868995633 0.055288461538461536