0 0.32751091703056767 0.8293269230769231 0.28820960698689957 0.0889423076923077
0 0.4279475982532751 0.7716346153846154 0.23580786026200873 0.09375
0 0.5240174672489083 0.7091346153846154 0.2183406113537118 0.09375
0 0.6331877729257642 0.6514423076923077 0.27074235807860264 0.07692307692307693
0 0.6855895196506551 0.5889423076923077 0.24017467248908297 0.0673076923076923
0 0.6943231441048034 0.5240384615384616 0.22707423580786026 0.06009615384615385
0 0.6593886462882096 0.47115384615384615 0.25327510917030566 0.06490384615384616
0 0.6375545851528385 0.41346153846153844 0.2314410480349345 0.055288461538461536
0 0.611353711790393 0.37259615384615385 0.24017467248908297 0.0625
0 0.5851528384279476 0.31490384615384615 0.21397379912663755 0.052884615384615384
0 0.5764192139737991 0.27163461538461536 0.22270742358078602 0.055288461538461536
0 0.5633187772925764 0.2283653846153846 0.2183406113537118 0.05048076923076923
0 0.5545851528384279 0.1778846153846154 0.17903930131004367 0.057692307692307696
0 0.5458515283842795 0.12980769230769232 0.20087336244541484 0.05048076923076923
0 0.5414847161572053 0.0985576923076923 0.17467248908296942 0.04807692307692308
0 0.5502183406113537 0.052884615384615384 0.18340611353711792 0.04567307692307692