0 0.5152838427947598 0.07932692307692307 0.2445414847161572 0.057692307692307696
0 0.519650655021834 0.12980769230769232 0.20087336244541484 0.057692307692307696
0 0.49344978165938863 0.18028846153846154 0.22270742358078602 0.07692307692307693
0 0.4759825327510917 0.22355769230769232 0.2183406113537118 0.057692307692307696
0 0.4192139737991266 0.27163461538461536 0.2096069868995633 0.07451923076923077
0 0.3799126637554585 0.31490384615384615 0.21397379912663755 0.07451923076923077
0 0.31877729257641924 0.3581730769230769 0.21397379912663755 0.07451923076923077
0 0.26200873362445415 0.40384615384615385 0.2445414847161572 0.07692307692307693
0 0.2183406113537118 0.4567307692307692 0.26200873362445415 0.0673076923076923
0 0.20087336244541484 0.5048076923076923 0.2838427947598253 0.0625
0 0.22707423580786026 0.5673076923076923 0.27074235807860264 0.0889423076923077
0 0.2794759825327511 0.6346153846153846 0.27074235807860264 0.09375
0 0.38427947598253276 0.6899038461538461 0.2838427947598253 0.10096153846153846
0 0.4978165938864629 0.7524038461538461 0.28820960698689957 0.0985576923076923
0 0.5807860262008734 0.8100961538461539 0.33624454148471616 0.11057692307692307
0 0.6462882096069869 0.8774038461538461 0.36681222707423583 0.11057692307692307