0 0.48672566371681414 0.53125 0.35398230088495575 0.040865384615384616
0 0.46017699115044247 0.5769230769230769 0.36283185840707965 0.036057692307692304
0 0.45132743362831856 0.6225961538461539 0.37168141592920356 0.040865384615384616
0 0.48672566371681414 0.6706730769230769 0.36283185840707965 0.040865384615384616
0 0.49557522123893805 0.7139423076923077 0.336283185840708 0.040865384615384616
0 0.5398230088495575 0.49759615384615385 0.36283185840707965 0.03365384615384615
0 0.5752212389380531 0.45913461538461536 0.2743362831858407 0.03365384615384615
0 0.6017699115044248 0.4254807692307692 0.24778761061946902 0.028846153846153848
0 0.6106194690265486 0.39663461538461536 0.25663716814159293 0.02403846153846154
0 0.584070796460177 0.36778846153846156 0.2743362831858407 0.021634615384615384
0 0.5486725663716814 0.34134615384615385 0.30973451327433627 0.02403846153846154
0 0.5132743362831859 0.3173076923076923 0.2831858407079646 0.019230769230769232
0 0.4778761061946903 0.29086538461538464 0.3008849557522124 0.02403846153846154
0 0.45132743362831856 0.2620192307692308 0.22123893805309736 0.021634615384615384
0 0.4336283185840708 0.23798076923076922 0.22123893805309736 0.019230769230769232
0 0.4424778761061947 0.21153846153846154 0.2831858407079646 0.02403846153846154