0 0.4293193717277487 0.20192307692307693 0.09947643979057591 0.02403846153846154
0 0.42408376963350786 0.23076923076923078 0.09947643979057591 0.026442307692307692
0 0.42408376963350786 0.25721153846153844 0.11518324607329843 0.026442307692307692
0 0.4397905759162304 0.2860576923076923 0.11518324607329843 0.028846153846153848
0 0.45549738219895286 0.3173076923076923 0.1099476439790576 0.03125
0 0.46596858638743455 0.34615384615384615 0.11518324607329843 0.03365384615384615
0 0.47643979057591623 0.37740384615384615 0.12041884816753927 0.03365384615384615
0 0.47643979057591623 0.4110576923076923 0.12041884816753927 0.036057692307692304
0 0.4712041884816754 0.44471153846153844 0.12041884816753927 0.03365384615384615
0 0.46596858638743455 0.4807692307692308 0.1099476439790576 0.03365384615384615
0 0.450261780104712 0.5192307692307693 0.1256544502617801 0.038461538461538464
0 0.4293193717277487 0.5576923076923077 0.13612565445026178 0.038461538461538464
0 0.4083769633507853 0.6009615384615384 0.1256544502617801 0.038461538461538464
0 0.418848167539267 0.6466346153846154 0.13612565445026178 0.04326923076923077
0 0.4607329842931937 0.6923076923076923 0.14659685863874344 0.040865384615384616
0 0.5130890052356021 0.7307692307692307 0.1518324607329843 0.04326923076923077
0 0.5602094240837696 0.7740384615384616 0.15706806282722513 0.040865384615384616