0 0.5152838427947598 0.09375 0.22707423580786026 0.05048076923076923
0 0.5021834061135371 0.13701923076923078 0.23580786026200873 0.04567307692307692
0 0.4890829694323144 0.1778846153846154 0.2314410480349345 0.052884615384615384
0 0.47161572052401746 0.21634615384615385 0.22707423580786026 0.055288461538461536
0 0.4759825327510917 0.2548076923076923 0.2314410480349345 0.055288461538461536
0 0.4890829694323144 0.2980769230769231 0.22707423580786026 0.057692307692307696
0 0.49344978165938863 0.3389423076923077 0.24017467248908297 0.057692307692307696
0 0.4890829694323144 0.375 0.2314410480349345 0.05048076923076923
0 0.49344978165938863 0.4182692307692308 0.24890829694323144 0.055288461538461536
0 0.49344978165938863 0.46153846153846156 0.24890829694323144 0.055288461538461536
0 0.4890829694323144 0.5120192307692307 0.2576419213973799 0.0625
0 0.4978165938864629 0.5625 0.2663755458515284 0.06490384615384616
0 0.4890829694323144 0.6177884615384616 0.27510917030567683 0.06009615384615385
0 0.47161572052401746 0.6778846153846154 0.2663755458515284 0.0673076923076923
0 0.4759825327510917 0.7427884615384616 0.26200873362445415 0.06971153846153846
0 0.4978165938864629 0.8149038461538461 0.27510917030567683 0.07692307692307693