0 0.6157205240174672 0.6899038461538461 0.31004366812227074 0.06971153846153846
0 0.6200873362445415 0.625 0.31877729257641924 0.055288461538461536
0 0.6157205240174672 0.5697115384615384 0.31004366812227074 0.057692307692307696
0 0.62882096069869 0.5120192307692307 0.2794759825327511 0.06490384615384616
0 0.6069868995633187 0.46634615384615385 0.2794759825327511 0.052884615384615384
0 0.6157205240174672 0.40865384615384615 0.25327510917030566 0.052884615384615384
0 0.5982532751091703 0.35336538461538464 0.2445414847161572 0.057692307692307696
0 0.5895196506550219 0.2956730769230769 0.2576419213973799 0.057692307692307696
0 0.5764192139737991 0.24519230769230768 0.28820960698689957 0.05048076923076923
0 0.5414847161572053 0.19230769230769232 0.27510917030567683 0.052884615384615384
0 0.5458515283842795 0.13942307692307693 0.2838427947598253 0.04326923076923077
0 0.5021834061135371 0.09375 0.2838427947598253 0.052884615384615384
0 0.5938864628820961 0.7620192307692307 0.31877729257641924 0.0673076923076923
0 0.5851528384279476 0.8389423076923077 0.34497816593886466 0.07211538461538461
0 0.4759825327510917 0.040865384615384616 0.32751091703056767 0.05048076923076923