0 0.5458515283842795 0.8461538461538461 0.28820960698689957 0.07211538461538461
0 0.5021834061135371 0.7740384615384616 0.2663755458515284 0.06971153846153846
0 0.4847161572052402 0.6995192307692307 0.2576419213973799 0.07932692307692307
0 0.5065502183406113 0.6346153846153846 0.22270742358078602 0.07692307692307693
0 0.5327510917030568 0.5600961538461539 0.22270742358078602 0.08173076923076923
0 0.5764192139737991 0.5120192307692307 0.1965065502183406 0.0673076923076923
0 0.611353711790393 0.44471153846153844 0.17467248908296942 0.055288461538461536
0 0.6244541484716157 0.3894230769230769 0.18777292576419213 0.057692307692307696
0 0.6200873362445415 0.33653846153846156 0.16593886462882096 0.052884615384615384
0 0.611353711790393 0.2764423076923077 0.1703056768558952 0.06009615384615385
0 0.5633187772925764 0.23076923076923078 0.16593886462882096 0.05048076923076923
0 0.5589519650655022 0.18990384615384615 0.2096069868995633 0.06971153846153846
0 0.5240174672489083 0.15144230769230768 0.17467248908296942 0.052884615384615384
0 0.5021834061135371 0.09615384615384616 0.1615720524017467 0.05048076923076923
0 0.5065502183406113 0.0625 0.15283842794759825 0.03365384615384615