0 0.4943181818181818 0.6610576923076923 0.22727272727272727 0.04326923076923077
0 0.48863636363636365 0.6081730769230769 0.21022727272727273 0.04326923076923077
0 0.4602272727272727 0.5600961538461539 0.19886363636363635 0.04326923076923077
0 0.42045454545454547 0.5264423076923077 0.1875 0.03125
0 0.44886363636363635 0.1875 0.125 0.02403846153846154
0 0.4602272727272727 0.21875 0.1590909090909091 0.03365384615384615
0 0.4659090909090909 0.25240384615384615 0.1590909090909091 0.03125
0 0.44886363636363635 0.27884615384615385 0.17045454545454544 0.028846153846153848
0 0.4147727272727273 0.30528846153846156 0.1534090909090909 0.028846153846153848
0 0.375 0.3293269230769231 0.1534090909090909 0.026442307692307692
0 0.3409090909090909 0.35096153846153844 0.1534090909090909 0.03365384615384615
0 0.3068181818181818 0.375 0.14772727272727273 0.03125
0 0.2897727272727273 0.40625 0.17613636363636365 0.03365384615384615
0 0.3068181818181818 0.43990384615384615 0.19318181818181818 0.03125
0 0.375 0.5 0.1534090909090909 0.03365384615384615
0 0.3522727272727273 0.47115384615384615 0.17045454545454544 0.03125