0 0.611353711790393 0.057692307692307696 0.2183406113537118 0.04326923076923077
0 0.5938864628820961 0.09134615384615384 0.2052401746724891 0.04807692307692308
0 0.5764192139737991 0.13221153846153846 0.2052401746724891 0.05048076923076923
0 0.5502183406113537 0.1778846153846154 0.22707423580786026 0.052884615384615384
0 0.5414847161572053 0.22115384615384615 0.23580786026200873 0.06009615384615385
0 0.5240174672489083 0.2860576923076923 0.24890829694323144 0.07211538461538461
0 0.5152838427947598 0.34615384615384615 0.27510917030567683 0.0673076923076923
0 0.537117903930131 0.39663461538461536 0.27510917030567683 0.07451923076923077
0 0.5502183406113537 0.4567307692307692 0.30131004366812225 0.07932692307692307
0 0.5938864628820961 0.5120192307692307 0.3056768558951965 0.07692307692307693
0 0.6375545851528385 0.5769230769230769 0.30131004366812225 0.07932692307692307
0 0.6681222707423581 0.6538461538461539 0.31877729257641924 0.08653846153846154
0 0.6550218340611353 0.7163461538461539 0.3231441048034934 0.08653846153846154
0 0.6069868995633187 0.7788461538461539 0.2925764192139738 0.08173076923076923
0 0.4978165938864629 0.8509615384615384 0.31877729257641924 0.10096153846153846
0 0.4410480349344978 0.9206730769230769 0.34497816593886466 0.0889423076923077