0 0.4881889763779528 0.22355769230769232 0.13385826771653545 0.02403846153846154
0 0.4881889763779528 0.24759615384615385 0.12598425196850394 0.026442307692307692
0 0.4881889763779528 0.27163461538461536 0.12598425196850394 0.028846153846153848
0 0.4881889763779528 0.3004807692307692 0.13385826771653545 0.03125
0 0.4881889763779528 0.3317307692307692 0.12598425196850394 0.03125
0 0.49606299212598426 0.3605769230769231 0.12598425196850394 0.028846153846153848
0 0.49606299212598426 0.3894230769230769 0.11811023622047244 0.028846153846153848
0 0.4881889763779528 0.4182692307692308 0.13385826771653545 0.03125
0 0.48031496062992124 0.44711538461538464 0.14960629921259844 0.03125
0 0.47244094488188976 0.4807692307692308 0.14960629921259844 0.03125
0 0.4645669291338583 0.5120192307692307 0.15748031496062992 0.036057692307692304
0 0.4645669291338583 0.5480769230769231 0.1732283464566929 0.038461538461538464
0 0.4881889763779528 0.5865384615384616 0.18110236220472442 0.038461538461538464
0 0.5118110236220472 0.6274038461538461 0.2047244094488189 0.04326923076923077
0 0.5275590551181102 0.6682692307692307 0.1889763779527559 0.04326923076923077
0 0.5433070866141733 0.7091346153846154 0.2125984251968504 0.040865384615384616