0 0.5589519650655022 0.9302884615384616 0.42358078602620086 0.07932692307692307
0 0.5502183406113537 0.8605769230769231 0.4017467248908297 0.06490384615384616
0 0.4978165938864629 0.8100961538461539 0.3537117903930131 0.07932692307692307
0 0.4585152838427948 0.7524038461538461 0.31004366812227074 0.057692307692307696
0 0.43231441048034935 0.6971153846153846 0.31004366812227074 0.055288461538461536
0 0.4104803493449782 0.6370192307692307 0.31877729257641924 0.0673076923076923
0 0.37554585152838427 0.5673076923076923 0.31877729257641924 0.0673076923076923
0 0.3537117903930131 0.49038461538461536 0.2925764192139738 0.06971153846153846
0 0.3537117903930131 0.42788461538461536 0.32751091703056767 0.04567307692307692
0 0.3406113537117904 0.375 0.27074235807860264 0.06490384615384616
0 0.32751091703056767 0.31490384615384615 0.2838427947598253 0.04807692307692308
0 0.32751091703056767 0.25721153846153844 0.24890829694323144 0.04807692307692308
0 0.314410480349345 0.20673076923076922 0.25327510917030566 0.04567307692307692
0 0.31004366812227074 0.16105769230769232 0.24017467248908297 0.052884615384615384
0 0.314410480349345 0.11298076923076923 0.27510917030567683 0.052884615384615384
0 0.31877729257641924 0.06971153846153846 0.2663755458515284 0.03125