0 0.5065502183406113 0.8389423076923077 0.31004366812227074 0.06490384615384616
0 0.4585152838427948 0.7692307692307693 0.314410480349345 0.06009615384615385
0 0.4410480349344978 0.6971153846153846 0.27074235807860264 0.06490384615384616
0 0.44541484716157204 0.6298076923076923 0.27510917030567683 0.0673076923076923
0 0.4847161572052402 0.5673076923076923 0.27510917030567683 0.06490384615384616
0 0.5458515283842795 0.5120192307692307 0.2838427947598253 0.0625
0 0.5807860262008734 0.45913461538461536 0.2663755458515284 0.055288461538461536
0 0.5895196506550219 0.39903846153846156 0.27510917030567683 0.052884615384615384
0 0.5895196506550219 0.3557692307692308 0.27074235807860264 0.057692307692307696
0 0.5633187772925764 0.30288461538461536 0.24890829694323144 0.05048076923076923
0 0.5414847161572053 0.2548076923076923 0.20087336244541484 0.040865384615384616
0 0.5109170305676856 0.21153846153846154 0.1965065502183406 0.04807692307692308
0 0.49344978165938863 0.1658653846153846 0.18340611353711792 0.04326923076923077
0 0.4847161572052402 0.12259615384615384 0.20087336244541484 0.04807692307692308
0 0.4585152838427948 0.07932692307692307 0.20087336244541484 0.03365384615384615