0 0.3318777292576419 0.09134615384615384 0.21397379912663755 0.055288461538461536
0 0.3318777292576419 0.14182692307692307 0.2183406113537118 0.06009615384615385
0 0.34934497816593885 0.18990384615384615 0.23580786026200873 0.07451923076923077
0 0.3799126637554585 0.23076923076923078 0.24890829694323144 0.07692307692307693
0 0.43231441048034935 0.27884615384615385 0.2794759825327511 0.07451923076923077
0 0.5021834061135371 0.3173076923076923 0.28820960698689957 0.07692307692307693
0 0.5633187772925764 0.3701923076923077 0.24017467248908297 0.06490384615384616
0 0.5764192139737991 0.41586538461538464 0.2794759825327511 0.0625
0 0.5152838427947598 0.46875 0.2445414847161572 0.08173076923076923
0 0.4366812227074236 0.53125 0.2794759825327511 0.09375
0 0.33624454148471616 0.5865384615384616 0.2925764192139738 0.0985576923076923
0 0.2794759825327511 0.6514423076923077 0.2838427947598253 0.08173076923076923
0 0.29694323144104806 0.71875 0.32751091703056767 0.08413461538461539
0 0.38427947598253276 0.7884615384615384 0.3318777292576419 0.10817307692307693
0 0.5240174672489083 0.8605769230769231 0.33624454148471616 0.10576923076923077
0 0.6026200873362445 0.9182692307692307 0.3406113537117904 0.10336538461538461