0 0.462882096069869 0.9086538461538461 0.3318777292576419 0.07451923076923077
0 0.4192139737991266 0.8389423076923077 0.29694323144104806 0.07932692307692307
0 0.3799126637554585 0.7644230769230769 0.2838427947598253 0.08173076923076923
0 0.3930131004366812 0.6899038461538461 0.28820960698689957 0.08653846153846154
0 0.4279475982532751 0.625 0.27510917030567683 0.08413461538461539
0 0.49344978165938863 0.5552884615384616 0.2576419213973799 0.08173076923076923
0 0.5982532751091703 0.5 0.24890829694323144 0.0985576923076923
0 0.6899563318777293 0.4423076923076923 0.2663755458515284 0.08413461538461539
0 0.7510917030567685 0.39663461538461536 0.2445414847161572 0.06971153846153846
0 0.777292576419214 0.3485576923076923 0.24017467248908297 0.06971153846153846
0 0.7729257641921398 0.28846153846153844 0.2183406113537118 0.0625
0 0.7379912663755459 0.23798076923076922 0.22270742358078602 0.07451923076923077
0 0.6724890829694323 0.20432692307692307 0.18777292576419213 0.06971153846153846
0 0.5851528384279476 0.16346153846153846 0.2052401746724891 0.0625
0 0.5240174672489083 0.12259615384615384 0.19213973799126638 0.05048076923076923
0 0.4585152838427948 0.08173076923076923 0.21397379912663755 0.0625