0 0.5283842794759825 0.07211538461538461 0.18777292576419213 0.057692307692307696
0 0.4672489082969432 0.10576923076923077 0.2096069868995633 0.057692307692307696
0 0.462882096069869 0.15384615384615385 0.1965065502183406 0.057692307692307696
0 0.5109170305676856 0.19951923076923078 0.2096069868995633 0.052884615384615384
0 0.5720524017467249 0.24759615384615385 0.21397379912663755 0.052884615384615384
0 0.6026200873362445 0.2956730769230769 0.23580786026200873 0.0673076923076923
0 0.6200873362445415 0.34615384615384615 0.22707423580786026 0.06971153846153846
0 0.6157205240174672 0.4014423076923077 0.21397379912663755 0.06490384615384616
0 0.5982532751091703 0.4543269230769231 0.2314410480349345 0.07211538461538461
0 0.5764192139737991 0.5120192307692307 0.22270742358078602 0.06971153846153846
0 0.5502183406113537 0.5697115384615384 0.2183406113537118 0.0625
0 0.5502183406113537 0.625 0.22707423580786026 0.06971153846153846
0 0.5283842794759825 0.6826923076923077 0.25327510917030566 0.07451923076923077
0 0.519650655021834 0.7403846153846154 0.24890829694323144 0.07692307692307693
0 0.519650655021834 0.8221153846153846 0.26200873362445415 0.08173076923076923
0 0.519650655021834 0.8774038461538461 0.27510917030567683 0.0625