0 0.5272727272727272 0.15384615384615385 0.22727272727272727 0.04326923076923077
0 0.509090909090909 0.18509615384615385 0.23636363636363636 0.05048076923076923
0 0.4909090909090909 0.21875 0.2636363636363636 0.04807692307692308
0 0.4727272727272727 0.2620192307692308 0.2545454545454545 0.057692307692307696
0 0.4727272727272727 0.30288461538461536 0.2636363636363636 0.04326923076923077
0 0.4636363636363636 0.34134615384615385 0.2727272727272727 0.055288461538461536
0 0.45454545454545453 0.38461538461538464 0.2727272727272727 0.052884615384615384
0 0.45454545454545453 0.4254807692307692 0.2818181818181818 0.04807692307692308
0 0.4636363636363636 0.47115384615384615 0.2545454545454545 0.04807692307692308
0 0.4818181818181818 0.5144230769230769 0.2636363636363636 0.055288461538461536
0 0.5 0.5600961538461539 0.3181818181818182 0.055288461538461536
0 0.509090909090909 0.6081730769230769 0.3090909090909091 0.057692307692307696
0 0.5545454545454546 0.6634615384615384 0.3181818181818182 0.06009615384615385
0 0.5363636363636364 0.7163461538461539 0.33636363636363636 0.055288461538461536
0 0.4818181818181818 0.7764423076923077 0.36363636363636365 0.06971153846153846
0 0.43636363636363634 0.8389423076923077 0.41818181818181815 0.07211538461538461