0 0.5676855895196506 0.8846153846153846 0.33624454148471616 0.06490384615384616
0 0.5502183406113537 0.8149038461538461 0.31004366812227074 0.06490384615384616
0 0.5458515283842795 0.7403846153846154 0.27510917030567683 0.06009615384615385
0 0.5502183406113537 0.6706730769230769 0.26200873362445415 0.0625
0 0.5807860262008734 0.6009615384615384 0.2663755458515284 0.057692307692307696
0 0.6331877729257642 0.5408653846153846 0.29694323144104806 0.052884615384615384
0 0.6855895196506551 0.4807692307692308 0.2663755458515284 0.05048076923076923
0 0.7205240174672489 0.4206730769230769 0.2838427947598253 0.05048076923076923
0 0.7554585152838428 0.3701923076923077 0.2838427947598253 0.04326923076923077
0 0.759825327510917 0.32211538461538464 0.2925764192139738 0.04567307692307692
0 0.7205240174672489 0.27163461538461536 0.2183406113537118 0.04567307692307692
0 0.6637554585152838 0.2283653846153846 0.2183406113537118 0.040865384615384616
0 0.5895196506550219 0.18990384615384615 0.2096069868995633 0.04326923076923077
0 0.5589519650655022 0.1466346153846154 0.2183406113537118 0.038461538461538464
0 0.5240174672489083 0.10817307692307693 0.2314410480349345 0.038461538461538464
0 0.5327510917030568 0.0673076923076923 0.2183406113537118 0.03365384615384615