0 0.4410480349344978 0.8341346153846154 0.2096069868995633 0.07451923076923077
0 0.4585152838427948 0.7548076923076923 0.2183406113537118 0.06971153846153846
0 0.5109170305676856 0.6923076923076923 0.22707423580786026 0.08173076923076923
0 0.6069868995633187 0.625 0.1965065502183406 0.07932692307692307
0 0.6986899563318777 0.5721153846153846 0.19213973799126638 0.07932692307692307
0 0.74235807860262 0.5168269230769231 0.2052401746724891 0.0673076923076923
0 0.7685589519650655 0.4495192307692308 0.2052401746724891 0.06971153846153846
0 0.777292576419214 0.38461538461538464 0.1965065502183406 0.04807692307692308
0 0.759825327510917 0.34615384615384615 0.1703056768558952 0.055288461538461536
0 0.7248908296943232 0.3125 0.1703056768558952 0.07932692307692307
0 0.6462882096069869 0.27163461538461536 0.18340611353711792 0.06009615384615385
0 0.5545851528384279 0.25 0.18777292576419213 0.08173076923076923
0 0.462882096069869 0.15384615384615385 0.17903930131004367 0.052884615384615384
0 0.49344978165938863 0.20192307692307693 0.18340611353711792 0.0673076923076923
0 0.4497816593886463 0.10817307692307693 0.15283842794759825 0.052884615384615384