0 0.4192139737991266 0.09375 0.20087336244541484 0.04567307692307692
0 0.4104803493449782 0.1346153846153846 0.19213973799126638 0.05048076923076923
0 0.44541484716157204 0.18990384615384615 0.19213973799126638 0.0625
0 0.49344978165938863 0.23798076923076922 0.2096069868995633 0.07451923076923077
0 0.6069868995633187 0.28365384615384615 0.25327510917030566 0.07692307692307693
0 0.7205240174672489 0.31971153846153844 0.22707423580786026 0.08413461538461539
0 0.7554585152838428 0.3701923076923077 0.2445414847161572 0.07932692307692307
0 0.777292576419214 0.4254807692307692 0.24890829694323144 0.06490384615384616
0 0.7292576419213974 0.47115384615384615 0.2838427947598253 0.08413461538461539
0 0.611353711790393 0.5192307692307693 0.27510917030567683 0.08173076923076923
0 0.5109170305676856 0.5649038461538461 0.28820960698689957 0.08413461538461539
0 0.43231441048034935 0.6201923076923077 0.3056768558951965 0.07211538461538461
0 0.38427947598253276 0.6875 0.2794759825327511 0.07692307692307693
0 0.40611353711790393 0.7692307692307693 0.2794759825327511 0.09134615384615384
0 0.462882096069869 0.84375 0.31877729257641924 0.0889423076923077
0 0.5458515283842795 0.9086538461538461 0.37117903930131 0.0985576923076923