0 0.36774193548387096 0.6875 0.4064516129032258 0.04567307692307692
0 0.3225806451612903 0.625 0.38064516129032255 0.05048076923076923
0 0.3161290322580645 0.5745192307692307 0.3935483870967742 0.040865384615384616
0 0.36129032258064514 0.5240384615384616 0.45806451612903226 0.05048076923076923
0 0.4774193548387097 0.47115384615384615 0.5032258064516129 0.036057692307692304
0 0.567741935483871 0.4567307692307692 0.535483870967742 0.040865384615384616
0 0.6580645161290323 0.32211538461538464 0.5548387096774193 0.04807692307692308
0 0.6 0.2932692307692308 0.4129032258064516 0.03365384615384615
0 0.5419354838709678 0.2668269230769231 0.3935483870967742 0.04326923076923077
0 0.4967741935483871 0.23798076923076922 0.3161290322580645 0.028846153846153848
0 0.4774193548387097 0.2091346153846154 0.3935483870967742 0.04567307692307692
0 0.4645161290322581 0.17548076923076922 0.4838709677419355 0.038461538461538464
0 0.6967741935483871 0.3798076923076923 0.432258064516129 0.040865384615384616
0 0.632258064516129 0.4230769230769231 0.4258064516129032 0.04326923076923077
0 0.4774193548387097 0.13942307692307693 0.3548387096774194 0.03125