0 0.5458515283842795 0.8197115384615384 0.3406113537117904 0.06490384615384616
0 0.5240174672489083 0.7548076923076923 0.34497816593886466 0.07451923076923077
0 0.4847161572052402 0.6947115384615384 0.3318777292576419 0.057692307692307696
0 0.4847161572052402 0.6274038461538461 0.2838427947598253 0.0673076923076923
0 0.4978165938864629 0.5600961538461539 0.28820960698689957 0.057692307692307696
0 0.5021834061135371 0.5 0.2794759825327511 0.052884615384615384
0 0.4978165938864629 0.4423076923076923 0.2576419213973799 0.05048076923076923
0 0.5152838427947598 0.3918269230769231 0.24890829694323144 0.05048076923076923
0 0.4978165938864629 0.34134615384615385 0.2314410480349345 0.04807692307692308
0 0.48034934497816595 0.29086538461538464 0.2445414847161572 0.05048076923076923
0 0.47161572052401746 0.24519230769230768 0.24890829694323144 0.055288461538461536
0 0.4497816593886463 0.1971153846153846 0.25327510917030566 0.055288461538461536
0 0.4585152838427948 0.15144230769230768 0.2314410480349345 0.055288461538461536
0 0.462882096069869 0.10817307692307693 0.21397379912663755 0.04807692307692308
0 0.47161572052401746 0.06009615384615385 0.19213973799126638 0.04567307692307692