0 0.4318181818181818 0.07692307692307693 0.26136363636363635 0.03365384615384615
0 0.4431818181818182 0.10817307692307693 0.2727272727272727 0.036057692307692304
0 0.4318181818181818 0.14182692307692307 0.23863636363636365 0.038461538461538464
0 0.45454545454545453 0.1778846153846154 0.2727272727272727 0.04326923076923077
0 0.48863636363636365 0.21153846153846154 0.2727272727272727 0.04567307692307692
0 0.5454545454545454 0.24759615384615385 0.2727272727272727 0.04567307692307692
0 0.5795454545454546 0.28365384615384615 0.29545454545454547 0.036057692307692304
0 0.5909090909090909 0.31971153846153844 0.32954545454545453 0.04326923076923077
0 0.5340909090909091 0.3605769230769231 0.32954545454545453 0.05048076923076923
0 0.5 0.40625 0.3522727272727273 0.05048076923076923
0 0.45454545454545453 0.4495192307692308 0.3409090909090909 0.052884615384615384
0 0.4090909090909091 0.49759615384615385 0.3522727272727273 0.052884615384615384
0 0.375 0.5480769230769231 0.36363636363636365 0.057692307692307696
0 0.375 0.6033653846153846 0.3522727272727273 0.055288461538461536
0 0.3977272727272727 0.6634615384615384 0.4318181818181818 0.0673076923076923
0 0.42045454545454547 0.7139423076923077 0.4090909090909091 0.05048076923076923