0 0.45414847161572053 0.8221153846153846 0.36681222707423583 0.07932692307692307
0 0.40611353711790393 0.7475961538461539 0.314410480349345 0.07451923076923077
0 0.4104803493449782 0.6875 0.34497816593886466 0.07211538461538461
0 0.4279475982532751 0.625 0.2925764192139738 0.06971153846153846
0 0.4759825327510917 0.5600961538461539 0.2838427947598253 0.07451923076923077
0 0.5327510917030568 0.5096153846153846 0.3056768558951965 0.06971153846153846
0 0.6026200873362445 0.4567307692307692 0.32751091703056767 0.07451923076923077
0 0.5982532751091703 0.39663461538461536 0.3406113537117904 0.057692307692307696
0 0.5676855895196506 0.34375 0.2838427947598253 0.05048076923076923
0 0.5240174672489083 0.2956730769230769 0.2794759825327511 0.0625
0 0.462882096069869 0.24759615384615385 0.31004366812227074 0.052884615384615384
0 0.4104803493449782 0.18990384615384615 0.26200873362445415 0.057692307692307696
0 0.40611353711790393 0.1466346153846154 0.2663755458515284 0.04807692307692308
0 0.4017467248908297 0.10336538461538461 0.2183406113537118 0.04567307692307692
0 0.388646288209607 0.0625 0.23580786026200873 0.04326923076923077