0 0.4847161572052402 0.8125 0.24017467248908297 0.07692307692307693
0 0.44541484716157204 0.7379807692307693 0.24890829694323144 0.06971153846153846
0 0.4192139737991266 0.6658653846153846 0.2445414847161572 0.07932692307692307
0 0.45414847161572053 0.6033653846153846 0.2314410480349345 0.08413461538461539
0 0.5502183406113537 0.5504807692307693 0.21397379912663755 0.09134615384615384
0 0.6550218340611353 0.49759615384615385 0.2052401746724891 0.07692307692307693
0 0.74235807860262 0.44711538461538464 0.21397379912663755 0.0673076923076923
0 0.7816593886462883 0.40384615384615385 0.2183406113537118 0.057692307692307696
0 0.7816593886462883 0.34375 0.18340611353711792 0.0625
0 0.74235807860262 0.3004807692307692 0.17903930131004367 0.07451923076923077
0 0.6724890829694323 0.2548076923076923 0.1965065502183406 0.0673076923076923
0 0.5851528384279476 0.21153846153846154 0.1572052401746725 0.06009615384615385
0 0.5283842794759825 0.17548076923076922 0.15283842794759825 0.04807692307692308
0 0.48034934497816595 0.1346153846153846 0.18340611353711792 0.055288461538461536
0 0.4410480349344978 0.0889423076923077 0.15283842794759825 0.052884615384615384