0 0.656934306569343 0.7403846153846154 0.31386861313868614 0.04326923076923077
0 0.708029197080292 0.6923076923076923 0.2773722627737226 0.04567307692307692
0 0.7153284671532847 0.6418269230769231 0.2846715328467153 0.03365384615384615
0 0.708029197080292 0.6033653846153846 0.29927007299270075 0.028846153846153848
0 0.6715328467153284 0.5649038461538461 0.29927007299270075 0.036057692307692304
0 0.6423357664233577 0.5288461538461539 0.24817518248175183 0.03365384615384615
0 0.6131386861313869 0.4951923076923077 0.22627737226277372 0.03125
0 0.6131386861313869 0.46153846153846156 0.20437956204379562 0.028846153846153848
0 0.6058394160583942 0.42788461538461536 0.17518248175182483 0.028846153846153848
0 0.6058394160583942 0.39663461538461536 0.15328467153284672 0.026442307692307692
0 0.6131386861313869 0.3701923076923077 0.1678832116788321 0.026442307692307692
0 0.6204379562043796 0.34134615384615385 0.15328467153284672 0.028846153846153848
0 0.6131386861313869 0.3125 0.18248175182481752 0.028846153846153848
0 0.6131386861313869 0.28365384615384615 0.1678832116788321 0.026442307692307692
0 0.6277372262773723 0.25721153846153844 0.145985401459854 0.02403846153846154
0 0.6423357664233577 0.23076923076923078 0.145985401459854 0.02403846153846154