0 0.44541484716157204 0.9254807692307693 0.22270742358078602 0.06490384615384616
0 0.4192139737991266 0.8509615384615384 0.2096069868995633 0.0673076923076923
0 0.42358078602620086 0.7788461538461539 0.19213973799126638 0.07211538461538461
0 0.4672489082969432 0.7139423076923077 0.18340611353711792 0.06971153846153846
0 0.5240174672489083 0.6514423076923077 0.17903930131004367 0.07211538461538461
0 0.5807860262008734 0.5865384615384616 0.2052401746724891 0.08413461538461539
0 0.6157205240174672 0.5288461538461539 0.21397379912663755 0.06009615384615385
0 0.6593886462882096 0.47596153846153844 0.20087336244541484 0.052884615384615384
0 0.6506550218340611 0.4254807692307692 0.2052401746724891 0.04807692307692308
0 0.6200873362445415 0.3942307692307692 0.2445414847161572 0.04567307692307692
0 0.42358078602620086 0.18269230769230768 0.16593886462882096 0.04326923076923077
0 0.5938864628820961 0.34615384615384615 0.22707423580786026 0.057692307692307696
0 0.4279475982532751 0.22355769230769232 0.18777292576419213 0.04326923076923077
0 0.47161572052401746 0.2644230769230769 0.2052401746724891 0.0625