0 0.4847161572052402 0.038461538461538464 0.22707423580786026 0.055288461538461536
0 0.5021834061135371 0.07451923076923077 0.22270742358078602 0.052884615384615384
0 0.537117903930131 0.11778846153846154 0.2314410480349345 0.052884615384615384
0 0.5676855895196506 0.16826923076923078 0.2314410480349345 0.0625
0 0.5720524017467249 0.21394230769230768 0.22707423580786026 0.057692307692307696
0 0.5720524017467249 0.2620192307692308 0.24890829694323144 0.0625
0 0.5458515283842795 0.3173076923076923 0.2445414847161572 0.06971153846153846
0 0.4847161572052402 0.3605769230769231 0.2576419213973799 0.07451923076923077
0 0.42358078602620086 0.4110576923076923 0.27074235807860264 0.08173076923076923
0 0.36681222707423583 0.45913461538461536 0.2794759825327511 0.06971153846153846
0 0.3406113537117904 0.53125 0.314410480349345 0.08413461538461539
0 0.33624454148471616 0.6009615384615384 0.314410480349345 0.0673076923076923
0 0.3624454148471616 0.6658653846153846 0.3056768558951965 0.07211538461538461
0 0.43231441048034935 0.7259615384615384 0.3406113537117904 0.06971153846153846
0 0.5065502183406113 0.7860576923076923 0.3406113537117904 0.0889423076923077
0 0.5502183406113537 0.8629807692307693 0.3318777292576419 0.07692307692307693
0 0.5895196506550219 0.9230769230769231 0.34497816593886466 0.07932692307692307