0 0.5180722891566265 0.11298076923076923 0.1746987951807229 0.03125
0 0.5240963855421686 0.14182692307692307 0.14457831325301204 0.04326923076923077
0 0.5240963855421686 0.17307692307692307 0.13253012048192772 0.04326923076923077
0 0.5180722891566265 0.20673076923076922 0.13855421686746988 0.04326923076923077
0 0.5180722891566265 0.24519230769230768 0.15060240963855423 0.04567307692307692
0 0.5120481927710844 0.28125 0.15060240963855423 0.038461538461538464
0 0.5120481927710844 0.3173076923076923 0.13253012048192772 0.04567307692307692
0 0.5 0.3581730769230769 0.16265060240963855 0.040865384615384616
0 0.4939759036144578 0.39663461538461536 0.16265060240963855 0.052884615384615384
0 0.4759036144578313 0.43990384615384615 0.1746987951807229 0.055288461538461536
0 0.43373493975903615 0.4807692307692308 0.1746987951807229 0.057692307692307696
0 0.39759036144578314 0.5288461538461539 0.19879518072289157 0.0625
0 0.3855421686746988 0.5745192307692307 0.21686746987951808 0.06490384615384616
0 0.39156626506024095 0.6322115384615384 0.24096385542168675 0.06490384615384616
0 0.42168674698795183 0.6899038461538461 0.24096385542168675 0.07211538461538461
0 0.4578313253012048 0.75 0.2289156626506024 0.07692307692307693