0 0.4697986577181208 0.3557692307692308 0.11409395973154363 0.03125
0 0.47651006711409394 0.3894230769230769 0.12080536912751678 0.028846153846153848
0 0.48322147651006714 0.4182692307692308 0.11409395973154363 0.03125
0 0.4899328859060403 0.44471153846153844 0.12080536912751678 0.028846153846153848
0 0.4697986577181208 0.47596153846153844 0.11409395973154363 0.03125
0 0.4697986577181208 0.5120192307692307 0.1342281879194631 0.036057692307692304
0 0.44966442953020136 0.5456730769230769 0.1610738255033557 0.040865384615384616
0 0.4563758389261745 0.5889423076923077 0.15436241610738255 0.04326923076923077
0 0.44966442953020136 0.6322115384615384 0.15436241610738255 0.04326923076923077
0 0.4563758389261745 0.6778846153846154 0.16778523489932887 0.04326923076923077
0 0.47651006711409394 0.7211538461538461 0.20134228187919462 0.04807692307692308
0 0.5167785234899329 0.7668269230769231 0.21476510067114093 0.036057692307692304
0 0.5234899328859061 0.8028846153846154 0.20134228187919462 0.040865384615384616
0 0.4697986577181208 0.3293269230769231 0.10067114093959731 0.028846153846153848
0 0.4697986577181208 0.30288461538461536 0.10067114093959731 0.026442307692307692