0 0.4032258064516129 0.24519230769230768 0.12903225806451613 0.021634615384615384
0 0.4112903225806452 0.2692307692307692 0.11290322580645161 0.026442307692307692
0 0.41935483870967744 0.2956730769230769 0.12903225806451613 0.028846153846153848
0 0.4274193548387097 0.32211538461538464 0.12096774193548387 0.028846153846153848
0 0.43548387096774194 0.3485576923076923 0.12903225806451613 0.03125
0 0.4596774193548387 0.37740384615384615 0.12903225806451613 0.03365384615384615
0 0.47580645161290325 0.40384615384615385 0.12903225806451613 0.03125
0 0.49193548387096775 0.43509615384615385 0.13709677419354838 0.03125
0 0.49193548387096775 0.46634615384615385 0.1532258064516129 0.03125
0 0.4838709677419355 0.5 0.1774193548387097 0.038461538461538464
0 0.46774193548387094 0.5384615384615384 0.1935483870967742 0.040865384615384616
0 0.4596774193548387 0.5793269230769231 0.18548387096774194 0.04326923076923077
0 0.4596774193548387 0.6225961538461539 0.18548387096774194 0.04326923076923077
0 0.49193548387096775 0.6658653846153846 0.20161290322580644 0.04807692307692308
0 0.532258064516129 0.7115384615384616 0.20967741935483872 0.05048076923076923
0 0.5806451612903226 0.7524038461538461 0.25 0.038461538461538464