0 0.46153846153846156 0.8341346153846154 0.34375 0.057692307692307696
0 0.41346153846153844 0.7524038461538461 0.2932692307692308 0.0673076923076923
0 0.41346153846153844 0.6802884615384616 0.31490384615384615 0.06971153846153846
0 0.4375 0.6225961538461539 0.28846153846153844 0.07692307692307693
0 0.46875 0.5649038461538461 0.28365384615384615 0.0673076923076923
0 0.5336538461538461 0.5096153846153846 0.2956730769230769 0.06971153846153846
0 0.5817307692307693 0.4543269230769231 0.2932692307692308 0.08413461538461539
0 0.5985576923076923 0.3918269230769231 0.2692307692307692 0.0673076923076923
0 0.5721153846153846 0.3485576923076923 0.2548076923076923 0.07211538461538461
0 0.5168269230769231 0.2932692307692308 0.2403846153846154 0.07451923076923077
0 0.4543269230769231 0.24278846153846154 0.24278846153846154 0.06971153846153846
0 0.4182692307692308 0.19951923076923078 0.2548076923076923 0.07451923076923077
0 0.39903846153846156 0.16105769230769232 0.25 0.07692307692307693
0 0.39903846153846156 0.11057692307692307 0.23557692307692307 0.07211538461538461
0 0.40865384615384615 0.07211538461538461 0.24519230769230768 0.06009615384615385