0 0.4890829694323144 0.09375 0.19213973799126638 0.04326923076923077
0 0.5152838427947598 0.14423076923076922 0.21397379912663755 0.04807692307692308
0 0.5240174672489083 0.19471153846153846 0.20087336244541484 0.055288461538461536
0 0.5633187772925764 0.24519230769230768 0.1965065502183406 0.04807692307692308
0 0.5633187772925764 0.30288461538461536 0.2183406113537118 0.04567307692307692
0 0.5545851528384279 0.3581730769230769 0.20087336244541484 0.06009615384615385
0 0.5240174672489083 0.41346153846153844 0.20087336244541484 0.05048076923076923
0 0.4890829694323144 0.4567307692307692 0.2052401746724891 0.06490384615384616
0 0.4192139737991266 0.5024038461538461 0.21397379912663755 0.07692307692307693
0 0.36681222707423583 0.5745192307692307 0.22707423580786026 0.0673076923076923
0 0.37554585152838427 0.6322115384615384 0.28820960698689957 0.0625
0 0.3930131004366812 0.6899038461538461 0.3056768558951965 0.052884615384615384
0 0.4366812227074236 0.7620192307692307 0.30131004366812225 0.07451923076923077
0 0.49344978165938863 0.8269230769230769 0.29694323144104806 0.08653846153846154
0 0.5720524017467249 0.9014423076923077 0.3799126637554585 0.0625