0 0.5578231292517006 0.5120192307692307 0.23809523809523808 0.026442307692307692
0 0.5578231292517006 0.5456730769230769 0.22448979591836735 0.026442307692307692
0 0.54421768707483 0.5817307692307693 0.21768707482993196 0.028846153846153848
0 0.5306122448979592 0.6201923076923077 0.23129251700680273 0.03125
0 0.5170068027210885 0.6586538461538461 0.23129251700680273 0.03125
0 0.5170068027210885 0.7019230769230769 0.24489795918367346 0.03125
0 0.5578231292517006 0.4807692307692308 0.21768707482993196 0.02403846153846154
0 0.5510204081632653 0.4495192307692308 0.20408163265306123 0.021634615384615384
0 0.5578231292517006 0.4254807692307692 0.20408163265306123 0.021634615384615384
0 0.5306122448979592 0.39663461538461536 0.20408163265306123 0.021634615384615384
0 0.5102040816326531 0.3701923076923077 0.19047619047619047 0.02403846153846154
0 0.5034013605442177 0.34615384615384615 0.19727891156462585 0.026442307692307692
0 0.4897959183673469 0.31971153846153844 0.17687074829931973 0.021634615384615384
0 0.4965986394557823 0.29086538461538464 0.16326530612244897 0.02403846153846154
0 0.4965986394557823 0.2668269230769231 0.19047619047619047 0.016826923076923076
0 0.4965986394557823 0.24278846153846154 0.1836734693877551 0.021634615384615384