0 0.5109170305676856 0.08173076923076923 0.19213973799126638 0.0625
0 0.5545851528384279 0.12740384615384615 0.18777292576419213 0.07211538461538461
0 0.5982532751091703 0.16826923076923078 0.20087336244541484 0.06971153846153846
0 0.6244541484716157 0.21153846153846154 0.2052401746724891 0.06490384615384616
0 0.6375545851528385 0.25721153846153844 0.2183406113537118 0.06971153846153846
0 0.6506550218340611 0.3076923076923077 0.21397379912663755 0.0673076923076923
0 0.6419213973799127 0.3629807692307692 0.20087336244541484 0.0625
0 0.6244541484716157 0.41586538461538464 0.20087336244541484 0.07451923076923077
0 0.6026200873362445 0.46875 0.19213973799126638 0.07692307692307693
0 0.5720524017467249 0.5288461538461539 0.17903930131004367 0.07932692307692307
0 0.5502183406113537 0.59375 0.1965065502183406 0.08173076923076923
0 0.519650655021834 0.6490384615384616 0.2096069868995633 0.08173076923076923
0 0.4847161572052402 0.71875 0.22707423580786026 0.08173076923076923
0 0.4585152838427948 0.7836538461538461 0.22270742358078602 0.08173076923076923
0 0.4366812227074236 0.8557692307692307 0.2183406113537118 0.08413461538461539