0 0.462882096069869 0.038461538461538464 0.18777292576419213 0.04807692307692308
0 0.4585152838427948 0.07451923076923077 0.1965065502183406 0.04807692307692308
0 0.4759825327510917 0.11538461538461539 0.18777292576419213 0.055288461538461536
0 0.5152838427947598 0.15625 0.17467248908296942 0.052884615384615384
0 0.5502183406113537 0.20192307692307693 0.17467248908296942 0.05048076923076923
0 0.5851528384279476 0.24519230769230768 0.1965065502183406 0.06971153846153846
0 0.6331877729257642 0.2932692307692308 0.17467248908296942 0.06009615384615385
0 0.62882096069869 0.33653846153846156 0.19213973799126638 0.06009615384615385
0 0.62882096069869 0.38461538461538464 0.20087336244541484 0.06490384615384616
0 0.5938864628820961 0.4326923076923077 0.1965065502183406 0.057692307692307696
0 0.5502183406113537 0.47836538461538464 0.20087336244541484 0.07692307692307693
0 0.4978165938864629 0.5336538461538461 0.21397379912663755 0.07692307692307693
0 0.4585152838427948 0.5913461538461539 0.23580786026200873 0.07211538461538461
0 0.45414847161572053 0.6610576923076923 0.2576419213973799 0.0625
0 0.47161572052401746 0.7355769230769231 0.2445414847161572 0.06971153846153846
0 0.49344978165938863 0.8076923076923077 0.2576419213973799 0.06490384615384616
0 0.5283842794759825 0.8798076923076923 0.27510917030567683 0.06971153846153846