0 0.44 0.09375 0.28 0.03365384615384615
0 0.45 0.125 0.24 0.038461538461538464
0 0.46 0.15384615384615385 0.23 0.038461538461538464
0 0.5 0.18990384615384615 0.27 0.04567307692307692
0 0.51 0.23317307692307693 0.28 0.05048076923076923
0 0.59 0.2668269230769231 0.36 0.0625
0 0.66 0.3076923076923077 0.35 0.06009615384615385
0 0.69 0.3557692307692308 0.35 0.0673076923076923
0 0.69 0.3918269230769231 0.37 0.04807692307692308
0 0.62 0.4230769230769231 0.37 0.06009615384615385
0 0.55 0.4639423076923077 0.34 0.06971153846153846
0 0.44 0.5 0.35 0.07692307692307693
0 0.39 0.5264423076923077 0.38 0.06009615384615385
0 0.28 0.5552884615384616 0.42 0.0625
0 0.23 0.5961538461538461 0.36 0.06009615384615385
0 0.24 0.6442307692307693 0.44 0.07451923076923077
0 0.29 0.7115384615384616 0.43 0.07932692307692307