0 0.519650655021834 0.12740384615384615 0.20087336244541484 0.05048076923076923
0 0.5152838427947598 0.17067307692307693 0.1965065502183406 0.057692307692307696
0 0.5152838427947598 0.21875 0.20087336244541484 0.057692307692307696
0 0.519650655021834 0.27163461538461536 0.20087336244541484 0.0673076923076923
0 0.5240174672489083 0.32211538461538464 0.1965065502183406 0.0625
0 0.5240174672489083 0.375 0.20087336244541484 0.0625
0 0.519650655021834 0.42788461538461536 0.2052401746724891 0.0625
0 0.5152838427947598 0.4807692307692308 0.21397379912663755 0.0673076923076923
0 0.5065502183406113 0.5408653846153846 0.22270742358078602 0.0673076923076923
0 0.5021834061135371 0.5985576923076923 0.24017467248908297 0.0673076923076923
0 0.4847161572052402 0.6634615384615384 0.2576419213973799 0.07211538461538461
0 0.45414847161572053 0.7283653846153846 0.25327510917030566 0.06971153846153846
0 0.43231441048034935 0.7932692307692307 0.26200873362445415 0.07451923076923077
0 0.4148471615720524 0.8581730769230769 0.2794759825327511 0.08173076923076923
0 0.4148471615720524 0.9278846153846154 0.3056768558951965 0.07692307692307693