0 0.45414847161572053 0.09375 0.20087336244541484 0.057692307692307696
0 0.4585152838427948 0.1466346153846154 0.1965065502183406 0.07451923076923077
0 0.48034934497816595 0.1875 0.18777292576419213 0.07451923076923077
0 0.5283842794759825 0.23317307692307693 0.22707423580786026 0.09375
0 0.5938864628820961 0.27163461538461536 0.18777292576419213 0.0889423076923077
0 0.6637554585152838 0.31490384615384615 0.18340611353711792 0.09134615384615384
0 0.7292576419213974 0.3605769230769231 0.2096069868995633 0.08413461538461539
0 0.7554585152838428 0.41346153846153844 0.2052401746724891 0.07451923076923077
0 0.7510917030567685 0.4735576923076923 0.2183406113537118 0.08653846153846154
0 0.7074235807860262 0.53125 0.22707423580786026 0.10336538461538461
0 0.6331877729257642 0.5793269230769231 0.2183406113537118 0.10576923076923077
0 0.5240174672489083 0.625 0.2183406113537118 0.11057692307692307
0 0.40611353711790393 0.6706730769230769 0.24890829694323144 0.0985576923076923
0 0.3537117903930131 0.7331730769230769 0.25327510917030566 0.07211538461538461
0 0.37554585152838427 0.8173076923076923 0.26200873362445415 0.09375
0 0.44541484716157204 0.8798076923076923 0.27074235807860264 0.11538461538461539