0 0.462882096069869 0.03365384615384615 0.23580786026200873 0.052884615384615384
0 0.4672489082969432 0.07932692307692307 0.2314410480349345 0.06009615384615385
0 0.48034934497816595 0.12259615384615384 0.22270742358078602 0.057692307692307696
0 0.5021834061135371 0.16826923076923078 0.22707423580786026 0.055288461538461536
0 0.5327510917030568 0.21875 0.26200873362445415 0.06490384615384616
0 0.5764192139737991 0.2620192307692308 0.2576419213973799 0.06009615384615385
0 0.5982532751091703 0.3076923076923077 0.24890829694323144 0.0625
0 0.6026200873362445 0.35336538461538464 0.24017467248908297 0.06490384615384616
0 0.5676855895196506 0.40384615384615385 0.26200873362445415 0.06490384615384616
0 0.5283842794759825 0.4543269230769231 0.24890829694323144 0.0673076923076923
0 0.4890829694323144 0.5096153846153846 0.27074235807860264 0.08173076923076923
0 0.45414847161572053 0.5625 0.2576419213973799 0.07211538461538461
0 0.42358078602620086 0.6274038461538461 0.2663755458515284 0.07692307692307693
0 0.4017467248908297 0.6947115384615384 0.27074235807860264 0.08173076923076923
0 0.44541484716157204 0.7620192307692307 0.2794759825327511 0.07932692307692307
0 0.4890829694323144 0.8293269230769231 0.2794759825327511 0.07932692307692307