0 0.3537117903930131 0.8125 0.29694323144104806 0.07692307692307693
0 0.35807860262008734 0.7427884615384616 0.3056768558951965 0.07451923076923077
0 0.3930131004366812 0.6706730769230769 0.3056768558951965 0.08173076923076923
0 0.45414847161572053 0.6033653846153846 0.27510917030567683 0.08413461538461539
0 0.5545851528384279 0.5456730769230769 0.22707423580786026 0.0985576923076923
0 0.6681222707423581 0.49759615384615385 0.22707423580786026 0.08413461538461539
0 0.7510917030567685 0.4519230769230769 0.22707423580786026 0.08173076923076923
0 0.8034934497816594 0.3942307692307692 0.2183406113537118 0.0673076923076923
0 0.8165938864628821 0.34375 0.2183406113537118 0.06971153846153846
0 0.7991266375545851 0.2932692307692308 0.2052401746724891 0.07451923076923077
0 0.7336244541484717 0.24759615384615385 0.18340611353711792 0.0673076923076923
0 0.6768558951965066 0.2091346153846154 0.16593886462882096 0.07211538461538461
0 0.6069868995633187 0.17548076923076922 0.15283842794759825 0.07211538461538461
0 0.5458515283842795 0.12980769230769232 0.13100436681222707 0.06009615384615385
0 0.4978165938864629 0.07932692307692307 0.17467248908296942 0.04326923076923077
0 0.38427947598253276 0.8918269230769231 0.314410480349345 0.0673076923076923