0 0.45414847161572053 0.8100961538461539 0.31877729257641924 0.055288461538461536
0 0.42358078602620086 0.7379807692307693 0.2925764192139738 0.057692307692307696
0 0.4104803493449782 0.6682692307692307 0.28820960698689957 0.052884615384615384
0 0.43231441048034935 0.6057692307692307 0.28820960698689957 0.057692307692307696
0 0.4890829694323144 0.5432692307692307 0.2663755458515284 0.057692307692307696
0 0.5240174672489083 0.4879807692307692 0.2663755458515284 0.057692307692307696
0 0.5633187772925764 0.43028846153846156 0.28820960698689957 0.052884615384615384
0 0.5895196506550219 0.3798076923076923 0.28820960698689957 0.057692307692307696
0 0.6026200873362445 0.3293269230769231 0.23580786026200873 0.04807692307692308
0 0.5851528384279476 0.28365384615384615 0.2183406113537118 0.04807692307692308
0 0.5895196506550219 0.23557692307692307 0.22270742358078602 0.04807692307692308
0 0.5633187772925764 0.18990384615384615 0.21397379912663755 0.04567307692307692
0 0.5414847161572053 0.14423076923076922 0.22707423580786026 0.04326923076923077
0 0.5327510917030568 0.09615384615384616 0.2052401746724891 0.04567307692307692
0 0.5109170305676856 0.052884615384615384 0.18777292576419213 0.040865384615384616