0 0.4279475982532751 0.9350961538461539 0.2445414847161572 0.07451923076923077
0 0.40611353711790393 0.8605769230769231 0.22707423580786026 0.08413461538461539
0 0.40611353711790393 0.7788461538461539 0.21397379912663755 0.07211538461538461
0 0.462882096069869 0.7115384615384616 0.20087336244541484 0.08653846153846154
0 0.537117903930131 0.6514423076923077 0.2052401746724891 0.08653846153846154
0 0.611353711790393 0.5841346153846154 0.20087336244541484 0.06971153846153846
0 0.6681222707423581 0.5240384615384616 0.16593886462882096 0.06971153846153846
0 0.7074235807860262 0.47836538461538464 0.20087336244541484 0.07932692307692307
0 0.7074235807860262 0.4206730769230769 0.19213973799126638 0.0625
0 0.4192139737991266 0.1201923076923077 0.1965065502183406 0.04807692307692308
0 0.4148471615720524 0.1658653846153846 0.17467248908296942 0.04326923076923077
0 0.4148471615720524 0.21634615384615385 0.1965065502183406 0.04807692307692308
0 0.4672489082969432 0.2620192307692308 0.21397379912663755 0.07451923076923077
0 0.519650655021834 0.2956730769230769 0.2096069868995633 0.07932692307692307
0 0.6244541484716157 0.3293269230769231 0.2183406113537118 0.07451923076923077
0 0.6724890829694323 0.36778846153846156 0.2445414847161572 0.052884615384615384