0 0.4279475982532751 0.03365384615384615 0.24890829694323144 0.04326923076923077
0 0.43231441048034935 0.07211538461538461 0.26200873362445415 0.05048076923076923
0 0.43231441048034935 0.11298076923076923 0.2445414847161572 0.055288461538461536
0 0.4148471615720524 0.15384615384615385 0.24890829694323144 0.057692307692307696
0 0.43231441048034935 0.20192307692307693 0.2576419213973799 0.0625
0 0.4366812227074236 0.25 0.27074235807860264 0.0625
0 0.45414847161572053 0.30288461538461536 0.2794759825327511 0.06971153846153846
0 0.48034934497816595 0.3557692307692308 0.30131004366812225 0.06971153846153846
0 0.4759825327510917 0.40384615384615385 0.2794759825327511 0.0673076923076923
0 0.4672489082969432 0.4567307692307692 0.3056768558951965 0.07932692307692307
0 0.4366812227074236 0.5168269230769231 0.31004366812227074 0.08413461538461539
0 0.388646288209607 0.5817307692307693 0.3318777292576419 0.07932692307692307
0 0.34934497816593885 0.6394230769230769 0.31004366812227074 0.07211538461538461
0 0.35807860262008734 0.7091346153846154 0.30131004366812225 0.06971153846153846
0 0.39737991266375544 0.7788461538461539 0.314410480349345 0.08413461538461539
0 0.4847161572052402 0.84375 0.31877729257641924 0.0889423076923077
0 0.5807860262008734 0.9134615384615384 0.3799126637554585 0.0889423076923077