0 0.4847161572052402 0.07451923076923077 0.2096069868995633 0.05048076923076923
0 0.48034934497816595 0.11778846153846154 0.21397379912663755 0.052884615384615384
0 0.48034934497816595 0.16105769230769232 0.21397379912663755 0.06009615384615385
0 0.5109170305676856 0.2091346153846154 0.22270742358078602 0.0673076923076923
0 0.5283842794759825 0.25961538461538464 0.22270742358078602 0.0625
0 0.5764192139737991 0.3076923076923077 0.25327510917030566 0.06971153846153846
0 0.611353711790393 0.35336538461538464 0.2445414847161572 0.06971153846153846
0 0.6157205240174672 0.40625 0.25327510917030566 0.06490384615384616
0 0.5982532751091703 0.45913461538461536 0.2663755458515284 0.06971153846153846
0 0.5327510917030568 0.5192307692307693 0.27510917030567683 0.0889423076923077
0 0.4410480349344978 0.5697115384615384 0.2663755458515284 0.09375
0 0.3799126637554585 0.6274038461538461 0.29694323144104806 0.07932692307692307
0 0.37117903930131 0.6899038461538461 0.3056768558951965 0.08173076923076923
0 0.388646288209607 0.7620192307692307 0.3056768558951965 0.0889423076923077
0 0.47161572052401746 0.8293269230769231 0.30131004366812225 0.10817307692307693