0 0.4410480349344978 0.8509615384615384 0.2445414847161572 0.06490384615384616
0 0.4279475982532751 0.7764423076923077 0.22707423580786026 0.0673076923076923
0 0.4279475982532751 0.7043269230769231 0.2052401746724891 0.06971153846153846
0 0.4585152838427948 0.6418269230769231 0.20087336244541484 0.07211538461538461
0 0.4759825327510917 0.5697115384615384 0.1703056768558952 0.07211538461538461
0 0.4978165938864629 0.5144230769230769 0.18340611353711792 0.057692307692307696
0 0.5109170305676856 0.46875 0.18340611353711792 0.0625
0 0.5327510917030568 0.41346153846153844 0.18340611353711792 0.06490384615384616
0 0.5458515283842795 0.36538461538461536 0.18340611353711792 0.06971153846153846
0 0.537117903930131 0.3173076923076923 0.15283842794759825 0.06490384615384616
0 0.5458515283842795 0.27163461538461536 0.13537117903930132 0.052884615384615384
0 0.5545851528384279 0.22355769230769232 0.14410480349344978 0.05048076923076923
0 0.5633187772925764 0.17548076923076922 0.13973799126637554 0.057692307692307696
0 0.5589519650655022 0.13221153846153846 0.11790393013100436 0.04326923076923077
0 0.5545851528384279 0.08653846153846154 0.13973799126637554 0.05048076923076923
0 0.4585152838427948 0.9182692307692307 0.30131004366812225 0.057692307692307696