0 0.4192139737991266 0.07932692307692307 0.23580786026200873 0.04567307692307692
0 0.4148471615720524 0.12980769230769232 0.23580786026200873 0.04567307692307692
0 0.4410480349344978 0.17307692307692307 0.27074235807860264 0.052884615384615384
0 0.462882096069869 0.21875 0.27074235807860264 0.06490384615384616
0 0.4497816593886463 0.28125 0.25327510917030566 0.057692307692307696
0 0.4410480349344978 0.3389423076923077 0.27510917030567683 0.06009615384615385
0 0.45414847161572053 0.39663461538461536 0.24890829694323144 0.06009615384615385
0 0.48034934497816595 0.44471153846153844 0.2925764192139738 0.0673076923076923
0 0.5283842794759825 0.49038461538461536 0.27074235807860264 0.07211538461538461
0 0.5720524017467249 0.5456730769230769 0.3318777292576419 0.04807692307692308
0 0.5676855895196506 0.6033653846153846 0.33624454148471616 0.0625
0 0.537117903930131 0.6682692307692307 0.31004366812227074 0.06009615384615385
0 0.5109170305676856 0.7427884615384616 0.32751091703056767 0.06490384615384616
0 0.5109170305676856 0.8076923076923077 0.34497816593886466 0.055288461538461536
0 0.5152838427947598 0.875 0.3056768558951965 0.07211538461538461
0 0.5283842794759825 0.9495192307692307 0.3231441048034934 0.06490384615384616