0 0.47560975609756095 0.6129807692307693 0.22560975609756098 0.04567307692307692
0 0.4695121951219512 0.6610576923076923 0.22560975609756098 0.036057692307692304
0 0.5 0.5697115384615384 0.2621951219512195 0.03365384615384615
0 0.5426829268292683 0.5240384615384616 0.27439024390243905 0.040865384615384616
0 0.6036585365853658 0.4879807692307692 0.23170731707317074 0.028846153846153848
0 0.6524390243902439 0.4519230769230769 0.20121951219512196 0.03125
0 0.7073170731707317 0.4182692307692308 0.1951219512195122 0.03365384615384615
0 0.7439024390243902 0.3798076923076923 0.21341463414634146 0.03365384615384615
0 0.7682926829268293 0.34615384615384615 0.18292682926829268 0.036057692307692304
0 0.7682926829268293 0.3125 0.17682926829268292 0.026442307692307692
0 0.75 0.2860576923076923 0.16463414634146342 0.021634615384615384
0 0.725609756097561 0.2644230769230769 0.17682926829268292 0.01201923076923077
0 0.6829268292682927 0.24759615384615385 0.1402439024390244 0.01201923076923077
0 0.6402439024390244 0.2283653846153846 0.17073170731707318 0.014423076923076924
0 0.6219512195121951 0.21153846153846154 0.18902439024390244 0.007211538461538462
0 0.573170731707317 0.19230769230769232 0.17682926829268292 0.014423076923076924