0 0.3537117903930131 0.8701923076923077 0.33624454148471616 0.07451923076923077
0 0.42358078602620086 0.7980769230769231 0.2925764192139738 0.08173076923076923
0 0.5545851528384279 0.7427884615384616 0.2794759825327511 0.09134615384615384
0 0.6375545851528385 0.6802884615384616 0.29694323144104806 0.07692307692307693
0 0.6637554585152838 0.6153846153846154 0.29694323144104806 0.06009615384615385
0 0.6593886462882096 0.5528846153846154 0.32751091703056767 0.06971153846153846
0 0.6244541484716157 0.49278846153846156 0.29694323144104806 0.06009615384615385
0 0.5851528384279476 0.4375 0.27510917030567683 0.057692307692307696
0 0.5502183406113537 0.3894230769230769 0.2445414847161572 0.06490384615384616
0 0.5414847161572053 0.34134615384615385 0.2445414847161572 0.055288461538461536
0 0.5109170305676856 0.2956730769230769 0.22707423580786026 0.057692307692307696
0 0.5065502183406113 0.23798076923076922 0.23580786026200873 0.055288461538461536
0 0.49344978165938863 0.18990384615384615 0.2314410480349345 0.052884615384615384
0 0.5109170305676856 0.13701923076923078 0.20087336244541484 0.04326923076923077
0 0.519650655021834 0.10336538461538461 0.22270742358078602 0.052884615384615384