0 0.44541484716157204 0.06009615384615385 0.17903930131004367 0.05048076923076923
0 0.4585152838427948 0.10576923076923077 0.17467248908296942 0.05048076923076923
0 0.49344978165938863 0.14903846153846154 0.18777292576419213 0.052884615384615384
0 0.537117903930131 0.19230769230769232 0.17467248908296942 0.057692307692307696
0 0.5895196506550219 0.23076923076923078 0.18340611353711792 0.057692307692307696
0 0.6506550218340611 0.27163461538461536 0.21397379912663755 0.06490384615384616
0 0.7117903930131004 0.3173076923076923 0.2096069868995633 0.06971153846153846
0 0.7554585152838428 0.36538461538461536 0.2183406113537118 0.06490384615384616
0 0.7685589519650655 0.4206730769230769 0.2096069868995633 0.07211538461538461
0 0.7510917030567685 0.47836538461538464 0.20087336244541484 0.0673076923076923
0 0.7205240174672489 0.5288461538461539 0.2096069868995633 0.07692307692307693
0 0.6419213973799127 0.5841346153846154 0.2576419213973799 0.08173076923076923
0 0.5676855895196506 0.6394230769230769 0.25327510917030566 0.10096153846153846
0 0.4672489082969432 0.6923076923076923 0.26200873362445415 0.09375
0 0.3799126637554585 0.7596153846153846 0.27074235807860264 0.0889423076923077
0 0.32751091703056767 0.8389423076923077 0.26200873362445415 0.09375