0 0.45394736842105265 0.75 0.4276315789473684 0.04807692307692308
0 0.35526315789473684 0.7019230769230769 0.3881578947368421 0.052884615384615384
0 0.3026315789473684 0.6466346153846154 0.3223684210526316 0.04807692307692308
0 0.3223684210526316 0.59375 0.3684210526315789 0.05048076923076923
0 0.4144736842105263 0.5552884615384616 0.34868421052631576 0.052884615384615384
0 0.5197368421052632 0.5264423076923077 0.34868421052631576 0.06009615384615385
0 0.6118421052631579 0.5 0.3223684210526316 0.0625
0 0.6776315789473685 0.46875 0.3026315789473684 0.05048076923076923
0 0.7302631578947368 0.43509615384615385 0.28289473684210525 0.040865384615384616
0 0.7368421052631579 0.4014423076923077 0.26973684210526316 0.040865384615384616
0 0.7171052631578947 0.3629807692307692 0.24342105263157895 0.038461538461538464
0 0.6644736842105263 0.3317307692307692 0.2631578947368421 0.04326923076923077
0 0.631578947368421 0.30528846153846156 0.3026315789473684 0.04567307692307692
0 0.5723684210526315 0.2764423076923077 0.2565789473684211 0.052884615384615384
0 0.5328947368421053 0.24519230769230768 0.29605263157894735 0.052884615384615384
0 0.4868421052631579 0.2091346153846154 0.23026315789473684 0.052884615384615384