0 0.4978165938864629 0.125 0.14847161572052403 0.052884615384615384
0 0.4672489082969432 0.17307692307692307 0.1703056768558952 0.0625
0 0.45414847161572053 0.22355769230769232 0.1965065502183406 0.06009615384615385
0 0.4366812227074236 0.2764423076923077 0.19213973799126638 0.06971153846153846
0 0.43231441048034935 0.3245192307692308 0.18340611353711792 0.06490384615384616
0 0.43231441048034935 0.37259615384615385 0.17903930131004367 0.0625
0 0.4410480349344978 0.42788461538461536 0.19213973799126638 0.0673076923076923
0 0.462882096069869 0.4831730769230769 0.2052401746724891 0.07211538461538461
0 0.4890829694323144 0.5480769230769231 0.2052401746724891 0.07692307692307693
0 0.5109170305676856 0.5985576923076923 0.2096069868995633 0.07932692307692307
0 0.5240174672489083 0.6634615384615384 0.22270742358078602 0.07692307692307693
0 0.5327510917030568 0.7283653846153846 0.22270742358078602 0.07451923076923077
0 0.537117903930131 0.7884615384615384 0.2576419213973799 0.07692307692307693
0 0.5327510917030568 0.8509615384615384 0.26200873362445415 0.07932692307692307
0 0.5240174672489083 0.9254807692307693 0.2925764192139738 0.08173076923076923