0 0.4890829694323144 0.9278846153846154 0.23580786026200873 0.06971153846153846
0 0.4672489082969432 0.8461538461538461 0.2183406113537118 0.06971153846153846
0 0.4410480349344978 0.7716346153846154 0.22707423580786026 0.06971153846153846
0 0.4279475982532751 0.6971153846153846 0.1965065502183406 0.057692307692307696
0 0.4410480349344978 0.6298076923076923 0.2052401746724891 0.06490384615384616
0 0.4759825327510917 0.5697115384615384 0.17467248908296942 0.07692307692307693
0 0.5152838427947598 0.5144230769230769 0.19213973799126638 0.07211538461538461
0 0.5458515283842795 0.46634615384615385 0.1965065502183406 0.07451923076923077
0 0.5589519650655022 0.4110576923076923 0.2052401746724891 0.0673076923076923
0 0.5633187772925764 0.3557692307692308 0.2096069868995633 0.06490384615384616
0 0.5633187772925764 0.31009615384615385 0.18777292576419213 0.04807692307692308
0 0.5589519650655022 0.2644230769230769 0.18340611353711792 0.052884615384615384
0 0.5327510917030568 0.21634615384615385 0.18777292576419213 0.05048076923076923
0 0.5152838427947598 0.16346153846153846 0.18777292576419213 0.04326923076923077
0 0.5065502183406113 0.12259615384615384 0.16593886462882096 0.052884615384615384
0 0.5065502183406113 0.08173076923076923 0.1703056768558952 0.05048076923076923