0 0.4883720930232558 0.24519230769230768 0.13178294573643412 0.026442307692307692
0 0.49612403100775193 0.2692307692307692 0.13178294573643412 0.03125
0 0.5116279069767442 0.3004807692307692 0.13953488372093023 0.03365384615384615
0 0.5271317829457365 0.3245192307692308 0.15503875968992248 0.03125
0 0.5503875968992248 0.35096153846153844 0.15503875968992248 0.03365384615384615
0 0.5581395348837209 0.38221153846153844 0.14728682170542637 0.036057692307692304
0 0.5581395348837209 0.4110576923076923 0.15503875968992248 0.03365384615384615
0 0.5581395348837209 0.44471153846153844 0.16279069767441862 0.03365384615384615
0 0.5426356589147286 0.47596153846153844 0.15503875968992248 0.03365384615384615
0 0.5271317829457365 0.5096153846153846 0.17054263565891473 0.038461538461538464
0 0.5116279069767442 0.5504807692307693 0.18604651162790697 0.040865384615384616
0 0.49612403100775193 0.5913461538461539 0.18604651162790697 0.040865384615384616
0 0.49612403100775193 0.6370192307692307 0.1937984496124031 0.04567307692307692
0 0.5038759689922481 0.6850961538461539 0.20930232558139536 0.04567307692307692
0 0.5116279069767442 0.7235576923076923 0.20155038759689922 0.038461538461538464
0 0.5116279069767442 0.7620192307692307 0.23255813953488372 0.038461538461538464