0 0.4672489082969432 0.08653846153846154 0.23580786026200873 0.057692307692307696
0 0.4497816593886463 0.125 0.24890829694323144 0.052884615384615384
0 0.4585152838427948 0.16826923076923078 0.26200873362445415 0.052884615384615384
0 0.48034934497816595 0.20673076923076922 0.26200873362445415 0.06009615384615385
0 0.5109170305676856 0.24278846153846154 0.2838427947598253 0.06971153846153846
0 0.5458515283842795 0.28846153846153844 0.30131004366812225 0.06009615384615385
0 0.5720524017467249 0.33413461538461536 0.30131004366812225 0.0673076923076923
0 0.6026200873362445 0.38221153846153844 0.31877729257641924 0.06009615384615385
0 0.611353711790393 0.43509615384615385 0.3231441048034934 0.0625
0 0.6026200873362445 0.4855769230769231 0.3056768558951965 0.057692307692307696
0 0.611353711790393 0.5432692307692307 0.31004366812227074 0.07211538461538461
0 0.5807860262008734 0.6081730769230769 0.30131004366812225 0.08413461538461539
0 0.5458515283842795 0.6802884615384616 0.3231441048034934 0.07932692307692307
0 0.5065502183406113 0.7572115384615384 0.3624454148471616 0.09615384615384616
0 0.47161572052401746 0.8293269230769231 0.3406113537117904 0.09134615384615384