0 0.4497816593886463 0.07932692307692307 0.25327510917030566 0.05048076923076923
0 0.44541484716157204 0.1201923076923077 0.25327510917030566 0.0625
0 0.4497816593886463 0.1658653846153846 0.25327510917030566 0.0625
0 0.4497816593886463 0.21153846153846154 0.314410480349345 0.07211538461538461
0 0.4497816593886463 0.2620192307692308 0.27074235807860264 0.06490384615384616
0 0.4410480349344978 0.31971153846153844 0.26200873362445415 0.0673076923076923
0 0.4366812227074236 0.37259615384615385 0.27510917030567683 0.07932692307692307
0 0.4497816593886463 0.4254807692307692 0.24017467248908297 0.07692307692307693
0 0.4585152838427948 0.4879807692307692 0.24017467248908297 0.07211538461538461
0 0.4585152838427948 0.5408653846153846 0.27510917030567683 0.07451923076923077
0 0.4672489082969432 0.5961538461538461 0.2925764192139738 0.07692307692307693
0 0.4978165938864629 0.6538461538461539 0.34934497816593885 0.08653846153846154
0 0.519650655021834 0.71875 0.37554585152838427 0.08173076923076923
0 0.5502183406113537 0.7860576923076923 0.36681222707423583 0.07211538461538461
0 0.5589519650655022 0.8581730769230769 0.34497816593886466 0.07692307692307693