0 0.4978165938864629 0.04807692307692308 0.2096069868995633 0.04326923076923077
0 0.5021834061135371 0.09134615384615384 0.20087336244541484 0.04807692307692308
0 0.5414847161572053 0.13221153846153846 0.2052401746724891 0.055288461538461536
0 0.5938864628820961 0.18509615384615385 0.2052401746724891 0.055288461538461536
0 0.6244541484716157 0.23317307692307693 0.20087336244541484 0.057692307692307696
0 0.6506550218340611 0.27403846153846156 0.22270742358078602 0.06009615384615385
0 0.6550218340611353 0.31971153846153844 0.2096069868995633 0.055288461538461536
0 0.6550218340611353 0.3701923076923077 0.2445414847161572 0.06009615384615385
0 0.6462882096069869 0.4206730769230769 0.21397379912663755 0.07692307692307693
0 0.6244541484716157 0.4735576923076923 0.2052401746724891 0.06971153846153846
0 0.5938864628820961 0.5192307692307693 0.2096069868995633 0.0673076923076923
0 0.5545851528384279 0.5721153846153846 0.2183406113537118 0.07211538461538461
0 0.5414847161572053 0.6298076923076923 0.2314410480349345 0.07692307692307693
0 0.5283842794759825 0.6947115384615384 0.2314410480349345 0.07932692307692307
0 0.5109170305676856 0.7692307692307693 0.24017467248908297 0.08413461538461539
0 0.4890829694323144 0.8365384615384616 0.2445414847161572 0.06971153846153846
0 0.4672489082969432 0.9014423076923077 0.2663755458515284 0.08653846153846154