0 0.5169491525423728 0.2283653846153846 0.19491525423728814 0.019230769230769232
0 0.5169491525423728 0.2548076923076923 0.1864406779661017 0.021634615384615384
0 0.5254237288135594 0.28125 0.17796610169491525 0.02403846153846154
0 0.5338983050847458 0.3076923076923077 0.19491525423728814 0.02403846153846154
0 0.5338983050847458 0.33413461538461536 0.19491525423728814 0.02403846153846154
0 0.5338983050847458 0.3894230769230769 0.1694915254237288 0.02403846153846154
0 0.5338983050847458 0.3605769230769231 0.17796610169491525 0.021634615384615384
0 0.5338983050847458 0.41586538461538464 0.17796610169491525 0.021634615384615384
0 0.5338983050847458 0.4423076923076923 0.1694915254237288 0.02403846153846154
0 0.5338983050847458 0.4735576923076923 0.17796610169491525 0.02403846153846154
0 0.5423728813559322 0.5048076923076923 0.1864406779661017 0.028846153846153848
0 0.5423728813559322 0.5408653846153846 0.17796610169491525 0.03365384615384615
0 0.5677966101694916 0.5793269230769231 0.2033898305084746 0.03365384615384615
0 0.576271186440678 0.6225961538461539 0.2033898305084746 0.038461538461538464
0 0.5677966101694916 0.6682692307692307 0.23728813559322035 0.04326923076923077
0 0.5508474576271186 0.7115384615384616 0.23728813559322035 0.040865384615384616