0 0.5211267605633803 0.21634615384615385 0.1267605633802817 0.03125
0 0.5 0.24278846153846154 0.1267605633802817 0.02403846153846154
0 0.5 0.2692307692307692 0.11971830985915492 0.036057692307692304
0 0.528169014084507 0.2932692307692308 0.11971830985915492 0.03365384615384615
0 0.5774647887323944 0.3125 0.11971830985915492 0.036057692307692304
0 0.6197183098591549 0.33653846153846156 0.13380281690140844 0.03125
0 0.6267605633802817 0.3629807692307692 0.1619718309859155 0.03365384615384615
0 0.6267605633802817 0.3894230769230769 0.1619718309859155 0.03365384615384615
0 0.6197183098591549 0.4230769230769231 0.15492957746478872 0.036057692307692304
0 0.5985915492957746 0.4543269230769231 0.18309859154929578 0.04326923076923077
0 0.5633802816901409 0.4879807692307692 0.18309859154929578 0.04567307692307692
0 0.528169014084507 0.5288461538461539 0.18309859154929578 0.04567307692307692
0 0.5211267605633803 0.5721153846153846 0.18309859154929578 0.040865384615384616
0 0.5211267605633803 0.6153846153846154 0.19014084507042253 0.04807692307692308
0 0.5422535211267606 0.6634615384615384 0.20422535211267606 0.04567307692307692
0 0.5774647887323944 0.7067307692307693 0.20422535211267606 0.052884615384615384