0 0.48034934497816595 0.8942307692307693 0.27074235807860264 0.08173076923076923
0 0.39737991266375544 0.8293269230769231 0.2925764192139738 0.09375
0 0.3231441048034934 0.7764423076923077 0.2663755458515284 0.07211538461538461
0 0.30131004366812225 0.7019230769230769 0.24890829694323144 0.07211538461538461
0 0.30131004366812225 0.6225961538461539 0.2925764192139738 0.09134615384615384
0 0.3799126637554585 0.5600961538461539 0.24017467248908297 0.0985576923076923
0 0.4759825327510917 0.5072115384615384 0.2183406113537118 0.09134615384615384
0 0.5545851528384279 0.4639423076923077 0.21397379912663755 0.08413461538461539
0 0.6375545851528385 0.4182692307692308 0.21397379912663755 0.052884615384615384
0 0.611353711790393 0.3581730769230769 0.2838427947598253 0.06490384615384616
0 0.5720524017467249 0.3173076923076923 0.3624454148471616 0.0889423076923077
0 0.5240174672489083 0.2668269230769231 0.28820960698689957 0.09375
0 0.34934497816593885 0.057692307692307696 0.21397379912663755 0.036057692307692304
0 0.3406113537117904 0.0985576923076923 0.22270742358078602 0.040865384615384616
0 0.36681222707423583 0.14423076923076922 0.2445414847161572 0.038461538461538464
0 0.43231441048034935 0.18509615384615385 0.25327510917030566 0.06971153846153846
0 0.4847161572052402 0.23076923076923078 0.25327510917030566 0.07932692307692307