0 0.4978165938864629 0.03365384615384615 0.2794759825327511 0.04326923076923077
0 0.5109170305676856 0.06490384615384616 0.28820960698689957 0.052884615384615384
0 0.5240174672489083 0.10336538461538461 0.2576419213973799 0.05048076923076923
0 0.537117903930131 0.14182692307692307 0.26200873362445415 0.05048076923076923
0 0.537117903930131 0.18028846153846154 0.27510917030567683 0.06009615384615385
0 0.5283842794759825 0.23317307692307693 0.25327510917030566 0.0625
0 0.519650655021834 0.2860576923076923 0.24890829694323144 0.0625
0 0.5109170305676856 0.34615384615384615 0.2576419213973799 0.057692307692307696
0 0.4978165938864629 0.40625 0.26200873362445415 0.0625
0 0.5065502183406113 0.4639423076923077 0.29694323144104806 0.06490384615384616
0 0.5021834061135371 0.5192307692307693 0.28820960698689957 0.06009615384615385
0 0.49344978165938863 0.5745192307692307 0.28820960698689957 0.0673076923076923
0 0.4890829694323144 0.625 0.30131004366812225 0.06971153846153846
0 0.4759825327510917 0.6778846153846154 0.3056768558951965 0.07211538461538461
0 0.48034934497816595 0.7355769230769231 0.3056768558951965 0.07451923076923077
0 0.4847161572052402 0.8052884615384616 0.3318777292576419 0.08413461538461539
0 0.49344978165938863 0.8894230769230769 0.34497816593886466 0.08173076923076923
0 0.5021834061135371 0.9567307692307693 0.36681222707423583 0.08173076923076923