0 0.37117903930131 0.8605769230769231 0.2925764192139738 0.09134615384615384
0 0.34497816593886466 0.9399038461538461 0.2925764192139738 0.06971153846153846
0 0.4192139737991266 0.7836538461538461 0.2794759825327511 0.09615384615384616
0 0.5065502183406113 0.7211538461538461 0.2445414847161572 0.09615384615384616
0 0.5895196506550219 0.6586538461538461 0.23580786026200873 0.10336538461538461
0 0.7161572052401747 0.6033653846153846 0.2052401746724891 0.0889423076923077
0 0.7467248908296943 0.53125 0.2445414847161572 0.08413461538461539
0 0.8122270742358079 0.4807692307692308 0.22707423580786026 0.0673076923076923
0 0.8253275109170306 0.41346153846153844 0.24890829694323144 0.06971153846153846
0 0.8209606986899564 0.3581730769230769 0.26200873362445415 0.0625
0 0.7816593886462883 0.3004807692307692 0.20087336244541484 0.06009615384615385
0 0.7336244541484717 0.2692307692307692 0.1965065502183406 0.07692307692307693
0 0.6855895196506551 0.2091346153846154 0.20087336244541484 0.0625
0 0.6200873362445415 0.17067307692307693 0.18340611353711792 0.06971153846153846
0 0.5895196506550219 0.1201923076923077 0.2096069868995633 0.055288461538461536