0 0.7685589519650655 0.7644230769230769 0.2794759825327511 0.07692307692307693
0 0.8078602620087336 0.6923076923076923 0.2576419213973799 0.06971153846153846
0 0.777292576419214 0.6153846153846154 0.2445414847161572 0.06490384615384616
0 0.7205240174672489 0.5504807692307693 0.22270742358078602 0.0673076923076923
0 0.6419213973799127 0.49759615384615385 0.23580786026200873 0.06490384615384616
0 0.5545851528384279 0.4567307692307692 0.22270742358078602 0.0673076923076923
0 0.462882096069869 0.4182692307692308 0.2314410480349345 0.06490384615384616
0 0.43231441048034935 0.3701923076923077 0.24890829694323144 0.06009615384615385
0 0.37117903930131 0.32211538461538464 0.2052401746724891 0.055288461538461536
0 0.33624454148471616 0.2764423076923077 0.17903930131004367 0.04807692307692308
0 0.31877729257641924 0.23317307692307693 0.19213973799126638 0.04807692307692308
0 0.31877729257641924 0.18028846153846154 0.1615720524017467 0.055288461538461536
0 0.32751091703056767 0.13221153846153846 0.1615720524017467 0.05048076923076923
0 0.3406113537117904 0.0889423076923077 0.2052401746724891 0.052884615384615384
0 0.33624454148471616 0.038461538461538464 0.22270742358078602 0.04567307692307692