0 0.4759825327510917 0.8173076923076923 0.3231441048034934 0.07692307692307693
0 0.4759825327510917 0.7379807692307693 0.32751091703056767 0.07692307692307693
0 0.47161572052401746 0.6754807692307693 0.29694323144104806 0.07692307692307693
0 0.48034934497816595 0.6153846153846154 0.2576419213973799 0.06490384615384616
0 0.4759825327510917 0.5456730769230769 0.26200873362445415 0.06490384615384616
0 0.47161572052401746 0.47115384615384615 0.27510917030567683 0.07692307692307693
0 0.47161572052401746 0.3918269230769231 0.27074235807860264 0.07692307692307693
0 0.49344978165938863 0.34134615384615385 0.24890829694323144 0.0673076923076923
0 0.5065502183406113 0.27403846153846156 0.22707423580786026 0.0673076923076923
0 0.5240174672489083 0.22115384615384615 0.2314410480349345 0.057692307692307696
0 0.5240174672489083 0.16826923076923078 0.23580786026200873 0.0673076923076923
0 0.519650655021834 0.11778846153846154 0.23580786026200873 0.04567307692307692
0 0.5065502183406113 0.07692307692307693 0.2576419213973799 0.040865384615384616
0 0.4759825327510917 0.90625 0.40611353711790393 0.08413461538461539
0 0.5152838427947598 0.04567307692307692 0.2663755458515284 0.04567307692307692