0 0.43231441048034935 0.04567307692307692 0.22270742358078602 0.04567307692307692
0 0.4192139737991266 0.08413461538461539 0.20087336244541484 0.04807692307692308
0 0.4192139737991266 0.1346153846153846 0.2183406113537118 0.055288461538461536
0 0.4497816593886463 0.18269230769230768 0.2445414847161572 0.0625
0 0.5065502183406113 0.23076923076923078 0.23580786026200873 0.0625
0 0.5982532751091703 0.27163461538461536 0.22707423580786026 0.06490384615384616
0 0.7074235807860262 0.3173076923076923 0.26200873362445415 0.06971153846153846
0 0.777292576419214 0.37259615384615385 0.27074235807860264 0.06971153846153846
0 0.777292576419214 0.4254807692307692 0.25327510917030566 0.07451923076923077
0 0.7248908296943232 0.4855769230769231 0.25327510917030566 0.07211538461538461
0 0.6200873362445415 0.5240384615384616 0.24890829694323144 0.07451923076923077
0 0.5240174672489083 0.5673076923076923 0.2838427947598253 0.08173076923076923
0 0.4192139737991266 0.6274038461538461 0.2925764192139738 0.07692307692307693
0 0.35807860262008734 0.6995192307692307 0.2663755458515284 0.07451923076923077
0 0.3930131004366812 0.7788461538461539 0.29694323144104806 0.08173076923076923
0 0.4410480349344978 0.8557692307692307 0.314410480349345 0.07932692307692307
0 0.5109170305676856 0.9206730769230769 0.3537117903930131 0.08173076923076923