0 0.515625 0.22596153846153846 0.10416666666666667 0.021634615384615384
0 0.515625 0.25 0.09375 0.02403846153846154
0 0.5260416666666666 0.2764423076923077 0.09895833333333333 0.02403846153846154
0 0.5572916666666666 0.2980769230769231 0.10416666666666667 0.028846153846153848
0 0.6041666666666666 0.3173076923076923 0.09895833333333333 0.03125
0 0.640625 0.3389423076923077 0.10416666666666667 0.026442307692307692
0 0.671875 0.35096153846153844 0.13020833333333334 0.03125
0 0.6875 0.375 0.13541666666666666 0.038461538461538464
0 0.6822916666666666 0.40384615384615385 0.13020833333333334 0.038461538461538464
0 0.6614583333333334 0.42788461538461536 0.140625 0.038461538461538464
0 0.625 0.4519230769230769 0.15104166666666666 0.04567307692307692
0 0.5625 0.47115384615384615 0.13020833333333334 0.040865384615384616
0 0.515625 0.49278846153846156 0.14583333333333334 0.04326923076923077
0 0.4739583333333333 0.5240384615384616 0.140625 0.040865384615384616
0 0.4479166666666667 0.5600961538461539 0.14583333333333334 0.038461538461538464
0 0.46875 0.6057692307692307 0.13541666666666666 0.036057692307692304