0 0.3799126637554585 0.84375 0.4585152838427948 0.0673076923076923
0 0.2794759825327511 0.7692307692307693 0.35807860262008734 0.0673076923076923
0 0.26200873362445415 0.7043269230769231 0.36681222707423583 0.06490384615384616
0 0.33624454148471616 0.6370192307692307 0.3624454148471616 0.07932692307692307
0 0.4192139737991266 0.5697115384615384 0.34934497816593885 0.08173076923076923
0 0.5720524017467249 0.5120192307692307 0.3056768558951965 0.07451923076923077
0 0.6812227074235808 0.4543269230769231 0.2794759825327511 0.06971153846153846
0 0.7860262008733624 0.40384615384615385 0.3056768558951965 0.07211538461538461
0 0.8253275109170306 0.3557692307692308 0.2794759825327511 0.06971153846153846
0 0.8296943231441049 0.2956730769230769 0.2838427947598253 0.0673076923076923
0 0.7554585152838428 0.24759615384615385 0.31004366812227074 0.07211538461538461
0 0.6506550218340611 0.20192307692307693 0.23580786026200873 0.052884615384615384
0 0.6026200873362445 0.16346153846153846 0.2663755458515284 0.06009615384615385
0 0.5589519650655022 0.1201923076923077 0.2838427947598253 0.0673076923076923
0 0.5240174672489083 0.0673076923076923 0.22707423580786026 0.0625