0 0.47161572052401746 0.019230769230769232 0.25327510917030566 0.038461538461538464
0 0.4847161572052402 0.05048076923076923 0.2576419213973799 0.040865384615384616
0 0.5021834061135371 0.09134615384615384 0.23580786026200873 0.05048076923076923
0 0.537117903930131 0.13942307692307693 0.2576419213973799 0.05048076923076923
0 0.5895196506550219 0.18028846153846154 0.28820960698689957 0.04807692307692308
0 0.6462882096069869 0.2283653846153846 0.3406113537117904 0.0625
0 0.7074235807860262 0.27884615384615385 0.33624454148471616 0.057692307692307696
0 0.7248908296943232 0.3293269230769231 0.33624454148471616 0.06490384615384616
0 0.7248908296943232 0.38461538461538464 0.33624454148471616 0.0673076923076923
0 0.6593886462882096 0.43028846153846156 0.31877729257641924 0.07451923076923077
0 0.5589519650655022 0.46634615384615385 0.3056768558951965 0.08173076923076923
0 0.4366812227074236 0.5072115384615384 0.31877729257641924 0.08653846153846154
0 0.32751091703056767 0.5721153846153846 0.34497816593886466 0.09375
0 0.27074235807860264 0.65625 0.3624454148471616 0.07451923076923077
0 0.31877729257641924 0.7163461538461539 0.37554585152838427 0.06971153846153846
0 0.3624454148471616 0.7524038461538461 0.35807860262008734 0.08173076923076923
0 0.4759825327510917 0.8052884615384616 0.3537117903930131 0.0889423076923077