0 0.3586206896551724 0.8413461538461539 0.3103448275862069 0.06009615384615385
0 0.3448275862068966 0.7860576923076923 0.2827586206896552 0.05048076923076923
0 0.33793103448275863 0.7403846153846154 0.31724137931034485 0.06009615384615385
0 0.35172413793103446 0.6754807692307693 0.296551724137931 0.0625
0 0.38620689655172413 0.6129807692307693 0.296551724137931 0.07211538461538461
0 0.47586206896551725 0.5600961538461539 0.2896551724137931 0.07211538461538461
0 0.5862068965517241 0.5216346153846154 0.22758620689655173 0.08173076923076923
0 0.6620689655172414 0.4855769230769231 0.23448275862068965 0.06490384615384616
0 0.7517241379310344 0.4423076923076923 0.2413793103448276 0.06009615384615385
0 0.8 0.4014423076923077 0.2413793103448276 0.055288461538461536
0 0.8 0.36538461538461536 0.2620689655172414 0.055288461538461536
0 0.7724137931034483 0.32211538461538464 0.2413793103448276 0.07211538461538461
0 0.7379310344827587 0.2860576923076923 0.22758620689655173 0.06490384615384616
0 0.6827586206896552 0.2548076923076923 0.2206896551724138 0.06009615384615385
0 0.6275862068965518 0.22115384615384615 0.19310344827586207 0.04567307692307692
0 0.5793103448275863 0.18509615384615385 0.18620689655172415 0.04326923076923077