0 0.408 0.6586538461538461 0.272 0.036057692307692304
0 0.448 0.6129807692307693 0.28 0.038461538461538464
0 0.512 0.5721153846153846 0.296 0.03365384615384615
0 0.544 0.5288461538461539 0.272 0.028846153846153848
0 0.608 0.4951923076923077 0.264 0.026442307692307692
0 0.656 0.4567307692307692 0.248 0.02403846153846154
0 0.648 0.4182692307692308 0.256 0.021634615384615384
0 0.672 0.3894230769230769 0.208 0.021634615384615384
0 0.672 0.3605769230769231 0.256 0.021634615384615384
0 0.632 0.3317307692307692 0.216 0.021634615384615384
0 0.624 0.3004807692307692 0.184 0.021634615384615384
0 0.576 0.2692307692307692 0.224 0.021634615384615384
0 0.576 0.24519230769230768 0.264 0.02403846153846154
0 0.568 0.21875 0.288 0.016826923076923076
0 0.56 0.18990384615384615 0.232 0.02403846153846154
0 0.416 0.6971153846153846 0.32 0.026442307692307692