0 0.36681222707423583 0.8365384615384616 0.4759825327510917 0.07692307692307693
0 0.3318777292576419 0.7572115384615384 0.388646288209607 0.057692307692307696
0 0.3799126637554585 0.6923076923076923 0.3537117903930131 0.07932692307692307
0 0.42358078602620086 0.6370192307692307 0.3318777292576419 0.0625
0 0.462882096069869 0.5697115384615384 0.3799126637554585 0.06009615384615385
0 0.4497816593886463 0.5120192307692307 0.31004366812227074 0.06009615384615385
0 0.4279475982532751 0.3485576923076923 0.33624454148471616 0.052884615384615384
0 0.4279475982532751 0.28846153846153844 0.314410480349345 0.055288461538461536
0 0.4279475982532751 0.2283653846153846 0.2925764192139738 0.057692307692307696
0 0.4279475982532751 0.1778846153846154 0.30131004366812225 0.04567307692307692
0 0.43231441048034935 0.12980769230769232 0.28820960698689957 0.04567307692307692
0 0.4410480349344978 0.07932692307692307 0.27074235807860264 0.04807692307692308
0 0.47161572052401746 0.03365384615384615 0.24890829694323144 0.040865384615384616
0 0.4366812227074236 0.39903846153846156 0.3056768558951965 0.052884615384615384
0 0.4410480349344978 0.4543269230769231 0.33624454148471616 0.05048076923076923