0 0.519650655021834 0.038461538461538464 0.22270742358078602 0.04567307692307692
0 0.5152838427947598 0.07692307692307693 0.2183406113537118 0.05048076923076923
0 0.5065502183406113 0.11778846153846154 0.2183406113537118 0.04807692307692308
0 0.49344978165938863 0.16105769230769232 0.20087336244541484 0.04807692307692308
0 0.48034934497816595 0.20192307692307693 0.20087336244541484 0.05048076923076923
0 0.4672489082969432 0.25240384615384615 0.2183406113537118 0.0625
0 0.47161572052401746 0.3004807692307692 0.2096069868995633 0.052884615384615384
0 0.47161572052401746 0.34615384615384615 0.22270742358078602 0.055288461538461536
0 0.47161572052401746 0.39663461538461536 0.23580786026200873 0.05048076923076923
0 0.462882096069869 0.44711538461538464 0.23580786026200873 0.06971153846153846
0 0.4497816593886463 0.5024038461538461 0.2445414847161572 0.06971153846153846
0 0.44541484716157204 0.5625 0.26200873362445415 0.0673076923076923
0 0.4497816593886463 0.6225961538461539 0.2663755458515284 0.06971153846153846
0 0.4672489082969432 0.6899038461538461 0.2663755458515284 0.07451923076923077
0 0.49344978165938863 0.7620192307692307 0.3056768558951965 0.07451923076923077
0 0.5109170305676856 0.8197115384615384 0.3231441048034934 0.06971153846153846
0 0.5327510917030568 0.8870192307692307 0.314410480349345 0.07692307692307693
0 0.5458515283842795 0.9495192307692307 0.31877729257641924 0.07451923076923077