0 0.5109170305676856 0.8028846153846154 0.26200873362445415 0.052884615384615384
0 0.48034934497816595 0.7355769230769231 0.24017467248908297 0.06490384615384616
0 0.48034934497816595 0.6634615384615384 0.21397379912663755 0.06009615384615385
0 0.5021834061135371 0.6057692307692307 0.21397379912663755 0.06009615384615385
0 0.5240174672489083 0.5504807692307693 0.2096069868995633 0.04807692307692308
0 0.519650655021834 0.49278846153846156 0.2052401746724891 0.055288461538461536
0 0.5109170305676856 0.44711538461538464 0.23580786026200873 0.05048076923076923
0 0.5021834061135371 0.39663461538461536 0.22270742358078602 0.05048076923076923
0 0.4847161572052402 0.35336538461538464 0.1965065502183406 0.052884615384615384
0 0.47161572052401746 0.3076923076923077 0.20087336244541484 0.04807692307692308
0 0.4585152838427948 0.2644230769230769 0.17903930131004367 0.038461538461538464
0 0.45414847161572053 0.22596153846153846 0.17903930131004367 0.04326923076923077
0 0.4366812227074236 0.1875 0.16593886462882096 0.052884615384615384
0 0.462882096069869 0.14423076923076922 0.13973799126637554 0.052884615384615384
0 0.49344978165938863 0.10336538461538461 0.13100436681222707 0.040865384615384616
0 0.4978165938864629 0.06971153846153846 0.14847161572052403 0.040865384615384616