0 0.4847161572052402 0.13942307692307693 0.2096069868995633 0.07932692307692307
0 0.47161572052401746 0.19471153846153846 0.1965065502183406 0.07211538461538461
0 0.49344978165938863 0.24519230769230768 0.20087336244541484 0.07451923076923077
0 0.5502183406113537 0.2860576923076923 0.2096069868995633 0.08653846153846154
0 0.6462882096069869 0.3245192307692308 0.2445414847161572 0.10817307692307693
0 0.7336244541484717 0.36538461538461536 0.27510917030567683 0.10576923076923077
0 0.7903930131004366 0.41346153846153844 0.2925764192139738 0.09375
0 0.7947598253275109 0.4855769230769231 0.27074235807860264 0.09375
0 0.7554585152838428 0.5456730769230769 0.2663755458515284 0.10817307692307693
0 0.6593886462882096 0.6057692307692307 0.2445414847161572 0.11298076923076923
0 0.5152838427947598 0.65625 0.25327510917030566 0.10576923076923077
0 0.4148471615720524 0.71875 0.24890829694323144 0.10336538461538461
0 0.37117903930131 0.7932692307692307 0.29694323144104806 0.09375
0 0.3406113537117904 0.8653846153846154 0.2925764192139738 0.08173076923076923