0 0.5048076923076923 0.8389423076923077 0.3389423076923077 0.07211538461538461
0 0.4326923076923077 0.7788461538461539 0.2692307692307692 0.07932692307692307
0 0.38461538461538464 0.7091346153846154 0.25961538461538464 0.07692307692307693
0 0.37740384615384615 0.6394230769230769 0.2644230769230769 0.055288461538461536
0 0.4182692307692308 0.5600961538461539 0.3293269230769231 0.07932692307692307
0 0.4951923076923077 0.5144230769230769 0.32211538461538464 0.06490384615384616
0 0.5096153846153846 0.45913461538461536 0.2764423076923077 0.06971153846153846
0 0.5456730769230769 0.4014423076923077 0.31009615384615385 0.06490384615384616
0 0.5240384615384616 0.35336538461538464 0.21634615384615385 0.057692307692307696
0 0.46875 0.3125 0.1971153846153846 0.06009615384615385
0 0.4375 0.25961538461538464 0.21153846153846154 0.07692307692307693
0 0.3870192307692308 0.21153846153846154 0.2668269230769231 0.052884615384615384
0 0.37740384615384615 0.16826923076923078 0.21875 0.04567307692307692
0 0.375 0.12259615384615384 0.18509615384615385 0.04807692307692308
0 0.3942307692307692 0.0889423076923077 0.21394230769230768 0.04567307692307692