0 0.4366812227074236 0.09134615384615384 0.19213973799126638 0.052884615384615384
0 0.4366812227074236 0.13942307692307693 0.17467248908296942 0.05048076923076923
0 0.4585152838427948 0.18028846153846154 0.2183406113537118 0.07211538461538461
0 0.4890829694323144 0.23076923076923078 0.2314410480349345 0.06971153846153846
0 0.537117903930131 0.27163461538461536 0.23580786026200873 0.07692307692307693
0 0.5676855895196506 0.31490384615384615 0.26200873362445415 0.07451923076923077
0 0.6026200873362445 0.3629807692307692 0.23580786026200873 0.06490384615384616
0 0.6200873362445415 0.4110576923076923 0.23580786026200873 0.055288461538461536
0 0.611353711790393 0.4639423076923077 0.23580786026200873 0.06971153846153846
0 0.6026200873362445 0.5216346153846154 0.24017467248908297 0.07692307692307693
0 0.5676855895196506 0.5817307692307693 0.23580786026200873 0.07211538461538461
0 0.5240174672489083 0.6466346153846154 0.22707423580786026 0.07211538461538461
0 0.5021834061135371 0.7139423076923077 0.2183406113537118 0.06971153846153846
0 0.519650655021834 0.7836538461538461 0.2183406113537118 0.07692307692307693
0 0.5589519650655022 0.8533653846153846 0.2576419213973799 0.08653846153846154