0 0.5895196506550219 0.8557692307692307 0.2838427947598253 0.0673076923076923
0 0.5676855895196506 0.7860576923076923 0.28820960698689957 0.0625
0 0.5414847161572053 0.71875 0.24890829694323144 0.06009615384615385
0 0.5327510917030568 0.6490384615384616 0.2576419213973799 0.07692307692307693
0 0.5414847161572053 0.5817307692307693 0.2314410480349345 0.07451923076923077
0 0.5764192139737991 0.5264423076923077 0.2314410480349345 0.06971153846153846
0 0.5938864628820961 0.4639423076923077 0.2576419213973799 0.057692307692307696
0 0.5851528384279476 0.41346153846153844 0.24890829694323144 0.057692307692307696
0 0.5851528384279476 0.3629807692307692 0.23580786026200873 0.055288461538461536
0 0.5851528384279476 0.31971153846153844 0.24890829694323144 0.055288461538461536
0 0.5720524017467249 0.27163461538461536 0.24017467248908297 0.05048076923076923
0 0.5414847161572053 0.23076923076923078 0.21397379912663755 0.05048076923076923
0 0.5240174672489083 0.1875 0.22707423580786026 0.04807692307692308
0 0.4978165938864629 0.1466346153846154 0.2052401746724891 0.052884615384615384
0 0.49344978165938863 0.10817307692307693 0.17467248908296942 0.052884615384615384
0 0.4847161572052402 0.0625 0.17467248908296942 0.052884615384615384