0 0.4847161572052402 0.08173076923076923 0.2183406113537118 0.0625
0 0.4890829694323144 0.1346153846153846 0.2183406113537118 0.06490384615384616
0 0.4890829694323144 0.18028846153846154 0.2314410480349345 0.0625
0 0.4890829694323144 0.22596153846153846 0.24890829694323144 0.06971153846153846
0 0.5109170305676856 0.27403846153846156 0.2314410480349345 0.07451923076923077
0 0.5283842794759825 0.33653846153846156 0.23580786026200873 0.07211538461538461
0 0.5633187772925764 0.3798076923076923 0.2445414847161572 0.07692307692307693
0 0.5720524017467249 0.43028846153846156 0.2663755458515284 0.0673076923076923
0 0.5676855895196506 0.4879807692307692 0.27074235807860264 0.07211538461538461
0 0.5021834061135371 0.5408653846153846 0.27074235807860264 0.07692307692307693
0 0.4497816593886463 0.5961538461538461 0.2925764192139738 0.07932692307692307
0 0.4104803493449782 0.6490384615384616 0.2925764192139738 0.07932692307692307
0 0.36681222707423583 0.7163461538461539 0.30131004366812225 0.07932692307692307
0 0.34934497816593885 0.7908653846153846 0.28820960698689957 0.08413461538461539
0 0.35807860262008734 0.8677884615384616 0.2925764192139738 0.08653846153846154