0 0.484375 0.8846153846153846 0.3671875 0.04807692307692308
0 0.4609375 0.8293269230769231 0.3359375 0.07451923076923077
0 0.4453125 0.7884615384615384 0.2890625 0.06009615384615385
0 0.4453125 0.7451923076923077 0.296875 0.06971153846153846
0 0.4765625 0.6826923076923077 0.2890625 0.07692307692307693
0 0.5625 0.6225961538461539 0.2890625 0.07692307692307693
0 0.671875 0.5793269230769231 0.296875 0.06009615384615385
0 0.71875 0.5360576923076923 0.296875 0.04807692307692308
0 0.765625 0.49278846153846156 0.296875 0.04807692307692308
0 0.75 0.44471153846153844 0.296875 0.06971153846153846
0 0.7109375 0.4014423076923077 0.265625 0.0673076923076923
0 0.6328125 0.36538461538461536 0.234375 0.06490384615384616
0 0.5390625 0.33413461538461536 0.25 0.07451923076923077
0 0.4921875 0.2956730769230769 0.2421875 0.052884615384615384
0 0.4375 0.2548076923076923 0.203125 0.05048076923076923
0 0.4375 0.22115384615384615 0.2265625 0.04326923076923077