0 0.32751091703056767 0.07451923076923077 0.29694323144104806 0.052884615384615384
0 0.37554585152838427 0.11298076923076923 0.27074235807860264 0.0625
0 0.4279475982532751 0.16105769230769232 0.2838427947598253 0.06490384615384616
0 0.4890829694323144 0.19951923076923078 0.2838427947598253 0.0625
0 0.5240174672489083 0.25721153846153844 0.30131004366812225 0.07692307692307693
0 0.5152838427947598 0.3076923076923077 0.2925764192139738 0.0673076923076923
0 0.519650655021834 0.36538461538461536 0.27510917030567683 0.0673076923076923
0 0.49344978165938863 0.4230769230769231 0.2794759825327511 0.07211538461538461
0 0.4497816593886463 0.4831730769230769 0.2794759825327511 0.07692307692307693
0 0.40611353711790393 0.5480769230769231 0.3056768558951965 0.08413461538461539
0 0.37554585152838427 0.6081730769230769 0.33624454148471616 0.08413461538461539
0 0.3930131004366812 0.6706730769230769 0.34934497816593885 0.08413461538461539
0 0.4366812227074236 0.7331730769230769 0.32751091703056767 0.06971153846153846
0 0.48034934497816595 0.78125 0.33624454148471616 0.0889423076923077
0 0.5545851528384279 0.8413461538461539 0.34934497816593885 0.08653846153846154
0 0.6244541484716157 0.9086538461538461 0.40611353711790393 0.0889423076923077