0 0.5629139072847682 0.5673076923076923 0.17880794701986755 0.038461538461538464
0 0.5629139072847682 0.6129807692307693 0.17218543046357615 0.04326923076923077
0 0.5496688741721855 0.65625 0.17880794701986755 0.03365384615384615
0 0.5298013245033113 0.6875 0.19205298013245034 0.028846153846153848
0 0.5496688741721855 0.5264423076923077 0.152317880794702 0.03365384615384615
0 0.5298013245033113 0.4879807692307692 0.15894039735099338 0.03125
0 0.5165562913907285 0.4543269230769231 0.152317880794702 0.028846153846153848
0 0.5099337748344371 0.4230769230769231 0.11920529801324503 0.026442307692307692
0 0.4966887417218543 0.3918269230769231 0.11920529801324503 0.026442307692307692
0 0.4966887417218543 0.36538461538461536 0.11920529801324503 0.028846153846153848
0 0.4966887417218543 0.33653846153846156 0.10596026490066225 0.021634615384615384
0 0.5033112582781457 0.31009615384615385 0.11258278145695365 0.028846153846153848
0 0.5033112582781457 0.28365384615384615 0.09933774834437085 0.028846153846153848
0 0.5033112582781457 0.25961538461538464 0.11258278145695365 0.036057692307692304
0 0.5099337748344371 0.23076923076923078 0.09933774834437085 0.026442307692307692