0 0.4847161572052402 0.8557692307692307 0.3056768558951965 0.08653846153846154
0 0.4192139737991266 0.7980769230769231 0.27510917030567683 0.07211538461538461
0 0.3406113537117904 0.7259615384615384 0.2794759825327511 0.07932692307692307
0 0.2925764192139738 0.6538461538461539 0.26200873362445415 0.07451923076923077
0 0.31877729257641924 0.5817307692307693 0.25327510917030566 0.06971153846153846
0 0.37117903930131 0.5264423076923077 0.22270742358078602 0.0625
0 0.42358078602620086 0.4807692307692308 0.2183406113537118 0.07211538461538461
0 0.47161572052401746 0.43028846153846156 0.22270742358078602 0.0673076923076923
0 0.4978165938864629 0.38461538461538464 0.19213973799126638 0.06971153846153846
0 0.5065502183406113 0.3293269230769231 0.20087336244541484 0.057692307692307696
0 0.5109170305676856 0.27884615384615385 0.1965065502183406 0.04567307692307692
0 0.5065502183406113 0.23557692307692307 0.2052401746724891 0.06009615384615385
0 0.5283842794759825 0.18990384615384615 0.17467248908296942 0.052884615384615384
0 0.537117903930131 0.1466346153846154 0.17467248908296942 0.05048076923076923
0 0.5152838427947598 0.09134615384615384 0.10480349344978165 0.019230769230769232