0 0.4672489082969432 0.09375 0.22707423580786026 0.052884615384615384
0 0.4890829694323144 0.13942307692307693 0.2445414847161572 0.06971153846153846
0 0.5283842794759825 0.18028846153846154 0.29694323144104806 0.07932692307692307
0 0.6331877729257642 0.21394230769230768 0.28820960698689957 0.09375
0 0.7074235807860262 0.25 0.2838427947598253 0.06971153846153846
0 0.7336244541484717 0.2956730769230769 0.3056768558951965 0.06490384615384616
0 0.7292576419213974 0.35336538461538464 0.2576419213973799 0.07692307692307693
0 0.6855895196506551 0.3942307692307692 0.24017467248908297 0.09375
0 0.6026200873362445 0.4519230769230769 0.24017467248908297 0.09134615384615384
0 0.5327510917030568 0.5048076923076923 0.24890829694323144 0.09375
0 0.4847161572052402 0.5697115384615384 0.27074235807860264 0.08413461538461539
0 0.462882096069869 0.6370192307692307 0.24890829694323144 0.07451923076923077
0 0.4847161572052402 0.7091346153846154 0.27510917030567683 0.09134615384615384
0 0.5240174672489083 0.7764423076923077 0.2838427947598253 0.09375
0 0.5545851528384279 0.8509615384615384 0.3231441048034934 0.07932692307692307