0 0.4585152838427948 0.08173076923076923 0.20087336244541484 0.052884615384615384
0 0.47161572052401746 0.12740384615384615 0.2052401746724891 0.055288461538461536
0 0.49344978165938863 0.16826923076923078 0.21397379912663755 0.05048076923076923
0 0.4890829694323144 0.21394230769230768 0.22270742358078602 0.06971153846153846
0 0.5021834061135371 0.2668269230769231 0.24890829694323144 0.0673076923076923
0 0.5414847161572053 0.31971153846153844 0.24017467248908297 0.06490384615384616
0 0.5545851528384279 0.36538461538461536 0.2314410480349345 0.0673076923076923
0 0.6200873362445415 0.4206730769230769 0.2445414847161572 0.0673076923076923
0 0.6681222707423581 0.46875 0.2576419213973799 0.07211538461538461
0 0.7467248908296943 0.5240384615384616 0.2794759825327511 0.08173076923076923
0 0.7991266375545851 0.5697115384615384 0.2663755458515284 0.06971153846153846
0 0.8296943231441049 0.6274038461538461 0.2794759825327511 0.07932692307692307
0 0.8296943231441049 0.6899038461538461 0.2663755458515284 0.08653846153846154
0 0.7903930131004366 0.7524038461538461 0.2838427947598253 0.09134615384615384
0 0.6768558951965066 0.8125 0.28820960698689957 0.09134615384615384
0 0.5851528384279476 0.8533653846153846 0.31004366812227074 0.10336538461538461