0 0.3930131004366812 0.08173076923076923 0.2052401746724891 0.04567307692307692
0 0.4148471615720524 0.125 0.2052401746724891 0.052884615384615384
0 0.4410480349344978 0.16826923076923078 0.22707423580786026 0.07692307692307693
0 0.519650655021834 0.21153846153846154 0.2052401746724891 0.0673076923076923
0 0.611353711790393 0.2403846153846154 0.2096069868995633 0.08173076923076923
0 0.7117903930131004 0.2620192307692308 0.22707423580786026 0.08413461538461539
0 0.7991266375545851 0.2932692307692308 0.2445414847161572 0.09134615384615384
0 0.8384279475982532 0.34615384615384615 0.25327510917030566 0.07692307692307693
0 0.834061135371179 0.39903846153846156 0.25327510917030566 0.07451923076923077
0 0.7903930131004366 0.4423076923076923 0.2663755458515284 0.08653846153846154
0 0.7030567685589519 0.5 0.2794759825327511 0.10096153846153846
0 0.5982532751091703 0.5360576923076923 0.28820960698689957 0.09615384615384616
0 0.49344978165938863 0.6009615384615384 0.27510917030567683 0.09375
0 0.44541484716157204 0.6706730769230769 0.2794759825327511 0.09375
0 0.4366812227074236 0.7427884615384616 0.29694323144104806 0.09375
0 0.4890829694323144 0.8341346153846154 0.314410480349345 0.10817307692307693
0 0.5065502183406113 0.90625 0.3406113537117904 0.0889423076923077
0 0.5327510917030568 0.9639423076923077 0.3799126637554585 0.07211538461538461