0 0.5720524017467249 0.8413461538461539 0.3318777292576419 0.0625
0 0.5283842794759825 0.7764423076923077 0.31877729257641924 0.06009615384615385
0 0.4890829694323144 0.71875 0.30131004366812225 0.055288461538461536
0 0.48034934497816595 0.65625 0.3318777292576419 0.0625
0 0.4847161572052402 0.59375 0.31877729257641924 0.06490384615384616
0 0.519650655021834 0.5360576923076923 0.29694323144104806 0.06490384615384616
0 0.5414847161572053 0.4879807692307692 0.25327510917030566 0.055288461538461536
0 0.5764192139737991 0.4326923076923077 0.26200873362445415 0.052884615384615384
0 0.5938864628820961 0.37740384615384615 0.32751091703056767 0.057692307692307696
0 0.5851528384279476 0.32211538461538464 0.26200873362445415 0.04807692307692308
0 0.5676855895196506 0.2764423076923077 0.2838427947598253 0.038461538461538464
0 0.5589519650655022 0.22355769230769232 0.2445414847161572 0.05048076923076923
0 0.5327510917030568 0.18028846153846154 0.22707423580786026 0.05048076923076923
0 0.5065502183406113 0.13221153846153846 0.2096069868995633 0.04567307692307692
0 0.48034934497816595 0.0889423076923077 0.15283842794759825 0.03125