0 0.4787234042553192 0.27163461538461536 0.1276595744680851 0.03365384615384615
0 0.48936170212765956 0.3004807692307692 0.13829787234042554 0.036057692307692304
0 0.5106382978723404 0.3293269230769231 0.15425531914893617 0.04567307692307692
0 0.5372340425531915 0.3605769230769231 0.15425531914893617 0.052884615384615384
0 0.5691489361702128 0.3894230769230769 0.1276595744680851 0.040865384615384616
0 0.6063829787234043 0.41346153846153844 0.10638297872340426 0.040865384615384616
0 0.6223404255319149 0.44711538461538464 0.1276595744680851 0.036057692307692304
0 0.6170212765957447 0.47115384615384615 0.13297872340425532 0.038461538461538464
0 0.6117021276595744 0.5024038461538461 0.16489361702127658 0.040865384615384616
0 0.5797872340425532 0.53125 0.1702127659574468 0.04567307692307692
0 0.5425531914893617 0.5649038461538461 0.17553191489361702 0.04326923076923077
0 0.526595744680851 0.6033653846153846 0.19148936170212766 0.04567307692307692
0 0.5159574468085106 0.6442307692307693 0.19148936170212766 0.05048076923076923
0 0.5159574468085106 0.6947115384615384 0.20212765957446807 0.057692307692307696
0 0.5106382978723404 0.7451923076923077 0.20212765957446807 0.04807692307692308
0 0.4787234042553192 0.24759615384615385 0.12234042553191489 0.028846153846153848