0 0.4978165938864629 0.09134615384615384 0.16593886462882096 0.05048076923076923
0 0.5021834061135371 0.1346153846153846 0.1615720524017467 0.05048076923076923
0 0.5021834061135371 0.1778846153846154 0.16593886462882096 0.055288461538461536
0 0.5065502183406113 0.22596153846153846 0.16593886462882096 0.06009615384615385
0 0.5065502183406113 0.27163461538461536 0.17903930131004367 0.052884615384615384
0 0.5065502183406113 0.32211538461538464 0.19213973799126638 0.0625
0 0.5109170305676856 0.37259615384615385 0.20087336244541484 0.06490384615384616
0 0.519650655021834 0.43028846153846156 0.2052401746724891 0.06971153846153846
0 0.5414847161572053 0.4807692307692308 0.2314410480349345 0.0673076923076923
0 0.5589519650655022 0.5384615384615384 0.24017467248908297 0.07451923076923077
0 0.5807860262008734 0.6009615384615384 0.2445414847161572 0.0673076923076923
0 0.5982532751091703 0.65625 0.2445414847161572 0.06971153846153846
0 0.6026200873362445 0.71875 0.24890829694323144 0.0673076923076923
0 0.5764192139737991 0.7908653846153846 0.24890829694323144 0.07932692307692307
0 0.5676855895196506 0.8725961538461539 0.29694323144104806 0.0889423076923077