0 0.49344978165938863 0.8629807692307693 0.31877729257641924 0.09615384615384616
0 0.5720524017467249 0.7956730769230769 0.2925764192139738 0.0985576923076923
0 0.6462882096069869 0.7283653846153846 0.30131004366812225 0.10336538461538461
0 0.7467248908296943 0.6610576923076923 0.28820960698689957 0.08173076923076923
0 0.7510917030567685 0.5769230769230769 0.2838427947598253 0.0673076923076923
0 0.7161572052401747 0.5336538461538461 0.2925764192139738 0.0673076923076923
0 0.6855895196506551 0.4735576923076923 0.27074235807860264 0.06009615384615385
0 0.6637554585152838 0.43028846153846156 0.2794759825327511 0.06490384615384616
0 0.6419213973799127 0.38221153846153844 0.24017467248908297 0.06490384615384616
0 0.5895196506550219 0.3269230769230769 0.24017467248908297 0.057692307692307696
0 0.5807860262008734 0.27163461538461536 0.18340611353711792 0.0673076923076923
0 0.5633187772925764 0.21634615384615385 0.23580786026200873 0.057692307692307696
0 0.5895196506550219 0.17067307692307693 0.18777292576419213 0.0673076923076923
0 0.5895196506550219 0.12740384615384615 0.2096069868995633 0.057692307692307696
0 0.6026200873362445 0.07692307692307693 0.2052401746724891 0.0625
0 0.611353711790393 0.03365384615384615 0.22270742358078602 0.055288461538461536