0 0.5502183406113537 0.8629807692307693 0.3537117903930131 0.057692307692307696
0 0.5283842794759825 0.7980769230769231 0.31877729257641924 0.057692307692307696
0 0.5327510917030568 0.7307692307692307 0.2925764192139738 0.0625
0 0.519650655021834 0.6610576923076923 0.2663755458515284 0.0625
0 0.5109170305676856 0.5913461538461539 0.26200873362445415 0.055288461538461536
0 0.49344978165938863 0.5360576923076923 0.2576419213973799 0.04326923076923077
0 0.48034934497816595 0.4807692307692308 0.24890829694323144 0.040865384615384616
0 0.462882096069869 0.43028846153846156 0.2314410480349345 0.04807692307692308
0 0.4759825327510917 0.37259615384615385 0.22270742358078602 0.052884615384615384
0 0.4759825327510917 0.32211538461538464 0.22270742358078602 0.04326923076923077
0 0.4978165938864629 0.2764423076923077 0.2052401746724891 0.040865384615384616
0 0.4978165938864629 0.23798076923076922 0.2052401746724891 0.04326923076923077
0 0.5065502183406113 0.19230769230769232 0.20087336244541484 0.04326923076923077
0 0.5152838427947598 0.14903846153846154 0.18777292576419213 0.036057692307692304
0 0.5152838427947598 0.10817307692307693 0.2052401746724891 0.03125
0 0.5152838427947598 0.07932692307692307 0.20087336244541484 0.028846153846153848