0 0.647887323943662 0.10817307692307693 0.20422535211267606 0.040865384615384616
0 0.647887323943662 0.13942307692307693 0.19014084507042253 0.04326923076923077
0 0.647887323943662 0.17307692307692307 0.16901408450704225 0.038461538461538464
0 0.6408450704225352 0.20432692307692307 0.19718309859154928 0.04326923076923077
0 0.6338028169014085 0.24278846153846154 0.20422535211267606 0.04567307692307692
0 0.6056338028169014 0.2764423076923077 0.18309859154929578 0.04807692307692308
0 0.5563380281690141 0.3076923076923077 0.21830985915492956 0.0625
0 0.5140845070422535 0.34134615384615385 0.21830985915492956 0.052884615384615384
0 0.4507042253521127 0.37259615384615385 0.21830985915492956 0.055288461538461536
0 0.3873239436619718 0.4014423076923077 0.22535211267605634 0.06009615384615385
0 0.3028169014084507 0.4326923076923077 0.22535211267605634 0.057692307692307696
0 0.24647887323943662 0.47115384615384615 0.24647887323943662 0.0625
0 0.23943661971830985 0.5192307692307693 0.3028169014084507 0.055288461538461536
0 0.24647887323943662 0.5745192307692307 0.28169014084507044 0.06490384615384616
0 0.30985915492957744 0.6225961538461539 0.28169014084507044 0.06971153846153846
0 0.4014084507042254 0.6682692307692307 0.2887323943661972 0.055288461538461536