0 0.5414847161572053 0.8798076923076923 0.27510917030567683 0.06971153846153846
0 0.4585152838427948 0.8125 0.23580786026200873 0.06490384615384616
0 0.4148471615720524 0.7548076923076923 0.27510917030567683 0.0625
0 0.37117903930131 0.6923076923076923 0.2794759825327511 0.06971153846153846
0 0.35807860262008734 0.625 0.2576419213973799 0.07451923076923077
0 0.37117903930131 0.5528846153846154 0.21397379912663755 0.0673076923076923
0 0.45414847161572053 0.5096153846153846 0.2314410480349345 0.08413461538461539
0 0.5414847161572053 0.46634615384615385 0.2096069868995633 0.07451923076923077
0 0.611353711790393 0.41586538461538464 0.2052401746724891 0.06490384615384616
0 0.6157205240174672 0.36538461538461536 0.2314410480349345 0.0625
0 0.6157205240174672 0.31490384615384615 0.25327510917030566 0.0625
0 0.6069868995633187 0.25961538461538464 0.2314410480349345 0.04807692307692308
0 0.5502183406113537 0.20432692307692307 0.20087336244541484 0.057692307692307696
0 0.49344978165938863 0.16346153846153846 0.1703056768558952 0.052884615384615384
0 0.4759825327510917 0.13221153846153846 0.1615720524017467 0.036057692307692304
0 0.462882096069869 0.09615384615384616 0.1615720524017467 0.036057692307692304