0 0.5588235294117647 0.6947115384615384 0.47058823529411764 0.052884615384615384
0 0.6274509803921569 0.6418269230769231 0.47058823529411764 0.04326923076923077
0 0.6764705882352942 0.59375 0.47058823529411764 0.04567307692307692
0 0.6568627450980392 0.5024038461538461 0.45098039215686275 0.05048076923076923
0 0.5392156862745098 0.46153846153846156 0.38235294117647056 0.038461538461538464
0 0.46078431372549017 0.42788461538461536 0.4019607843137255 0.04807692307692308
0 0.6862745098039216 0.5432692307692307 0.38235294117647056 0.04567307692307692
0 0.38235294117647056 0.4014423076923077 0.43137254901960786 0.05048076923076923
0 0.29411764705882354 0.36538461538461536 0.35294117647058826 0.036057692307692304
0 0.2549019607843137 0.3317307692307692 0.3235294117647059 0.03365384615384615
0 0.38235294117647056 0.23076923076923078 0.3333333333333333 0.036057692307692304
0 0.3137254901960784 0.2620192307692308 0.2647058823529412 0.038461538461538464
0 0.2549019607843137 0.28365384615384615 0.3431372549019608 0.036057692307692304
0 0.2549019607843137 0.3125 0.3235294117647059 0.03365384615384615
0 0.4411764705882353 0.20432692307692307 0.2647058823529412 0.03125
0 0.5294117647058824 0.17067307692307693 0.29411764705882354 0.02403846153846154