0 0.37554585152838427 0.78125 0.4497816593886463 0.057692307692307696
0 0.4017467248908297 0.7115384615384616 0.4759825327510917 0.057692307692307696
0 0.4410480349344978 0.6442307692307693 0.4410480349344978 0.06971153846153846
0 0.5065502183406113 0.5817307692307693 0.37554585152838427 0.06971153846153846
0 0.5807860262008734 0.5216346153846154 0.3624454148471616 0.06009615384615385
0 0.611353711790393 0.4639423076923077 0.34497816593886466 0.0625
0 0.6681222707423581 0.41586538461538464 0.2925764192139738 0.05048076923076923
0 0.6768558951965066 0.3629807692307692 0.2838427947598253 0.052884615384615384
0 0.6943231441048034 0.31490384615384615 0.314410480349345 0.052884615384615384
0 0.6681222707423581 0.2644230769230769 0.314410480349345 0.04807692307692308
0 0.6593886462882096 0.21394230769230768 0.2794759825327511 0.038461538461538464
0 0.6375545851528385 0.17307692307692307 0.29694323144104806 0.04326923076923077
0 0.5895196506550219 0.12259615384615384 0.30131004366812225 0.04807692307692308
0 0.5545851528384279 0.08173076923076923 0.28820960698689957 0.036057692307692304
0 0.537117903930131 0.03125 0.31004366812227074 0.04326923076923077