0 0.2663755458515284 0.04567307692307692 0.23580786026200873 0.04807692307692308
0 0.3231441048034934 0.08653846153846154 0.23580786026200873 0.055288461538461536
0 0.37117903930131 0.12259615384615384 0.21397379912663755 0.055288461538461536
0 0.4672489082969432 0.16346153846153846 0.2445414847161572 0.0625
0 0.5545851528384279 0.19951923076923078 0.2183406113537118 0.0673076923076923
0 0.6157205240174672 0.23557692307692307 0.23580786026200873 0.0625
0 0.6724890829694323 0.27403846153846156 0.27074235807860264 0.057692307692307696
0 0.7205240174672489 0.3245192307692308 0.2663755458515284 0.0673076923076923
0 0.7554585152838428 0.37259615384615385 0.27510917030567683 0.06490384615384616
0 0.777292576419214 0.4326923076923077 0.2794759825327511 0.07451923076923077
0 0.7685589519650655 0.49278846153846156 0.28820960698689957 0.07692307692307693
0 0.7510917030567685 0.5504807692307693 0.31877729257641924 0.07451923076923077
0 0.6899563318777293 0.6177884615384616 0.28820960698689957 0.08413461538461539
0 0.5851528384279476 0.6923076923076923 0.3056768558951965 0.08653846153846154
0 0.4672489082969432 0.7572115384615384 0.3056768558951965 0.08653846153846154
0 0.3624454148471616 0.8389423076923077 0.33624454148471616 0.0985576923076923
0 0.28820960698689957 0.9134615384615384 0.34934497816593885 0.0985576923076923