0 0.49504950495049505 0.11778846153846154 0.12871287128712872 0.028846153846153848
0 0.48514851485148514 0.14423076923076922 0.10891089108910891 0.03365384615384615
0 0.4900990099009901 0.17548076923076922 0.11386138613861387 0.04326923076923077
0 0.5198019801980198 0.20673076923076922 0.11386138613861387 0.052884615384615384
0 0.5346534653465347 0.23557692307692307 0.12871287128712872 0.04326923076923077
0 0.5693069306930693 0.25961538461538464 0.12376237623762376 0.04807692307692308
0 0.6089108910891089 0.28846153846153844 0.14356435643564355 0.05048076923076923
0 0.6336633663366337 0.31971153846153844 0.12376237623762376 0.04807692307692308
0 0.6435643564356436 0.35336538461538464 0.12376237623762376 0.04567307692307692
0 0.6336633663366337 0.3918269230769231 0.14356435643564355 0.055288461538461536
0 0.6188118811881188 0.4206730769230769 0.13861386138613863 0.055288461538461536
0 0.5742574257425742 0.4567307692307692 0.1782178217821782 0.055288461538461536
0 0.5198019801980198 0.49038461538461536 0.17326732673267325 0.06009615384615385
0 0.45544554455445546 0.5192307692307693 0.16831683168316833 0.055288461538461536
0 0.4504950495049505 0.5625 0.16831683168316833 0.04807692307692308
0 0.44554455445544555 0.6177884615384616 0.1782178217821782 0.06009615384615385
0 0.4504950495049505 0.6706730769230769 0.18811881188118812 0.052884615384615384