0 0.4410480349344978 0.9206730769230769 0.3406113537117904 0.07451923076923077
0 0.4410480349344978 0.8389423076923077 0.2838427947598253 0.08173076923076923
0 0.4497816593886463 0.7644230769230769 0.2183406113537118 0.07692307692307693
0 0.48034934497816595 0.6899038461538461 0.2314410480349345 0.08653846153846154
0 0.5414847161572053 0.6394230769230769 0.2576419213973799 0.07692307692307693
0 0.5851528384279476 0.5889423076923077 0.26200873362445415 0.07692307692307693
0 0.6506550218340611 0.5360576923076923 0.2314410480349345 0.08653846153846154
0 0.7467248908296943 0.49038461538461536 0.2314410480349345 0.07932692307692307
0 0.7641921397379913 0.4495192307692308 0.2183406113537118 0.07692307692307693
0 0.8122270742358079 0.4110576923076923 0.2314410480349345 0.07692307692307693
0 0.8253275109170306 0.34615384615384615 0.28820960698689957 0.07451923076923077
0 0.8034934497816594 0.2860576923076923 0.3406113537117904 0.0889423076923077
0 0.5327510917030568 0.08413461538461539 0.21397379912663755 0.03365384615384615
0 0.5807860262008734 0.12259615384615384 0.2052401746724891 0.038461538461538464
0 0.6593886462882096 0.16346153846153846 0.1965065502183406 0.03365384615384615
0 0.7554585152838428 0.20432692307692307 0.23580786026200873 0.06009615384615385