0 0.45414847161572053 0.03125 0.38427947598253276 0.06009615384615385
0 0.4192139737991266 0.0673076923076923 0.314410480349345 0.04807692307692308
0 0.4104803493449782 0.10817307692307693 0.2663755458515284 0.04807692307692308
0 0.39737991266375544 0.14903846153846154 0.30131004366812225 0.055288461538461536
0 0.39737991266375544 0.19951923076923078 0.3318777292576419 0.0625
0 0.4104803493449782 0.23317307692307693 0.3056768558951965 0.055288461538461536
0 0.44541484716157204 0.2620192307692308 0.2794759825327511 0.0625
0 0.5109170305676856 0.30528846153846156 0.2794759825327511 0.06971153846153846
0 0.5414847161572053 0.34134615384615385 0.28820960698689957 0.06971153846153846
0 0.5589519650655022 0.3918269230769231 0.31004366812227074 0.07932692307692307
0 0.5633187772925764 0.4519230769230769 0.2838427947598253 0.0673076923076923
0 0.5633187772925764 0.5120192307692307 0.314410480349345 0.06971153846153846
0 0.5545851528384279 0.5793269230769231 0.31004366812227074 0.0625
0 0.5589519650655022 0.6370192307692307 0.30131004366812225 0.06009615384615385
0 0.5502183406113537 0.7019230769230769 0.32751091703056767 0.07211538461538461
0 0.5458515283842795 0.7620192307692307 0.32751091703056767 0.0625
0 0.5458515283842795 0.8269230769230769 0.34497816593886466 0.06490384615384616