0 0.4497816593886463 0.06971153846153846 0.2096069868995633 0.04567307692307692
0 0.45414847161572053 0.11538461538461539 0.2052401746724891 0.06009615384615385
0 0.4672489082969432 0.15384615384615385 0.20087336244541484 0.0625
0 0.47161572052401746 0.2091346153846154 0.2096069868995633 0.0625
0 0.4847161572052402 0.2548076923076923 0.24017467248908297 0.0673076923076923
0 0.4759825327510917 0.3076923076923077 0.24890829694323144 0.07451923076923077
0 0.48034934497816595 0.3605769230769231 0.2183406113537118 0.06971153846153846
0 0.462882096069869 0.4182692307692308 0.23580786026200873 0.0673076923076923
0 0.43231441048034935 0.4735576923076923 0.24017467248908297 0.07211538461538461
0 0.37554585152838427 0.53125 0.2576419213973799 0.07692307692307693
0 0.34497816593886466 0.5913461538461539 0.28820960698689957 0.0673076923076923
0 0.34497816593886466 0.6538461538461539 0.2925764192139738 0.07451923076923077
0 0.36681222707423583 0.7163461538461539 0.2838427947598253 0.09134615384615384
0 0.44541484716157204 0.78125 0.29694323144104806 0.09615384615384616
0 0.5240174672489083 0.8413461538461539 0.32751091703056767 0.09375
0 0.5720524017467249 0.9134615384615384 0.3406113537117904 0.09375