0 0.6506550218340611 0.9326923076923077 0.28820960698689957 0.06971153846153846
0 0.611353711790393 0.8653846153846154 0.26200873362445415 0.07211538461538461
0 0.5589519650655022 0.7908653846153846 0.25327510917030566 0.07451923076923077
0 0.5283842794759825 0.7283653846153846 0.23580786026200873 0.0673076923076923
0 0.49344978165938863 0.6634615384615384 0.23580786026200873 0.055288461538461536
0 0.4847161572052402 0.5985576923076923 0.26200873362445415 0.0625
0 0.4847161572052402 0.5360576923076923 0.2183406113537118 0.057692307692307696
0 0.5109170305676856 0.4831730769230769 0.20087336244541484 0.057692307692307696
0 0.5414847161572053 0.42788461538461536 0.22270742358078602 0.057692307692307696
0 0.5502183406113537 0.37740384615384615 0.2096069868995633 0.055288461538461536
0 0.5327510917030568 0.3317307692307692 0.19213973799126638 0.057692307692307696
0 0.5109170305676856 0.28365384615384615 0.19213973799126638 0.04567307692307692
0 0.48034934497816595 0.23557692307692307 0.1965065502183406 0.04326923076923077
0 0.47161572052401746 0.20192307692307693 0.16593886462882096 0.04567307692307692
0 0.4585152838427948 0.15865384615384615 0.1703056768558952 0.05048076923076923
0 0.4497816593886463 0.11057692307692307 0.18340611353711792 0.04807692307692308