0 0.462882096069869 0.040865384615384616 0.2052401746724891 0.038461538461538464
0 0.45414847161572053 0.07211538461538461 0.18777292576419213 0.038461538461538464
0 0.4497816593886463 0.11538461538461539 0.18777292576419213 0.057692307692307696
0 0.44541484716157204 0.16105769230769232 0.18340611353711792 0.052884615384615384
0 0.48034934497816595 0.19951923076923078 0.17467248908296942 0.05048076923076923
0 0.5109170305676856 0.24278846153846154 0.1965065502183406 0.05048076923076923
0 0.5502183406113537 0.28125 0.1965065502183406 0.06009615384615385
0 0.5807860262008734 0.3269230769230769 0.2052401746724891 0.055288461538461536
0 0.5851528384279476 0.375 0.19213973799126638 0.052884615384615384
0 0.5633187772925764 0.4206730769230769 0.2096069868995633 0.06009615384615385
0 0.5458515283842795 0.46875 0.21397379912663755 0.06009615384615385
0 0.4978165938864629 0.5168269230769231 0.2314410480349345 0.07211538461538461
0 0.462882096069869 0.5673076923076923 0.2663755458515284 0.06971153846153846
0 0.4279475982532751 0.6274038461538461 0.27074235807860264 0.06971153846153846
0 0.4366812227074236 0.6971153846153846 0.2794759825327511 0.07211538461538461
0 0.462882096069869 0.7692307692307693 0.2794759825327511 0.0625
0 0.5327510917030568 0.8317307692307693 0.2794759825327511 0.0889423076923077
0 0.5676855895196506 0.9038461538461539 0.3056768558951965 0.08653846153846154