0 0.42474916387959866 0.7451923076923077 0.16387959866220736 0.09134615384615384
0 0.451505016722408 0.6706730769230769 0.15719063545150502 0.07932692307692307
0 0.49498327759197325 0.6009615384615384 0.1605351170568562 0.09134615384615384
0 0.5551839464882943 0.5480769230769231 0.14046822742474915 0.0985576923076923
0 0.6153846153846154 0.4879807692307692 0.15384615384615385 0.09615384615384616
0 0.6655518394648829 0.4375 0.14715719063545152 0.0673076923076923
0 0.6989966555183946 0.38221153846153844 0.14046822742474915 0.06971153846153846
0 0.7090301003344481 0.33413461538461536 0.13712374581939799 0.06009615384615385
0 0.6989966555183946 0.28365384615384615 0.12374581939799331 0.06009615384615385
0 0.6722408026755853 0.23557692307692307 0.13043478260869565 0.06490384615384616
0 0.6254180602006689 0.19471153846153846 0.10702341137123746 0.052884615384615384
0 0.5886287625418061 0.15625 0.11036789297658862 0.052884615384615384
0 0.5618729096989966 0.12259615384615384 0.10702341137123746 0.0673076923076923
0 0.42474916387959866 0.8197115384615384 0.19732441471571907 0.06971153846153846
0 0.4180602006688963 0.8942307692307693 0.18729096989966554 0.07451923076923077