0 0.5240174672489083 0.0889423076923077 0.2052401746724891 0.04567307692307692
0 0.4978165938864629 0.12980769230769232 0.1965065502183406 0.05048076923076923
0 0.4585152838427948 0.17067307692307693 0.17903930131004367 0.06009615384615385
0 0.4672489082969432 0.21875 0.19213973799126638 0.0625
0 0.4585152838427948 0.2620192307692308 0.19213973799126638 0.0625
0 0.4585152838427948 0.30288461538461536 0.22270742358078602 0.07211538461538461
0 0.4672489082969432 0.35096153846153844 0.24890829694323144 0.0625
0 0.47161572052401746 0.40625 0.2663755458515284 0.0625
0 0.45414847161572053 0.45913461538461536 0.2445414847161572 0.06009615384615385
0 0.4497816593886463 0.5072115384615384 0.24017467248908297 0.07211538461538461
0 0.4366812227074236 0.5649038461538461 0.24890829694323144 0.0625
0 0.4192139737991266 0.6274038461538461 0.24890829694323144 0.07211538461538461
0 0.4148471615720524 0.6923076923076923 0.2314410480349345 0.0673076923076923
0 0.44541484716157204 0.7596153846153846 0.28820960698689957 0.06971153846153846
0 0.5109170305676856 0.8221153846153846 0.2925764192139738 0.08653846153846154
0 0.5458515283842795 0.8966346153846154 0.30131004366812225 0.08413461538461539