0 0.40611353711790393 0.038461538461538464 0.27074235807860264 0.0673076923076923
0 0.40611353711790393 0.07932692307692307 0.2838427947598253 0.06009615384615385
0 0.40611353711790393 0.11778846153846154 0.314410480349345 0.0625
0 0.4366812227074236 0.16826923076923078 0.29694323144104806 0.057692307692307696
0 0.4672489082969432 0.21875 0.2925764192139738 0.06490384615384616
0 0.519650655021834 0.2620192307692308 0.2925764192139738 0.06009615384615385
0 0.5807860262008734 0.3076923076923077 0.27510917030567683 0.055288461538461536
0 0.6200873362445415 0.3581730769230769 0.2576419213973799 0.0625
0 0.6331877729257642 0.40384615384615385 0.28820960698689957 0.0625
0 0.6244541484716157 0.4567307692307692 0.2838427947598253 0.0673076923076923
0 0.5982532751091703 0.5144230769230769 0.30131004366812225 0.07692307692307693
0 0.5720524017467249 0.5841346153846154 0.31877729257641924 0.07451923076923077
0 0.5283842794759825 0.6442307692307693 0.30131004366812225 0.07451923076923077
0 0.5065502183406113 0.7139423076923077 0.30131004366812225 0.07451923076923077
0 0.49344978165938863 0.7860576923076923 0.3406113537117904 0.07692307692307693
0 0.48034934497816595 0.8557692307692307 0.35807860262008734 0.07932692307692307