0 0.39090909090909093 0.14903846153846154 0.22727272727272727 0.036057692307692304
0 0.4090909090909091 0.18509615384615385 0.23636363636363636 0.038461538461538464
0 0.4090909090909091 0.21634615384615385 0.2545454545454545 0.038461538461538464
0 0.43636363636363634 0.25 0.24545454545454545 0.038461538461538464
0 0.4909090909090909 0.27884615384615385 0.2636363636363636 0.040865384615384616
0 0.6 0.2956730769230769 0.2909090909090909 0.04326923076923077
0 0.7 0.31971153846153844 0.2636363636363636 0.04326923076923077
0 0.7272727272727273 0.34134615384615385 0.2636363636363636 0.04326923076923077
0 0.7545454545454545 0.37259615384615385 0.2636363636363636 0.04807692307692308
0 0.7545454545454545 0.41586538461538464 0.2818181818181818 0.04326923076923077
0 0.7090909090909091 0.4543269230769231 0.3 0.04326923076923077
0 0.6272727272727273 0.49278846153846156 0.32727272727272727 0.04807692307692308
0 0.5363636363636364 0.5336538461538461 0.3090909090909091 0.057692307692307696
0 0.45454545454545453 0.5817307692307693 0.37272727272727274 0.0625
0 0.4 0.6346153846153846 0.38181818181818183 0.06009615384615385
0 0.4 0.7067307692307693 0.36363636363636365 0.0673076923076923