0 0.375 0.09375 0.23958333333333334 0.02403846153846154
0 0.3645833333333333 0.12259615384615384 0.23958333333333334 0.026442307692307692
0 0.3958333333333333 0.15384615384615385 0.23958333333333334 0.028846153846153848
0 0.4375 0.18509615384615385 0.23958333333333334 0.03365384615384615
0 0.4791666666666667 0.21634615384615385 0.23958333333333334 0.028846153846153848
0 0.5208333333333334 0.25240384615384615 0.2604166666666667 0.036057692307692304
0 0.5520833333333334 0.28846153846153844 0.2708333333333333 0.03365384615384615
0 0.5625 0.32211538461538464 0.2604166666666667 0.03125
0 0.5625 0.3605769230769231 0.2708333333333333 0.040865384615384616
0 0.5416666666666666 0.39903846153846156 0.28125 0.038461538461538464
0 0.5104166666666666 0.4423076923076923 0.28125 0.04567307692307692
0 0.4583333333333333 0.4855769230769231 0.2916666666666667 0.04326923076923077
0 0.4270833333333333 0.5336538461538461 0.3020833333333333 0.04807692307692308
0 0.4166666666666667 0.5865384615384616 0.3125 0.04567307692307692
0 0.3958333333333333 0.6346153846153846 0.3125 0.040865384615384616
0 0.40625 0.6826923076923077 0.3333333333333333 0.04326923076923077
0 0.4166666666666667 0.7355769230769231 0.3333333333333333 0.04567307692307692