0 0.45 0.19230769230769232 0.27 0.040865384615384616
0 0.48 0.23076923076923078 0.27 0.040865384615384616
0 0.52 0.2620192307692308 0.28 0.040865384615384616
0 0.58 0.2932692307692308 0.32 0.04567307692307692
0 0.66 0.32211538461538464 0.3 0.04326923076923077
0 0.74 0.35336538461538464 0.29 0.040865384615384616
0 0.77 0.3870192307692308 0.31 0.04326923076923077
0 0.74 0.4206730769230769 0.31 0.040865384615384616
0 0.64 0.45913461538461536 0.32 0.04326923076923077
0 0.53 0.49278846153846156 0.37 0.055288461538461536
0 0.42 0.5288461538461539 0.38 0.052884615384615384
0 0.34 0.5769230769230769 0.35 0.04326923076923077
0 0.33 0.6298076923076923 0.34 0.04326923076923077
0 0.38 0.6778846153846154 0.36 0.04326923076923077
0 0.44 0.7163461538461539 0.43 0.0625