0 0.48034934497816595 0.06971153846153846 0.20087336244541484 0.057692307692307696
0 0.4847161572052402 0.11538461538461539 0.21397379912663755 0.052884615384615384
0 0.4759825327510917 0.15865384615384615 0.20087336244541484 0.06490384615384616
0 0.462882096069869 0.21875 0.22707423580786026 0.0625
0 0.47161572052401746 0.25721153846153844 0.2183406113537118 0.0625
0 0.47161572052401746 0.30288461538461536 0.2052401746724891 0.06009615384615385
0 0.4759825327510917 0.35336538461538464 0.1965065502183406 0.07211538461538461
0 0.48034934497816595 0.40625 0.2052401746724891 0.0625
0 0.4847161572052402 0.45913461538461536 0.2183406113537118 0.06971153846153846
0 0.49344978165938863 0.5144230769230769 0.2445414847161572 0.07211538461538461
0 0.5109170305676856 0.5745192307692307 0.25327510917030566 0.06971153846153846
0 0.5109170305676856 0.6370192307692307 0.24890829694323144 0.07692307692307693
0 0.5283842794759825 0.7043269230769231 0.26200873362445415 0.07211538461538461
0 0.5240174672489083 0.7740384615384616 0.27510917030567683 0.07692307692307693
0 0.519650655021834 0.84375 0.28820960698689957 0.07692307692307693
0 0.5283842794759825 0.90625 0.31877729257641924 0.07692307692307693