0 0.49079754601226994 0.028846153846153848 0.19631901840490798 0.038461538461538464
0 0.5214723926380368 0.07451923076923077 0.19631901840490798 0.040865384615384616
0 0.5644171779141104 0.11298076923076923 0.20245398773006135 0.04567307692307692
0 0.6257668711656442 0.15865384615384615 0.2085889570552147 0.052884615384615384
0 0.6993865030674846 0.19951923076923078 0.2392638036809816 0.057692307692307696
0 0.7668711656441718 0.2403846153846154 0.2392638036809816 0.05048076923076923
0 0.803680981595092 0.2860576923076923 0.25153374233128833 0.057692307692307696
0 0.8282208588957055 0.33413461538461536 0.22699386503067484 0.05048076923076923
0 0.8220858895705522 0.38461538461538464 0.24539877300613497 0.052884615384615384
0 0.754601226993865 0.4375 0.2822085889570552 0.06971153846153846
0 0.6809815950920245 0.49278846153846156 0.34355828220858897 0.08653846153846154
0 0.5828220858895705 0.5456730769230769 0.34355828220858897 0.08173076923076923
0 0.4662576687116564 0.6033653846153846 0.34355828220858897 0.07692307692307693
0 0.3619631901840491 0.6658653846153846 0.3067484662576687 0.08173076923076923
0 0.31901840490797545 0.7475961538461539 0.3067484662576687 0.08173076923076923
0 0.32515337423312884 0.8269230769230769 0.37423312883435583 0.07451923076923077