0 0.4603174603174603 0.5625 0.24603174603174602 0.038461538461538464
0 0.46825396825396826 0.6057692307692307 0.2222222222222222 0.03365384615384615
0 0.48412698412698413 0.6514423076923077 0.23809523809523808 0.040865384615384616
0 0.49206349206349204 0.6995192307692307 0.2222222222222222 0.036057692307692304
0 0.4603174603174603 0.5240384615384616 0.24603174603174602 0.03125
0 0.4523809523809524 0.4879807692307692 0.20634920634920634 0.028846153846153848
0 0.4365079365079365 0.4543269230769231 0.19047619047619047 0.028846153846153848
0 0.4365079365079365 0.4230769230769231 0.15079365079365079 0.026442307692307692
0 0.4365079365079365 0.3942307692307692 0.18253968253968253 0.026442307692307692
0 0.42857142857142855 0.36538461538461536 0.18253968253968253 0.021634615384615384
0 0.4365079365079365 0.3389423076923077 0.16666666666666666 0.03125
0 0.4444444444444444 0.3125 0.18253968253968253 0.021634615384615384
0 0.4444444444444444 0.28846153846153844 0.15873015873015872 0.02403846153846154
0 0.4444444444444444 0.25721153846153844 0.15873015873015872 0.026442307692307692
0 0.4444444444444444 0.23557692307692307 0.15873015873015872 0.021634615384615384
0 0.4523809523809524 0.21153846153846154 0.1349206349206349 0.019230769230769232