0 0.503448275862069 0.71875 0.2689655172413793 0.03365384615384615
0 0.5103448275862069 0.6730769230769231 0.2413793103448276 0.03125
0 0.5103448275862069 0.6322115384615384 0.2206896551724138 0.03365384615384615
0 0.5241379310344828 0.5913461538461539 0.21379310344827587 0.026442307692307692
0 0.5310344827586206 0.5552884615384616 0.2206896551724138 0.028846153846153848
0 0.5448275862068965 0.4519230769230769 0.19310344827586207 0.026442307692307692
0 0.5448275862068965 0.4831730769230769 0.1793103448275862 0.02403846153846154
0 0.5448275862068965 0.5144230769230769 0.20689655172413793 0.021634615384615384
0 0.5379310344827586 0.4206730769230769 0.18620689655172415 0.026442307692307692
0 0.5379310344827586 0.3918269230769231 0.18620689655172415 0.028846153846153848
0 0.5379310344827586 0.36538461538461536 0.20689655172413793 0.02403846153846154
0 0.496551724137931 0.27884615384615385 0.19310344827586207 0.02403846153846154
0 0.4896551724137931 0.25 0.18620689655172415 0.021634615384615384
0 0.5310344827586206 0.3389423076923077 0.21379310344827587 0.021634615384615384
0 0.5103448275862069 0.3076923076923077 0.20689655172413793 0.02403846153846154
0 0.47586206896551725 0.22596153846153846 0.2 0.016826923076923076