0 0.5109170305676856 0.07692307692307693 0.17467248908296942 0.055288461538461536
0 0.4978165938864629 0.1201923076923077 0.16593886462882096 0.055288461538461536
0 0.4978165938864629 0.16826923076923078 0.1615720524017467 0.057692307692307696
0 0.5152838427947598 0.21634615384615385 0.19213973799126638 0.057692307692307696
0 0.519650655021834 0.2620192307692308 0.1703056768558952 0.055288461538461536
0 0.5240174672489083 0.30528846153846156 0.17903930131004367 0.06009615384615385
0 0.5240174672489083 0.3581730769230769 0.17903930131004367 0.0673076923076923
0 0.5327510917030568 0.40625 0.18777292576419213 0.0625
0 0.5545851528384279 0.4519230769230769 0.2052401746724891 0.07211538461538461
0 0.5851528384279476 0.5144230769230769 0.2314410480349345 0.07932692307692307
0 0.6069868995633187 0.5697115384615384 0.2052401746724891 0.07932692307692307
0 0.5982532751091703 0.6346153846153846 0.2183406113537118 0.07211538461538461
0 0.5676855895196506 0.6971153846153846 0.23580786026200873 0.07932692307692307
0 0.5152838427947598 0.7596153846153846 0.23580786026200873 0.08413461538461539
0 0.462882096069869 0.8341346153846154 0.25327510917030566 0.08413461538461539
0 0.4279475982532751 0.90625 0.2925764192139738 0.0673076923076923