0 0.5851528384279476 0.06971153846153846 0.22270742358078602 0.06490384615384616
0 0.5633187772925764 0.10336538461538461 0.22270742358078602 0.0673076923076923
0 0.5414847161572053 0.1466346153846154 0.2096069868995633 0.0625
0 0.5109170305676856 0.19471153846153846 0.2445414847161572 0.057692307692307696
0 0.5109170305676856 0.24519230769230768 0.21397379912663755 0.07451923076923077
0 0.5283842794759825 0.30288461538461536 0.2445414847161572 0.0673076923076923
0 0.5676855895196506 0.35096153846153844 0.2576419213973799 0.07451923076923077
0 0.611353711790393 0.4014423076923077 0.314410480349345 0.0889423076923077
0 0.6593886462882096 0.45913461538461536 0.33624454148471616 0.07932692307692307
0 0.7030567685589519 0.5120192307692307 0.30131004366812225 0.07692307692307693
0 0.6986899563318777 0.5745192307692307 0.3056768558951965 0.08173076923076923
0 0.6812227074235808 0.6466346153846154 0.30131004366812225 0.09134615384615384
0 0.5982532751091703 0.7091346153846154 0.27510917030567683 0.10096153846153846
0 0.537117903930131 0.78125 0.3231441048034934 0.11538461538461539
0 0.4497816593886463 0.8605769230769231 0.32751091703056767 0.10576923076923077