0 0.5398773006134969 0.15903614457831325 0.10429447852760736 0.02650602409638554
0 0.5398773006134969 0.18313253012048192 0.10429447852760736 0.024096385542168676
0 0.5398773006134969 0.20963855421686747 0.11042944785276074 0.02650602409638554
0 0.5337423312883436 0.2385542168674699 0.11042944785276074 0.02650602409638554
0 0.5337423312883436 0.26506024096385544 0.10429447852760736 0.02891566265060241
0 0.5337423312883436 0.29156626506024097 0.09815950920245399 0.03132530120481928
0 0.5276073619631901 0.3204819277108434 0.10429447852760736 0.02891566265060241
0 0.5214723926380368 0.3493975903614458 0.11042944785276074 0.033734939759036145
0 0.5153374233128835 0.3783132530120482 0.12269938650306748 0.02891566265060241
0 0.49693251533742333 0.40963855421686746 0.1165644171779141 0.033734939759036145
0 0.49693251533742333 0.44096385542168676 0.12269938650306748 0.03132530120481928
0 0.49693251533742333 0.4746987951807229 0.1411042944785276 0.03855421686746988
0 0.49079754601226994 0.5108433734939759 0.1411042944785276 0.03855421686746988
0 0.48466257668711654 0.5493975903614458 0.12883435582822086 0.04096385542168675
0 0.49079754601226994 0.5927710843373494 0.147239263803681 0.04096385542168675
0 0.49693251533742333 0.636144578313253 0.1656441717791411 0.04819277108433735
0 0.5030674846625767 0.6795180722891566 0.17177914110429449 0.043373493975903614