0 0.42758620689655175 0.23076923076923078 0.11724137931034483 0.02403846153846154
0 0.43448275862068964 0.2548076923076923 0.11724137931034483 0.02403846153846154
0 0.43448275862068964 0.27884615384615385 0.1103448275862069 0.026442307692307692
0 0.4413793103448276 0.30528846153846156 0.1103448275862069 0.026442307692307692
0 0.45517241379310347 0.3317307692307692 0.1103448275862069 0.028846153846153848
0 0.4827586206896552 0.3581730769230769 0.0896551724137931 0.03125
0 0.5103448275862069 0.3798076923076923 0.11724137931034483 0.03125
0 0.5172413793103449 0.40865384615384615 0.1103448275862069 0.026442307692307692
0 0.5172413793103449 0.43990384615384615 0.11724137931034483 0.03365384615384615
0 0.503448275862069 0.47115384615384615 0.1310344827586207 0.03365384615384615
0 0.4689655172413793 0.5024038461538461 0.14482758620689656 0.038461538461538464
0 0.4482758620689655 0.5360576923076923 0.15862068965517243 0.038461538461538464
0 0.43448275862068964 0.5745192307692307 0.15172413793103448 0.040865384615384616
0 0.4413793103448276 0.6177884615384616 0.15862068965517243 0.04326923076923077
0 0.4689655172413793 0.65625 0.1793103448275862 0.04326923076923077
0 0.503448275862069 0.6995192307692307 0.1793103448275862 0.04807692307692308
0 0.5241379310344828 0.7427884615384616 0.18620689655172415 0.036057692307692304