0 0.41208791208791207 0.6418269230769231 0.18681318681318682 0.04326923076923077
0 0.3901098901098901 0.5985576923076923 0.1978021978021978 0.038461538461538464
0 0.3791208791208791 0.5552884615384616 0.2087912087912088 0.04807692307692308
0 0.37362637362637363 0.5024038461538461 0.2032967032967033 0.06009615384615385
0 0.42857142857142855 0.4543269230769231 0.15934065934065933 0.06009615384615385
0 0.5 0.4206730769230769 0.13736263736263737 0.06009615384615385
0 0.5769230769230769 0.3918269230769231 0.15934065934065933 0.07211538461538461
0 0.6318681318681318 0.35336538461538464 0.16483516483516483 0.052884615384615384
0 0.6538461538461539 0.31971153846153844 0.14285714285714285 0.036057692307692304
0 0.6483516483516484 0.2764423076923077 0.13736263736263737 0.04567307692307692
0 0.6098901098901099 0.25240384615384615 0.15934065934065933 0.05048076923076923
0 0.3791208791208791 0.16105769230769232 0.12087912087912088 0.04807692307692308
0 0.4175824175824176 0.18990384615384615 0.16483516483516483 0.057692307692307696
0 0.47802197802197804 0.21153846153846154 0.16483516483516483 0.05048076923076923
0 0.5384615384615384 0.23317307692307693 0.15934065934065933 0.07211538461538461