0 0.472 0.21204819277108433 0.112 0.016867469879518072
0 0.488 0.6939759036144578 0.296 0.02650602409638554
0 0.456 0.6506024096385542 0.272 0.03132530120481928
0 0.464 0.6072289156626506 0.232 0.03132530120481928
0 0.464 0.5686746987951807 0.192 0.02891566265060241
0 0.48 0.5301204819277109 0.184 0.02891566265060241
0 0.496 0.4939759036144578 0.136 0.024096385542168676
0 0.504 0.46265060240963857 0.152 0.02891566265060241
0 0.512 0.43132530120481927 0.176 0.03132530120481928
0 0.512 0.4 0.16 0.021686746987951807
0 0.52 0.3710843373493976 0.152 0.021686746987951807
0 0.52 0.344578313253012 0.192 0.024096385542168676
0 0.512 0.3180722891566265 0.16 0.021686746987951807
0 0.496 0.29156626506024097 0.168 0.021686746987951807
0 0.488 0.26265060240963856 0.152 0.024096385542168676
0 0.48 0.236144578313253 0.112 0.016867469879518072