0 0.30131004366812225 0.026442307692307692 0.2314410480349345 0.05048076923076923
0 0.31877729257641924 0.0673076923076923 0.2052401746724891 0.057692307692307696
0 0.3318777292576419 0.11057692307692307 0.2183406113537118 0.057692307692307696
0 0.37554585152838427 0.15865384615384615 0.21397379912663755 0.057692307692307696
0 0.40611353711790393 0.20432692307692307 0.22270742358078602 0.0625
0 0.45414847161572053 0.24278846153846154 0.2314410480349345 0.07211538461538461
0 0.537117903930131 0.28125 0.2096069868995633 0.07211538461538461
0 0.62882096069869 0.32211538461538464 0.2183406113537118 0.07692307692307693
0 0.7030567685589519 0.3629807692307692 0.2183406113537118 0.07451923076923077
0 0.777292576419214 0.4014423076923077 0.18777292576419213 0.07211538461538461
0 0.8602620087336245 0.44471153846153844 0.22707423580786026 0.06971153846153846
0 0.8864628820960698 0.5 0.22707423580786026 0.07692307692307693
0 0.8864628820960698 0.5649038461538461 0.22707423580786026 0.08653846153846154
0 0.8427947598253275 0.625 0.2576419213973799 0.09134615384615384
0 0.7685589519650655 0.6802884615384616 0.2838427947598253 0.10576923076923077
0 0.6593886462882096 0.7307692307692307 0.2794759825327511 0.10817307692307693
0 0.5240174672489083 0.7740384615384616 0.24890829694323144 0.10336538461538461
0 0.4017467248908297 0.8341346153846154 0.29694323144104806 0.10576923076923077
0 0.4017467248908297 0.8966346153846154 0.28820960698689957 0.08413461538461539