0 0.5240174672489083 0.8413461538461539 0.26200873362445415 0.0673076923076923
0 0.4759825327510917 0.7692307692307693 0.26200873362445415 0.0673076923076923
0 0.4497816593886463 0.6995192307692307 0.22707423580786026 0.057692307692307696
0 0.43231441048034935 0.6274038461538461 0.24890829694323144 0.06971153846153846
0 0.4759825327510917 0.5600961538461539 0.27510917030567683 0.07692307692307693
0 0.4759825327510917 0.5048076923076923 0.22707423580786026 0.057692307692307696
0 0.5065502183406113 0.4495192307692308 0.2096069868995633 0.057692307692307696
0 0.5152838427947598 0.4014423076923077 0.18777292576419213 0.05048076923076923
0 0.5065502183406113 0.35336538461538464 0.20087336244541484 0.04326923076923077
0 0.5021834061135371 0.30528846153846156 0.20087336244541484 0.052884615384615384
0 0.4847161572052402 0.2548076923076923 0.17903930131004367 0.04567307692307692
0 0.4759825327510917 0.21634615384615385 0.1703056768558952 0.052884615384615384
0 0.462882096069869 0.16346153846153846 0.14410480349344978 0.04807692307692308
0 0.4585152838427948 0.12740384615384615 0.18340611353711792 0.040865384615384616
0 0.48034934497816595 0.08653846153846154 0.1965065502183406 0.038461538461538464
0 0.5502183406113537 0.9158653846153846 0.29694323144104806 0.0625