0 0.5857142857142857 0.7759036144578313 0.22857142857142856 0.05783132530120482
0 0.5714285714285714 0.7301204819277108 0.2642857142857143 0.03614457831325301
0 0.5142857142857142 0.6867469879518072 0.2857142857142857 0.05783132530120482
0 0.42857142857142855 0.636144578313253 0.24285714285714285 0.07710843373493977
0 0.34285714285714286 0.5927710843373494 0.24285714285714285 0.06506024096385542
0 0.3 0.5349397590361445 0.20714285714285716 0.060240963855421686
0 0.3142857142857143 0.4843373493975904 0.22142857142857142 0.043373493975903614
0 0.35 0.4506024096385542 0.21428571428571427 0.05542168674698795
0 0.40714285714285714 0.41445783132530123 0.22142857142857142 0.04819277108433735
0 0.4714285714285714 0.38313253012048193 0.20714285714285716 0.04578313253012048
0 0.5142857142857142 0.3493975903614458 0.18571428571428572 0.043373493975903614
0 0.5285714285714286 0.3108433734939759 0.17857142857142858 0.04096385542168675
0 0.5214285714285715 0.27228915662650605 0.17142857142857143 0.03614457831325301
0 0.5142857142857142 0.2433734939759036 0.18571428571428572 0.03855421686746988
0 0.4857142857142857 0.21204819277108433 0.17142857142857143 0.033734939759036145
0 0.4714285714285714 0.1783132530120482 0.16428571428571428 0.03614457831325301