0 0.4890829694323144 0.0889423076923077 0.18340611353711792 0.04567307692307692
0 0.49344978165938863 0.12740384615384615 0.16593886462882096 0.04807692307692308
0 0.4978165938864629 0.17307692307692307 0.1703056768558952 0.055288461538461536
0 0.4978165938864629 0.21394230769230768 0.16593886462882096 0.055288461538461536
0 0.4978165938864629 0.25721153846153844 0.16593886462882096 0.055288461538461536
0 0.5021834061135371 0.3004807692307692 0.17903930131004367 0.052884615384615384
0 0.49344978165938863 0.3485576923076923 0.1965065502183406 0.057692307692307696
0 0.462882096069869 0.39903846153846156 0.1965065502183406 0.06490384615384616
0 0.4148471615720524 0.44471153846153844 0.2183406113537118 0.06971153846153846
0 0.37554585152838427 0.4951923076923077 0.24017467248908297 0.06490384615384616
0 0.33624454148471616 0.5528846153846154 0.2445414847161572 0.0625
0 0.3318777292576419 0.6105769230769231 0.22707423580786026 0.0673076923076923
0 0.37117903930131 0.6658653846153846 0.2663755458515284 0.08653846153846154
0 0.42358078602620086 0.7235576923076923 0.26200873362445415 0.07932692307692307
0 0.5021834061135371 0.7836538461538461 0.27510917030567683 0.0889423076923077