0 0.6375545851528385 0.8942307692307693 0.40611353711790393 0.08413461538461539
0 0.5414847161572053 0.8197115384615384 0.36681222707423583 0.09375
0 0.4672489082969432 0.7524038461538461 0.3799126637554585 0.08653846153846154
0 0.4104803493449782 0.6947115384615384 0.39737991266375544 0.0673076923076923
0 0.4192139737991266 0.6274038461538461 0.35807860262008734 0.06971153846153846
0 0.4978165938864629 0.5649038461538461 0.3231441048034934 0.07692307692307693
0 0.5327510917030568 0.5096153846153846 0.2576419213973799 0.06971153846153846
0 0.6200873362445415 0.4543269230769231 0.29694323144104806 0.06490384615384616
0 0.6331877729257642 0.39903846153846156 0.27074235807860264 0.052884615384615384
0 0.6026200873362445 0.35096153846153844 0.2314410480349345 0.055288461538461536
0 0.5633187772925764 0.2956730769230769 0.22707423580786026 0.04807692307692308
0 0.5021834061135371 0.25721153846153844 0.22270742358078602 0.055288461538461536
0 0.4672489082969432 0.19951923076923078 0.2052401746724891 0.04807692307692308
0 0.42358078602620086 0.15384615384615385 0.24017467248908297 0.040865384615384616
0 0.3799126637554585 0.10576923076923077 0.22707423580786026 0.055288461538461536
0 0.37554585152838427 0.06490384615384616 0.2052401746724891 0.04807692307692308