0 0.5641025641025641 0.08413461538461539 0.28205128205128205 0.03365384615384615
0 0.5512820512820513 0.10817307692307693 0.2948717948717949 0.03125
0 0.5384615384615384 0.13701923076923078 0.28205128205128205 0.026442307692307692
0 0.5256410256410257 0.16105769230769232 0.28205128205128205 0.026442307692307692
0 0.5256410256410257 0.19230769230769232 0.28205128205128205 0.03125
0 0.5256410256410257 0.22355769230769232 0.3076923076923077 0.03125
0 0.5512820512820513 0.25961538461538464 0.3076923076923077 0.03125
0 0.6025641025641025 0.2980769230769231 0.3076923076923077 0.03365384615384615
0 0.6410256410256411 0.33653846153846156 0.32051282051282054 0.03365384615384615
0 0.6923076923076923 0.37259615384615385 0.34615384615384615 0.036057692307692304
0 0.7307692307692307 0.4110576923076923 0.358974358974359 0.038461538461538464
0 0.7307692307692307 0.4543269230769231 0.34615384615384615 0.038461538461538464
0 0.717948717948718 0.4951923076923077 0.34615384615384615 0.038461538461538464
0 0.6538461538461539 0.5408653846153846 0.358974358974359 0.038461538461538464
0 0.5769230769230769 0.5913461538461539 0.3974358974358974 0.04326923076923077
0 0.5 0.6418269230769231 0.41025641025641024 0.04807692307692308
0 0.4358974358974359 0.7043269230769231 0.44871794871794873 0.05048076923076923