0 0.5214285714285715 0.7493975903614458 0.21428571428571427 0.033734939759036145
0 0.5214285714285715 0.7108433734939759 0.19285714285714287 0.043373493975903614
0 0.5071428571428571 0.6674698795180722 0.20714285714285716 0.04578313253012048
0 0.5071428571428571 0.6265060240963856 0.18571428571428572 0.05060240963855422
0 0.5 0.5807228915662651 0.16428571428571428 0.043373493975903614
0 0.5 0.5421686746987951 0.16428571428571428 0.03614457831325301
0 0.4857142857142857 0.5036144578313253 0.15 0.03614457831325301
0 0.4785714285714286 0.46987951807228917 0.14285714285714285 0.03132530120481928
0 0.4857142857142857 0.44096385542168676 0.15 0.033734939759036145
0 0.5 0.40963855421686746 0.12857142857142856 0.03132530120481928
0 0.5214285714285715 0.38313253012048193 0.12142857142857143 0.03855421686746988
0 0.5285714285714286 0.3566265060240964 0.12857142857142856 0.03132530120481928
0 0.5285714285714286 0.3301204819277108 0.10714285714285714 0.03614457831325301
0 0.5142857142857142 0.3036144578313253 0.1 0.03132530120481928
0 0.5071428571428571 0.2746987951807229 0.09285714285714286 0.024096385542168676
0 0.5142857142857142 0.25060240963855424 0.12857142857142856 0.02891566265060241