0 0.4672489082969432 0.08653846153846154 0.2183406113537118 0.0625
0 0.4497816593886463 0.1346153846153846 0.2183406113537118 0.055288461538461536
0 0.4366812227074236 0.17307692307692307 0.2096069868995633 0.06009615384615385
0 0.4366812227074236 0.22115384615384615 0.2314410480349345 0.055288461538461536
0 0.43231441048034935 0.2644230769230769 0.2183406113537118 0.0625
0 0.4279475982532751 0.31009615384615385 0.22707423580786026 0.06009615384615385
0 0.4104803493449782 0.3605769230769231 0.2314410480349345 0.0625
0 0.36681222707423583 0.4110576923076923 0.24017467248908297 0.0625
0 0.3231441048034934 0.46153846153846156 0.27074235807860264 0.07692307692307693
0 0.27074235807860264 0.5144230769230769 0.2663755458515284 0.07211538461538461
0 0.2445414847161572 0.5793269230769231 0.2794759825327511 0.07692307692307693
0 0.25327510917030566 0.6490384615384616 0.27510917030567683 0.07692307692307693
0 0.314410480349345 0.71875 0.30131004366812225 0.09615384615384616
0 0.43231441048034935 0.7860576923076923 0.3318777292576419 0.11057692307692307
0 0.5589519650655022 0.8461538461538461 0.31877729257641924 0.1201923076923077