0 0.5075757575757576 0.6971153846153846 0.26515151515151514 0.04567307692307692
0 0.4621212121212121 0.6514423076923077 0.23484848484848486 0.040865384615384616
0 0.3939393939393939 0.6129807692307693 0.25757575757575757 0.04567307692307692
0 0.3560606060606061 0.5649038461538461 0.25757575757575757 0.05048076923076923
0 0.36363636363636365 0.5240384615384616 0.24242424242424243 0.05048076923076923
0 0.4015151515151515 0.4879807692307692 0.23484848484848486 0.052884615384615384
0 0.48484848484848486 0.4567307692307692 0.19696969696969696 0.05048076923076923
0 0.5833333333333334 0.43028846153846156 0.1590909090909091 0.04326923076923077
0 0.6136363636363636 0.4014423076923077 0.17424242424242425 0.040865384615384616
0 0.6363636363636364 0.3701923076923077 0.17424242424242425 0.03365384615384615
0 0.6363636363636364 0.3389423076923077 0.20454545454545456 0.026442307692307692
0 0.6212121212121212 0.31490384615384615 0.21212121212121213 0.036057692307692304
0 0.5833333333333334 0.2932692307692308 0.18181818181818182 0.03365384615384615
0 0.553030303030303 0.27163461538461536 0.14393939393939395 0.036057692307692304
0 0.5075757575757576 0.24759615384615385 0.14393939393939395 0.036057692307692304
0 0.45454545454545453 0.2283653846153846 0.14393939393939395 0.03365384615384615
0 0.42424242424242425 0.19951923076923078 0.14393939393939395 0.03125