0 0.4978165938864629 0.8653846153846154 0.22707423580786026 0.06490384615384616
0 0.462882096069869 0.7956730769230769 0.2052401746724891 0.0625
0 0.4366812227074236 0.7307692307692307 0.19213973799126638 0.06490384615384616
0 0.42358078602620086 0.6634615384615384 0.19213973799126638 0.06490384615384616
0 0.4148471615720524 0.6033653846153846 0.17903930131004367 0.0625
0 0.4366812227074236 0.5432692307692307 0.1965065502183406 0.05048076923076923
0 0.48034934497816595 0.4879807692307692 0.2314410480349345 0.052884615384615384
0 0.5021834061135371 0.4375 0.21397379912663755 0.052884615384615384
0 0.5152838427947598 0.38221153846153844 0.1965065502183406 0.055288461538461536
0 0.5152838427947598 0.3317307692307692 0.17903930131004367 0.052884615384615384
0 0.5109170305676856 0.27884615384615385 0.14410480349344978 0.04807692307692308
0 0.4890829694323144 0.23557692307692307 0.13973799126637554 0.04567307692307692
0 0.48034934497816595 0.1875 0.15283842794759825 0.055288461538461536
0 0.4497816593886463 0.13701923076923078 0.14847161572052403 0.04807692307692308
0 0.44541484716157204 0.09615384615384616 0.15283842794759825 0.040865384615384616