0 0.4759825327510917 0.8870192307692307 0.25327510917030566 0.06490384615384616
0 0.4497816593886463 0.8149038461538461 0.2663755458515284 0.0625
0 0.4366812227074236 0.7403846153846154 0.22707423580786026 0.0625
0 0.45414847161572053 0.6706730769230769 0.22270742358078602 0.0673076923076923
0 0.4890829694323144 0.6081730769230769 0.24017467248908297 0.06490384615384616
0 0.5458515283842795 0.5504807692307693 0.24890829694323144 0.07451923076923077
0 0.5982532751091703 0.4879807692307692 0.22707423580786026 0.057692307692307696
0 0.6331877729257642 0.43990384615384615 0.21397379912663755 0.052884615384615384
0 0.6506550218340611 0.3870192307692308 0.2052401746724891 0.05048076923076923
0 0.6593886462882096 0.33413461538461536 0.18340611353711792 0.057692307692307696
0 0.6331877729257642 0.28846153846153844 0.18777292576419213 0.057692307692307696
0 0.5851528384279476 0.24519230769230768 0.1615720524017467 0.04807692307692308
0 0.5065502183406113 0.21634615384615385 0.1572052401746725 0.04567307692307692
0 0.47161572052401746 0.17548076923076922 0.16593886462882096 0.05048076923076923
0 0.4497816593886463 0.13221153846153846 0.15283842794759825 0.052884615384615384
0 0.4410480349344978 0.0889423076923077 0.13973799126637554 0.04326923076923077