0 0.40611353711790393 0.021634615384615384 0.2576419213973799 0.03125
0 0.4192139737991266 0.05048076923076923 0.25327510917030566 0.038461538461538464
0 0.4585152838427948 0.0889423076923077 0.25327510917030566 0.05048076923076923
0 0.5065502183406113 0.1201923076923077 0.24017467248908297 0.05048076923076923
0 0.5720524017467249 0.16346153846153846 0.2314410480349345 0.052884615384615384
0 0.6550218340611353 0.19951923076923078 0.23580786026200873 0.055288461538461536
0 0.7292576419213974 0.24519230769230768 0.2838427947598253 0.06971153846153846
0 0.759825327510917 0.29086538461538464 0.27510917030567683 0.06490384615384616
0 0.7205240174672489 0.35096153846153844 0.27074235807860264 0.07451923076923077
0 0.6681222707423581 0.39663461538461536 0.28820960698689957 0.08173076923076923
0 0.5633187772925764 0.44471153846153844 0.30131004366812225 0.08413461538461539
0 0.43231441048034935 0.49759615384615385 0.31877729257641924 0.07692307692307693
0 0.32751091703056767 0.5552884615384616 0.31877729257641924 0.08173076923076923
0 0.26200873362445415 0.625 0.33624454148471616 0.07211538461538461
0 0.2838427947598253 0.6875 0.38427947598253276 0.07692307692307693
0 0.36681222707423583 0.7524038461538461 0.388646288209607 0.08653846153846154
0 0.4890829694323144 0.8245192307692307 0.4017467248908297 0.0985576923076923
0 0.5895196506550219 0.8942307692307693 0.3624454148471616 0.0985576923076923