0 0.5109170305676856 0.052884615384615384 0.2314410480349345 0.052884615384615384
0 0.5152838427947598 0.10096153846153846 0.21397379912663755 0.06009615384615385
0 0.5327510917030568 0.15625 0.24890829694323144 0.07451923076923077
0 0.5676855895196506 0.19951923076923078 0.25327510917030566 0.0625
0 0.6331877729257642 0.25240384615384615 0.2925764192139738 0.08173076923076923
0 0.7117903930131004 0.2956730769230769 0.30131004366812225 0.08173076923076923
0 0.777292576419214 0.34134615384615385 0.2663755458515284 0.07451923076923077
0 0.8165938864628821 0.3942307692307692 0.29694323144104806 0.06971153846153846
0 0.8122270742358079 0.4567307692307692 0.27510917030567683 0.08173076923076923
0 0.7685589519650655 0.5144230769230769 0.2794759825327511 0.0889423076923077
0 0.6768558951965066 0.5600961538461539 0.27074235807860264 0.0889423076923077
0 0.5589519650655022 0.5985576923076923 0.2925764192139738 0.08173076923076923
0 0.4672489082969432 0.6370192307692307 0.3056768558951965 0.09615384615384616
0 0.38427947598253276 0.6875 0.31004366812227074 0.0985576923076923
0 0.33624454148471616 0.7596153846153846 0.2925764192139738 0.0889423076923077
0 0.3318777292576419 0.8413461538461539 0.2925764192139738 0.08413461538461539
0 0.35807860262008734 0.9206730769230769 0.3318777292576419 0.0889423076923077