0 0.4931506849315068 0.2668269230769231 0.15753424657534246 0.021634615384615384
0 0.5 0.2860576923076923 0.13013698630136986 0.026442307692307692
0 0.5136986301369864 0.3125 0.13013698630136986 0.02403846153846154
0 0.5342465753424658 0.33413461538461536 0.1232876712328767 0.026442307692307692
0 0.5547945205479452 0.3557692307692308 0.13013698630136986 0.03365384615384615
0 0.5958904109589042 0.37740384615384615 0.13013698630136986 0.03125
0 0.6232876712328768 0.4014423076923077 0.1232876712328767 0.028846153846153848
0 0.636986301369863 0.4254807692307692 0.13013698630136986 0.026442307692307692
0 0.6438356164383562 0.4519230769230769 0.13013698630136986 0.03125
0 0.636986301369863 0.4807692307692308 0.136986301369863 0.03125
0 0.6164383561643836 0.5096153846153846 0.136986301369863 0.038461538461538464
0 0.5821917808219178 0.5408653846153846 0.1506849315068493 0.040865384615384616
0 0.5547945205479452 0.5745192307692307 0.15753424657534246 0.04326923076923077
0 0.5273972602739726 0.6105769230769231 0.14383561643835616 0.040865384615384616
0 0.5136986301369864 0.6514423076923077 0.15753424657534246 0.040865384615384616
0 0.5068493150684932 0.6923076923076923 0.1643835616438356 0.040865384615384616