0 0.4192139737991266 0.8942307692307693 0.29694323144104806 0.06971153846153846
0 0.388646288209607 0.8245192307692307 0.27074235807860264 0.057692307692307696
0 0.37554585152838427 0.7740384615384616 0.27510917030567683 0.04567307692307692
0 0.36681222707423583 0.7067307692307693 0.27074235807860264 0.06971153846153846
0 0.37554585152838427 0.6346153846153846 0.2183406113537118 0.0625
0 0.4585152838427948 0.5745192307692307 0.18777292576419213 0.07932692307692307
0 0.5283842794759825 0.5216346153846154 0.1965065502183406 0.08173076923076923
0 0.5982532751091703 0.47596153846153844 0.22707423580786026 0.09375
0 0.6637554585152838 0.4254807692307692 0.1965065502183406 0.06971153846153846
0 0.7117903930131004 0.37259615384615385 0.2052401746724891 0.06490384615384616
0 0.7074235807860262 0.3245192307692308 0.24890829694323144 0.04567307692307692
0 0.6812227074235808 0.27403846153846156 0.2052401746724891 0.057692307692307696
0 0.6375545851528385 0.2283653846153846 0.21397379912663755 0.055288461538461536
0 0.5895196506550219 0.1875 0.2096069868995633 0.055288461538461536
0 0.5327510917030568 0.15384615384615385 0.18340611353711792 0.04567307692307692
0 0.5152838427947598 0.10817307692307693 0.19213973799126638 0.038461538461538464
0 0.5109170305676856 0.06971153846153846 0.16593886462882096 0.04326923076923077