0 0.6473684210526316 0.7355769230769231 0.18421052631578946 0.040865384615384616
0 0.6157894736842106 0.6971153846153846 0.18421052631578946 0.04567307692307692
0 0.5526315789473685 0.6514423076923077 0.19473684210526315 0.07932692307692307
0 0.5157894736842106 0.5961538461538461 0.2 0.0673076923076923
0 0.48947368421052634 0.5384615384615384 0.20526315789473684 0.06009615384615385
0 0.5263157894736842 0.49038461538461536 0.2 0.052884615384615384
0 0.5789473684210527 0.43990384615384615 0.18947368421052632 0.052884615384615384
0 0.6526315789473685 0.3942307692307692 0.16842105263157894 0.06009615384615385
0 0.6894736842105263 0.3605769230769231 0.14736842105263157 0.04567307692307692
0 0.7052631578947368 0.31490384615384615 0.1368421052631579 0.052884615384615384
0 0.7105263157894737 0.27884615384615385 0.14210526315789473 0.04807692307692308
0 0.6947368421052632 0.23798076923076922 0.15263157894736842 0.040865384615384616
0 0.6578947368421053 0.20192307692307693 0.14736842105263157 0.038461538461538464
0 0.6157894736842106 0.17307692307692307 0.12105263157894737 0.03365384615384615
0 0.5789473684210527 0.13701923076923078 0.11578947368421053 0.04326923076923077