0 0.5544554455445545 0.14182692307692307 0.0891089108910891 0.021634615384615384
0 0.5445544554455446 0.1658653846153846 0.1188118811881188 0.028846153846153848
0 0.5247524752475248 0.19230769230769232 0.11386138613861387 0.03365384615384615
0 0.5247524752475248 0.21875 0.09405940594059406 0.036057692307692304
0 0.5198019801980198 0.25 0.11386138613861387 0.036057692307692304
0 0.5198019801980198 0.28125 0.1188118811881188 0.038461538461538464
0 0.41089108910891087 0.6033653846153846 0.1485148514851485 0.04807692307692308
0 0.4900990099009901 0.5649038461538461 0.13366336633663367 0.0625
0 0.5891089108910891 0.5480769230769231 0.1188118811881188 0.055288461538461536
0 0.5495049504950495 0.3173076923076923 0.11386138613861387 0.04326923076923077
0 0.599009900990099 0.3485576923076923 0.10396039603960396 0.04567307692307692
0 0.6782178217821783 0.36538461538461536 0.10396039603960396 0.040865384615384616
0 0.7574257425742574 0.4735576923076923 0.12871287128712872 0.038461538461538464
0 0.7079207920792079 0.40384615384615385 0.12376237623762376 0.03125
0 0.7425742574257426 0.43028846153846156 0.12871287128712872 0.04326923076923077
0 0.698019801980198 0.5072115384615384 0.12376237623762376 0.036057692307692304
0 0.6435643564356436 0.5264423076923077 0.1188118811881188 0.038461538461538464