0 0.4563106796116505 0.1346153846153846 0.2621359223300971 0.04326923076923077
0 0.44660194174757284 0.17307692307692307 0.2621359223300971 0.040865384615384616
0 0.46601941747572817 0.21153846153846154 0.23300970873786409 0.04326923076923077
0 0.4854368932038835 0.25 0.2912621359223301 0.04807692307692308
0 0.5339805825242718 0.28846153846153844 0.27184466019417475 0.055288461538461536
0 0.5631067961165048 0.3317307692307692 0.2621359223300971 0.055288461538461536
0 0.6019417475728155 0.37259615384615385 0.2912621359223301 0.055288461538461536
0 0.6796116504854369 0.4110576923076923 0.32038834951456313 0.055288461538461536
0 0.7572815533980582 0.44471153846153844 0.33980582524271846 0.05048076923076923
0 0.7961165048543689 0.4951923076923077 0.3592233009708738 0.0625
0 0.7475728155339806 0.5432692307692307 0.3592233009708738 0.06971153846153846
0 0.6407766990291263 0.5889423076923077 0.36893203883495146 0.07451923076923077
0 0.5242718446601942 0.6298076923076923 0.39805825242718446 0.08173076923076923
0 0.4174757281553398 0.6850961538461539 0.4077669902912621 0.08173076923076923
0 0.39805825242718446 0.7451923076923077 0.42718446601941745 0.06971153846153846
0 0.4077669902912621 0.8125 0.4077669902912621 0.0673076923076923