0 0.5851528384279476 0.7692307692307693 0.3799126637554585 0.06009615384615385
0 0.5633187772925764 0.7091346153846154 0.3406113537117904 0.052884615384615384
0 0.5327510917030568 0.6538461538461539 0.3537117903930131 0.052884615384615384
0 0.5021834061135371 0.6057692307692307 0.35807860262008734 0.04807692307692308
0 0.45414847161572053 0.5552884615384616 0.33624454148471616 0.057692307692307696
0 0.4104803493449782 0.5 0.3318777292576419 0.055288461538461536
0 0.40611353711790393 0.44471153846153844 0.2794759825327511 0.057692307692307696
0 0.39737991266375544 0.3918269230769231 0.2794759825327511 0.06009615384615385
0 0.4104803493449782 0.33653846153846156 0.27074235807860264 0.055288461538461536
0 0.4104803493449782 0.28846153846153844 0.24017467248908297 0.0625
0 0.4017467248908297 0.23798076923076922 0.22270742358078602 0.0625
0 0.4192139737991266 0.18509615384615385 0.2096069868995633 0.0625
0 0.47161572052401746 0.1346153846153846 0.22707423580786026 0.052884615384615384
0 0.5327510917030568 0.09375 0.22270742358078602 0.04807692307692308
0 0.5720524017467249 0.06009615384615385 0.2576419213973799 0.055288461538461536