0 0.42358078602620086 0.07211538461538461 0.17467248908296942 0.036057692307692304
0 0.43231441048034935 0.11298076923076923 0.2052401746724891 0.038461538461538464
0 0.4410480349344978 0.15625 0.21397379912663755 0.038461538461538464
0 0.43231441048034935 0.19951923076923078 0.25327510917030566 0.052884615384615384
0 0.4410480349344978 0.25240384615384615 0.27074235807860264 0.06009615384615385
0 0.42358078602620086 0.2956730769230769 0.27074235807860264 0.05048076923076923
0 0.4192139737991266 0.34375 0.25327510917030566 0.05048076923076923
0 0.42358078602620086 0.40384615384615385 0.2663755458515284 0.057692307692307696
0 0.3930131004366812 0.4495192307692308 0.24890829694323144 0.06009615384615385
0 0.3406113537117904 0.5024038461538461 0.24890829694323144 0.06009615384615385
0 0.32751091703056767 0.5480769230769231 0.2838427947598253 0.06490384615384616
0 0.2576419213973799 0.6105769230769231 0.3318777292576419 0.0625
0 0.23580786026200873 0.6802884615384616 0.3537117903930131 0.06490384615384616
0 0.24890829694323144 0.75 0.3406113537117904 0.07211538461538461
0 0.35807860262008734 0.8100961538461539 0.3318777292576419 0.07211538461538461