0 0.35807860262008734 0.8485576923076923 0.34497816593886466 0.06971153846153846
0 0.3624454148471616 0.7788461538461539 0.3318777292576419 0.06490384615384616
0 0.4366812227074236 0.7139423076923077 0.31004366812227074 0.0625
0 0.5720524017467249 0.6514423076923077 0.28820960698689957 0.06490384615384616
0 0.6986899563318777 0.5985576923076923 0.3231441048034934 0.08173076923076923
0 0.7379912663755459 0.5264423076923077 0.30131004366812225 0.0673076923076923
0 0.7248908296943232 0.4735576923076923 0.28820960698689957 0.06971153846153846
0 0.6681222707423581 0.4110576923076923 0.26200873362445415 0.057692307692307696
0 0.5895196506550219 0.3605769230769231 0.2445414847161572 0.06009615384615385
0 0.5458515283842795 0.30528846153846156 0.27510917030567683 0.06490384615384616
0 0.4847161572052402 0.25240384615384615 0.25327510917030566 0.055288461538461536
0 0.44541484716157204 0.20432692307692307 0.24890829694323144 0.0625
0 0.44541484716157204 0.16346153846153846 0.24017467248908297 0.0625
0 0.4366812227074236 0.11538461538461539 0.2663755458515284 0.057692307692307696
0 0.43231441048034935 0.07451923076923077 0.25327510917030566 0.052884615384615384