0 0.4585152838427948 0.09375 0.1615720524017467 0.05048076923076923
0 0.462882096069869 0.1346153846153846 0.1615720524017467 0.04567307692307692
0 0.47161572052401746 0.18028846153846154 0.17467248908296942 0.052884615384615384
0 0.49344978165938863 0.22115384615384615 0.17467248908296942 0.04567307692307692
0 0.5240174672489083 0.2644230769230769 0.19213973799126638 0.055288461538461536
0 0.5502183406113537 0.30288461538461536 0.1965065502183406 0.052884615384615384
0 0.5851528384279476 0.35336538461538464 0.19213973799126638 0.06009615384615385
0 0.6026200873362445 0.40384615384615385 0.18777292576419213 0.055288461538461536
0 0.6069868995633187 0.4543269230769231 0.18777292576419213 0.0625
0 0.6026200873362445 0.5072115384615384 0.1965065502183406 0.06971153846153846
0 0.5720524017467249 0.5697115384615384 0.19213973799126638 0.06971153846153846
0 0.537117903930131 0.6346153846153846 0.1965065502183406 0.07692307692307693
0 0.5021834061135371 0.6971153846153846 0.1965065502183406 0.06971153846153846
0 0.462882096069869 0.7668269230769231 0.2183406113537118 0.06490384615384616
0 0.4585152838427948 0.8317307692307693 0.2183406113537118 0.0673076923076923
0 0.48034934497816595 0.8942307692307693 0.23580786026200873 0.06490384615384616