0 0.5109170305676856 0.8557692307692307 0.29694323144104806 0.08173076923076923
0 0.4585152838427948 0.7860576923076923 0.24017467248908297 0.06490384615384616
0 0.44541484716157204 0.7211538461538461 0.25327510917030566 0.0625
0 0.45414847161572053 0.6610576923076923 0.24017467248908297 0.06971153846153846
0 0.45414847161572053 0.5889423076923077 0.25327510917030566 0.0673076923076923
0 0.47161572052401746 0.53125 0.22707423580786026 0.057692307692307696
0 0.519650655021834 0.49278846153846156 0.18777292576419213 0.07692307692307693
0 0.5633187772925764 0.4423076923076923 0.22270742358078602 0.0673076923076923
0 0.5851528384279476 0.3918269230769231 0.18777292576419213 0.07451923076923077
0 0.6069868995633187 0.33653846153846156 0.18340611353711792 0.055288461538461536
0 0.6069868995633187 0.2860576923076923 0.16593886462882096 0.055288461538461536
0 0.5938864628820961 0.23798076923076922 0.18777292576419213 0.04326923076923077
0 0.5807860262008734 0.1875 0.18340611353711792 0.04807692307692308
0 0.5589519650655022 0.13942307692307693 0.17903930131004367 0.052884615384615384
0 0.537117903930131 0.09134615384615384 0.17903930131004367 0.04326923076923077