0 0.5283842794759825 0.11778846153846154 0.25327510917030566 0.06490384615384616
0 0.5764192139737991 0.15384615384615385 0.2445414847161572 0.0673076923076923
0 0.6244541484716157 0.18990384615384615 0.24890829694323144 0.07451923076923077
0 0.6681222707423581 0.23557692307692307 0.24017467248908297 0.06971153846153846
0 0.7030567685589519 0.27403846153846156 0.26200873362445415 0.07692307692307693
0 0.7292576419213974 0.3245192307692308 0.23580786026200873 0.06490384615384616
0 0.74235807860262 0.37259615384615385 0.22707423580786026 0.06009615384615385
0 0.7205240174672489 0.4254807692307692 0.25327510917030566 0.07692307692307693
0 0.6681222707423581 0.47115384615384615 0.2445414847161572 0.07692307692307693
0 0.5851528384279476 0.5264423076923077 0.26200873362445415 0.08653846153846154
0 0.5109170305676856 0.5913461538461539 0.31877729257641924 0.09375
0 0.44541484716157204 0.6586538461538461 0.31877729257641924 0.0889423076923077
0 0.4104803493449782 0.7283653846153846 0.3231441048034934 0.08173076923076923
0 0.42358078602620086 0.8004807692307693 0.33624454148471616 0.09615384615384616