0 0.4807692307692308 0.22596153846153846 0.11538461538461539 0.026442307692307692
0 0.4807692307692308 0.25 0.11538461538461539 0.03125
0 0.4935897435897436 0.2764423076923077 0.1282051282051282 0.028846153846153848
0 0.4935897435897436 0.3004807692307692 0.12179487179487179 0.028846153846153848
0 0.48717948717948717 0.3269230769230769 0.1282051282051282 0.03365384615384615
0 0.4935897435897436 0.3581730769230769 0.12179487179487179 0.03365384615384615
0 0.4935897435897436 0.3870192307692308 0.1282051282051282 0.03365384615384615
0 0.48717948717948717 0.4182692307692308 0.12179487179487179 0.03125
0 0.48717948717948717 0.44711538461538464 0.1282051282051282 0.03125
0 0.48717948717948717 0.47836538461538464 0.1282051282051282 0.03365384615384615
0 0.4807692307692308 0.5120192307692307 0.14102564102564102 0.038461538461538464
0 0.47435897435897434 0.5480769230769231 0.14743589743589744 0.036057692307692304
0 0.46794871794871795 0.5865384615384616 0.15384615384615385 0.04807692307692308
0 0.46153846153846156 0.6298076923076923 0.16025641025641027 0.040865384615384616
0 0.46794871794871795 0.6754807692307693 0.16025641025641027 0.04326923076923077
0 0.5 0.7211538461538461 0.1987179487179487 0.04567307692307692