0 0.45414847161572053 0.07451923076923077 0.18340611353711792 0.040865384615384616
0 0.4759825327510917 0.11778846153846154 0.19213973799126638 0.055288461538461536
0 0.48034934497816595 0.16105769230769232 0.17903930131004367 0.05048076923076923
0 0.5109170305676856 0.20673076923076922 0.17903930131004367 0.055288461538461536
0 0.5283842794759825 0.25721153846153844 0.17467248908296942 0.055288461538461536
0 0.5327510917030568 0.3076923076923077 0.18340611353711792 0.055288461538461536
0 0.537117903930131 0.3581730769230769 0.19213973799126638 0.0625
0 0.519650655021834 0.4110576923076923 0.20087336244541484 0.06490384615384616
0 0.48034934497816595 0.45913461538461536 0.21397379912663755 0.06971153846153846
0 0.4148471615720524 0.5048076923076923 0.21397379912663755 0.07451923076923077
0 0.35807860262008734 0.5600961538461539 0.21397379912663755 0.07211538461538461
0 0.32751091703056767 0.6201923076923077 0.22707423580786026 0.0673076923076923
0 0.37554585152838427 0.6802884615384616 0.2314410480349345 0.06971153846153846
0 0.44541484716157204 0.7355769230769231 0.2576419213973799 0.07932692307692307
0 0.5327510917030568 0.7932692307692307 0.26200873362445415 0.07211538461538461
0 0.5545851528384279 0.875 0.31004366812227074 0.09375