0 0.4875 0.7980769230769231 0.4 0.04567307692307692
0 0.40625 0.7451923076923077 0.34375 0.04326923076923077
0 0.35625 0.6850961538461539 0.34375 0.05048076923076923
0 0.4 0.6322115384615384 0.34375 0.04567307692307692
0 0.5 0.5793269230769231 0.33125 0.036057692307692304
0 0.5875 0.5360576923076923 0.35 0.028846153846153848
0 0.6625 0.4951923076923077 0.34375 0.03125
0 0.7 0.4543269230769231 0.2625 0.03125
0 0.6875 0.40865384615384615 0.275 0.026442307692307692
0 0.66875 0.37259615384615385 0.31875 0.026442307692307692
0 0.64375 0.33413461538461536 0.20625 0.021634615384615384
0 0.6 0.2980769230769231 0.24375 0.03125
0 0.55 0.2668269230769231 0.275 0.028846153846153848
0 0.5125 0.23557692307692307 0.2875 0.021634615384615384
0 0.48125 0.20192307692307693 0.25625 0.02403846153846154