0 0.4847161572052402 0.09375 0.1615720524017467 0.04567307692307692
0 0.5065502183406113 0.13701923076923078 0.1965065502183406 0.04807692307692308
0 0.5327510917030568 0.18028846153846154 0.17467248908296942 0.052884615384615384
0 0.5283842794759825 0.23076923076923078 0.18340611353711792 0.06971153846153846
0 0.5152838427947598 0.2764423076923077 0.19213973799126638 0.052884615384615384
0 0.5065502183406113 0.3293269230769231 0.1965065502183406 0.06490384615384616
0 0.5152838427947598 0.3894230769230769 0.2052401746724891 0.04807692307692308
0 0.5152838427947598 0.4423076923076923 0.22270742358078602 0.05048076923076923
0 0.5021834061135371 0.5 0.22707423580786026 0.0673076923076923
0 0.47161572052401746 0.5576923076923077 0.2663755458515284 0.055288461538461536
0 0.4410480349344978 0.6105769230769231 0.2576419213973799 0.055288461538461536
0 0.4497816593886463 0.6778846153846154 0.26200873362445415 0.055288461538461536
0 0.4672489082969432 0.7427884615384616 0.2838427947598253 0.06009615384615385
0 0.5109170305676856 0.8100961538461539 0.2925764192139738 0.06490384615384616
0 0.5414847161572053 0.875 0.2794759825327511 0.0625