0 0.43231441048034935 0.8413461538461539 0.27510917030567683 0.08653846153846154
0 0.4497816593886463 0.7620192307692307 0.2314410480349345 0.08413461538461539
0 0.4847161572052402 0.6899038461538461 0.23580786026200873 0.08173076923076923
0 0.5458515283842795 0.6322115384615384 0.22707423580786026 0.07932692307692307
0 0.5982532751091703 0.5721153846153846 0.24890829694323144 0.07211538461538461
0 0.6506550218340611 0.5168269230769231 0.2183406113537118 0.0625
0 0.6681222707423581 0.4567307692307692 0.20087336244541484 0.057692307692307696
0 0.6724890829694323 0.40625 0.23580786026200873 0.0625
0 0.6419213973799127 0.3485576923076923 0.22270742358078602 0.06009615384615385
0 0.6069868995633187 0.3004807692307692 0.20087336244541484 0.06009615384615385
0 0.5676855895196506 0.25721153846153844 0.1965065502183406 0.052884615384615384
0 0.5283842794759825 0.20673076923076922 0.17467248908296942 0.04807692307692308
0 0.4847161572052402 0.1658653846153846 0.14410480349344978 0.05048076923076923
0 0.462882096069869 0.12980769230769232 0.1703056768558952 0.04326923076923077
0 0.4410480349344978 0.08173076923076923 0.17467248908296942 0.052884615384615384
0 0.4279475982532751 0.040865384615384616 0.1572052401746725 0.03365384615384615