0 0.4279475982532751 0.9110576923076923 0.34934497816593885 0.0673076923076923
0 0.4279475982532751 0.84375 0.31877729257641924 0.06490384615384616
0 0.43231441048034935 0.7716346153846154 0.314410480349345 0.06009615384615385
0 0.4279475982532751 0.7043269230769231 0.2794759825327511 0.0673076923076923
0 0.40611353711790393 0.6370192307692307 0.26200873362445415 0.0673076923076923
0 0.40611353711790393 0.5721153846153846 0.2576419213973799 0.055288461538461536
0 0.4192139737991266 0.5120192307692307 0.26200873362445415 0.052884615384615384
0 0.43231441048034935 0.4543269230769231 0.24017467248908297 0.052884615384615384
0 0.4410480349344978 0.40625 0.2445414847161572 0.052884615384615384
0 0.45414847161572053 0.3605769230769231 0.23580786026200873 0.055288461538461536
0 0.4497816593886463 0.30288461538461536 0.23580786026200873 0.05048076923076923
0 0.462882096069869 0.25 0.25327510917030566 0.052884615384615384
0 0.4497816593886463 0.19230769230769232 0.22270742358078602 0.055288461538461536
0 0.44541484716157204 0.14423076923076922 0.20087336244541484 0.04567307692307692
0 0.45414847161572053 0.09615384615384616 0.1965065502183406 0.04326923076923077