0 0.4104803493449782 0.0985576923076923 0.18777292576419213 0.06009615384615385
0 0.4104803493449782 0.15144230769230768 0.19213973799126638 0.06009615384615385
0 0.42358078602620086 0.19471153846153846 0.18777292576419213 0.0625
0 0.4497816593886463 0.23557692307692307 0.17903930131004367 0.06971153846153846
0 0.4847161572052402 0.27403846153846156 0.19213973799126638 0.06490384615384616
0 0.5152838427947598 0.3173076923076923 0.21397379912663755 0.0673076923076923
0 0.537117903930131 0.3605769230769231 0.2183406113537118 0.06490384615384616
0 0.5458515283842795 0.4110576923076923 0.24017467248908297 0.0625
0 0.5633187772925764 0.46153846153846156 0.24017467248908297 0.0625
0 0.5633187772925764 0.5120192307692307 0.22707423580786026 0.0625
0 0.5545851528384279 0.5745192307692307 0.23580786026200873 0.06971153846153846
0 0.5109170305676856 0.6370192307692307 0.22707423580786026 0.08413461538461539
0 0.4759825327510917 0.6923076923076923 0.21397379912663755 0.08653846153846154
0 0.4279475982532751 0.7596153846153846 0.22270742358078602 0.0889423076923077
0 0.4192139737991266 0.8293269230769231 0.24890829694323144 0.0625
0 0.4279475982532751 0.9038461538461539 0.2838427947598253 0.07692307692307693