0 0.5065502183406113 0.8269230769230769 0.28820960698689957 0.0625
0 0.45414847161572053 0.7548076923076923 0.2838427947598253 0.06009615384615385
0 0.43231441048034935 0.6875 0.26200873362445415 0.06490384615384616
0 0.4497816593886463 0.6177884615384616 0.2838427947598253 0.0625
0 0.4978165938864629 0.5552884615384616 0.2794759825327511 0.06490384615384616
0 0.5633187772925764 0.5024038461538461 0.2838427947598253 0.06009615384615385
0 0.6069868995633187 0.4519230769230769 0.27074235807860264 0.06009615384615385
0 0.6244541484716157 0.4014423076923077 0.2314410480349345 0.06490384615384616
0 0.62882096069869 0.35336538461538464 0.22707423580786026 0.057692307692307696
0 0.6244541484716157 0.30528846153846156 0.20087336244541484 0.04807692307692308
0 0.6157205240174672 0.2620192307692308 0.18777292576419213 0.05048076923076923
0 0.5895196506550219 0.22115384615384615 0.19213973799126638 0.05048076923076923
0 0.5458515283842795 0.1778846153846154 0.1965065502183406 0.05048076923076923
0 0.519650655021834 0.13701923076923078 0.2096069868995633 0.052884615384615384
0 0.49344978165938863 0.09375 0.20087336244541484 0.055288461538461536
0 0.4847161572052402 0.055288461538461536 0.1965065502183406 0.05048076923076923