0 0.5938864628820961 0.8221153846153846 0.2925764192139738 0.06971153846153846
0 0.6026200873362445 0.8774038461538461 0.2925764192139738 0.0625
0 0.62882096069869 0.9447115384615384 0.2838427947598253 0.06009615384615385
0 0.5676855895196506 0.7524038461538461 0.2314410480349345 0.06971153846153846
0 0.5764192139737991 0.6850961538461539 0.23580786026200873 0.0625
0 0.5851528384279476 0.6225961538461539 0.24890829694323144 0.06009615384615385
0 0.6069868995633187 0.5625 0.23580786026200873 0.06971153846153846
0 0.6375545851528385 0.5072115384615384 0.2096069868995633 0.0673076923076923
0 0.6593886462882096 0.4519230769230769 0.2096069868995633 0.05048076923076923
0 0.6724890829694323 0.40625 0.20087336244541484 0.057692307692307696
0 0.6375545851528385 0.3581730769230769 0.17467248908296942 0.05048076923076923
0 0.5982532751091703 0.3125 0.16593886462882096 0.06009615384615385
0 0.5458515283842795 0.2692307692307692 0.15283842794759825 0.06009615384615385
0 0.519650655021834 0.2283653846153846 0.18777292576419213 0.04567307692307692
0 0.4847161572052402 0.19471153846153846 0.16593886462882096 0.04807692307692308
0 0.4890829694323144 0.1466346153846154 0.19213973799126638 0.04807692307692308