0 0.4791666666666667 0.25961538461538464 0.1111111111111111 0.026442307692307692
0 0.4652777777777778 0.28365384615384615 0.1111111111111111 0.028846153846153848
0 0.4652777777777778 0.3076923076923077 0.13194444444444445 0.028846153846153848
0 0.4722222222222222 0.33653846153846156 0.1111111111111111 0.02403846153846154
0 0.4652777777777778 0.3581730769230769 0.13194444444444445 0.03365384615384615
0 0.4513888888888889 0.3870192307692308 0.11805555555555555 0.028846153846153848
0 0.4513888888888889 0.41346153846153844 0.1388888888888889 0.028846153846153848
0 0.4513888888888889 0.4423076923076923 0.1388888888888889 0.03365384615384615
0 0.4513888888888889 0.4735576923076923 0.1597222222222222 0.03365384615384615
0 0.4305555555555556 0.5072115384615384 0.1527777777777778 0.036057692307692304
0 0.4166666666666667 0.5432692307692307 0.16666666666666666 0.03365384615384615
0 0.4097222222222222 0.5817307692307693 0.1597222222222222 0.038461538461538464
0 0.4097222222222222 0.625 0.1597222222222222 0.040865384615384616
0 0.4444444444444444 0.6682692307692307 0.2013888888888889 0.05048076923076923
0 0.5 0.7067307692307693 0.2013888888888889 0.04807692307692308
0 0.5416666666666666 0.7475961538461539 0.2013888888888889 0.038461538461538464