0 0.4811320754716981 0.7211538461538461 0.32075471698113206 0.03365384615384615
0 0.4528301886792453 0.6826923076923077 0.3018867924528302 0.03365384615384615
0 0.44339622641509435 0.6442307692307693 0.27358490566037735 0.036057692307692304
0 0.4339622641509434 0.6033653846153846 0.24528301886792453 0.03365384615384615
0 0.44339622641509435 0.5673076923076923 0.25471698113207547 0.03125
0 0.4716981132075472 0.53125 0.22641509433962265 0.028846153846153848
0 0.4716981132075472 0.5 0.22641509433962265 0.026442307692307692
0 0.5 0.47115384615384615 0.2169811320754717 0.02403846153846154
0 0.5094339622641509 0.4423076923076923 0.20754716981132076 0.02403846153846154
0 0.5094339622641509 0.41586538461538464 0.18867924528301888 0.021634615384615384
0 0.5094339622641509 0.3918269230769231 0.1792452830188679 0.021634615384615384
0 0.5094339622641509 0.36778846153846156 0.1792452830188679 0.016826923076923076
0 0.5094339622641509 0.34375 0.1792452830188679 0.019230769230769232
0 0.4811320754716981 0.31971153846153844 0.1792452830188679 0.019230769230769232
0 0.4811320754716981 0.2956730769230769 0.16981132075471697 0.019230769230769232
0 0.4716981132075472 0.27403846153846156 0.19811320754716982 0.016826923076923076