0 0.4759825327510917 0.8221153846153846 0.3624454148471616 0.06490384615384616
0 0.43231441048034935 0.7524038461538461 0.34497816593886466 0.07211538461538461
0 0.4366812227074236 0.6802884615384616 0.3537117903930131 0.0673076923076923
0 0.5021834061135371 0.6201923076923077 0.34497816593886466 0.07451923076923077
0 0.5633187772925764 0.5625 0.3799126637554585 0.06971153846153846
0 0.62882096069869 0.5024038461538461 0.33624454148471616 0.0673076923076923
0 0.6681222707423581 0.4519230769230769 0.2838427947598253 0.057692307692307696
0 0.7030567685589519 0.39663461538461536 0.2663755458515284 0.052884615384615384
0 0.6943231441048034 0.34134615384615385 0.2794759825327511 0.057692307692307696
0 0.6986899563318777 0.2932692307692308 0.26200873362445415 0.052884615384615384
0 0.6724890829694323 0.24759615384615385 0.22707423580786026 0.04807692307692308
0 0.611353711790393 0.20432692307692307 0.24017467248908297 0.052884615384615384
0 0.5676855895196506 0.15625 0.2314410480349345 0.052884615384615384
0 0.5414847161572053 0.1201923076923077 0.24017467248908297 0.04567307692307692
0 0.519650655021834 0.08173076923076923 0.24017467248908297 0.05048076923076923