0 0.4890829694323144 0.052884615384615384 0.2925764192139738 0.055288461538461536
0 0.48034934497816595 0.0889423076923077 0.2838427947598253 0.055288461538461536
0 0.462882096069869 0.12980769230769232 0.2925764192139738 0.055288461538461536
0 0.4585152838427948 0.17307692307692307 0.30131004366812225 0.055288461538461536
0 0.4410480349344978 0.22596153846153846 0.32751091703056767 0.07692307692307693
0 0.39737991266375544 0.28365384615384615 0.314410480349345 0.06971153846153846
0 0.34497816593886466 0.3557692307692308 0.34934497816593885 0.09375
0 0.3318777292576419 0.4206730769230769 0.3624454148471616 0.07692307692307693
0 0.31877729257641924 0.49278846153846156 0.36681222707423583 0.07692307692307693
0 0.34934497816593885 0.5673076923076923 0.388646288209607 0.08413461538461539
0 0.388646288209607 0.6346153846153846 0.38427947598253276 0.0889423076923077
0 0.4279475982532751 0.7043269230769231 0.37554585152838427 0.07932692307692307
0 0.45414847161572053 0.7596153846153846 0.4148471615720524 0.08173076923076923
0 0.49344978165938863 0.8389423076923077 0.4104803493449782 0.09134615384615384
0 0.4978165938864629 0.9182692307692307 0.4366812227074236 0.08653846153846154