0 0.519650655021834 0.0889423076923077 0.17467248908296942 0.05048076923076923
0 0.5414847161572053 0.13221153846153846 0.18340611353711792 0.055288461538461536
0 0.5633187772925764 0.17067307692307693 0.1615720524017467 0.055288461538461536
0 0.5895196506550219 0.21394230769230768 0.2096069868995633 0.06009615384615385
0 0.6200873362445415 0.25721153846153844 0.22270742358078602 0.0625
0 0.6331877729257642 0.30528846153846156 0.2314410480349345 0.055288461538461536
0 0.6419213973799127 0.3485576923076923 0.22707423580786026 0.06009615384615385
0 0.6419213973799127 0.3942307692307692 0.20087336244541484 0.0673076923076923
0 0.6157205240174672 0.44471153846153844 0.2314410480349345 0.07451923076923077
0 0.5502183406113537 0.4951923076923077 0.22707423580786026 0.07932692307692307
0 0.4759825327510917 0.5432692307692307 0.24017467248908297 0.0889423076923077
0 0.4192139737991266 0.6033653846153846 0.24890829694323144 0.07692307692307693
0 0.3930131004366812 0.6706730769230769 0.2576419213973799 0.07211538461538461
0 0.39737991266375544 0.7355769230769231 0.27074235807860264 0.08173076923076923
0 0.4366812227074236 0.8076923076923077 0.2838427947598253 0.0889423076923077