0 0.44541484716157204 0.038461538461538464 0.23580786026200873 0.04326923076923077
0 0.4410480349344978 0.07211538461538461 0.20087336244541484 0.052884615384615384
0 0.45414847161572053 0.11298076923076923 0.18777292576419213 0.057692307692307696
0 0.4585152838427948 0.15865384615384615 0.20087336244541484 0.06009615384615385
0 0.4847161572052402 0.21153846153846154 0.22707423580786026 0.06490384615384616
0 0.5065502183406113 0.2692307692307692 0.24017467248908297 0.06490384615384616
0 0.519650655021834 0.32211538461538464 0.24890829694323144 0.06490384615384616
0 0.519650655021834 0.37259615384615385 0.24017467248908297 0.0673076923076923
0 0.5152838427947598 0.4326923076923077 0.24890829694323144 0.07451923076923077
0 0.5109170305676856 0.49038461538461536 0.2576419213973799 0.07692307692307693
0 0.48034934497816595 0.5480769230769231 0.2663755458515284 0.0673076923076923
0 0.4497816593886463 0.6129807692307693 0.24890829694323144 0.0673076923076923
0 0.4497816593886463 0.6682692307692307 0.29694323144104806 0.06009615384615385
0 0.4366812227074236 0.7115384615384616 0.2925764192139738 0.0625
0 0.4497816593886463 0.7764423076923077 0.2925764192139738 0.06971153846153846
0 0.45414847161572053 0.8509615384615384 0.3056768558951965 0.08413461538461539