0 0.5021834061135371 0.8413461538461539 0.3231441048034934 0.07451923076923077
0 0.5109170305676856 0.7740384615384616 0.31004366812227074 0.08173076923076923
0 0.5152838427947598 0.7019230769230769 0.2576419213973799 0.06971153846153846
0 0.5109170305676856 0.625 0.2576419213973799 0.07211538461538461
0 0.5502183406113537 0.5649038461538461 0.2663755458515284 0.06490384615384616
0 0.5633187772925764 0.5024038461538461 0.27510917030567683 0.057692307692307696
0 0.5676855895196506 0.4423076923076923 0.29694323144104806 0.0625
0 0.5764192139737991 0.39903846153846156 0.3318777292576419 0.07932692307692307
0 0.5545851528384279 0.3389423076923077 0.2663755458515284 0.04807692307692308
0 0.5633187772925764 0.038461538461538464 0.24017467248908297 0.052884615384615384
0 0.5109170305676856 0.07451923076923077 0.20087336244541484 0.05048076923076923
0 0.4890829694323144 0.11298076923076923 0.2576419213973799 0.04807692307692308
0 0.4410480349344978 0.16346153846153846 0.23580786026200873 0.04567307692307692
0 0.4759825327510917 0.23076923076923078 0.2576419213973799 0.05048076923076923
0 0.5021834061135371 0.28365384615384615 0.2794759825327511 0.057692307692307696