0 0.4279475982532751 0.8846153846153846 0.3624454148471616 0.0673076923076923
0 0.4148471615720524 0.8004807692307693 0.33624454148471616 0.07932692307692307
0 0.4410480349344978 0.7283653846153846 0.33624454148471616 0.07211538461538461
0 0.47161572052401746 0.6586538461538461 0.33624454148471616 0.07932692307692307
0 0.5283842794759825 0.5889423076923077 0.3231441048034934 0.07692307692307693
0 0.5764192139737991 0.5288461538461539 0.30131004366812225 0.07692307692307693
0 0.6200873362445415 0.46634615384615385 0.2794759825327511 0.057692307692307696
0 0.6681222707423581 0.41586538461538464 0.29694323144104806 0.06971153846153846
0 0.6681222707423581 0.36538461538461536 0.31004366812227074 0.06971153846153846
0 0.6550218340611353 0.31009615384615385 0.2794759825327511 0.0625
0 0.6331877729257642 0.25240384615384615 0.2838427947598253 0.07451923076923077
0 0.5895196506550219 0.21394230769230768 0.22707423580786026 0.052884615384615384
0 0.5414847161572053 0.18269230769230768 0.2314410480349345 0.05048076923076923
0 0.519650655021834 0.12740384615384615 0.21397379912663755 0.052884615384615384
0 0.5021834061135371 0.08653846153846154 0.2314410480349345 0.05048076923076923