0 0.44541484716157204 0.8990384615384616 0.3537117903930131 0.06490384615384616
0 0.40611353711790393 0.8317307692307693 0.31877729257641924 0.06490384615384616
0 0.388646288209607 0.7620192307692307 0.27074235807860264 0.0673076923076923
0 0.37554585152838427 0.6947115384615384 0.24890829694323144 0.07932692307692307
0 0.4017467248908297 0.6177884615384616 0.29694323144104806 0.0673076923076923
0 0.47161572052401746 0.5673076923076923 0.2576419213973799 0.07451923076923077
0 0.5458515283842795 0.53125 0.2445414847161572 0.07451923076923077
0 0.6375545851528385 0.47836538461538464 0.2576419213973799 0.07692307692307693
0 0.7161572052401747 0.4182692307692308 0.2838427947598253 0.0889423076923077
0 0.7467248908296943 0.3557692307692308 0.24890829694323144 0.057692307692307696
0 0.7379912663755459 0.3004807692307692 0.25327510917030566 0.07451923076923077
0 0.7030567685589519 0.2548076923076923 0.2576419213973799 0.07211538461538461
0 0.6593886462882096 0.21634615384615385 0.2183406113537118 0.0625
0 0.5895196506550219 0.16346153846153846 0.21397379912663755 0.052884615384615384
0 0.5414847161572053 0.11538461538461539 0.25327510917030566 0.052884615384615384
0 0.4759825327510917 0.07211538461538461 0.1965065502183406 0.04807692307692308