0 0.5283842794759825 0.8149038461538461 0.2838427947598253 0.055288461538461536
0 0.47161572052401746 0.7548076923076923 0.27074235807860264 0.055288461538461536
0 0.4192139737991266 0.6923076923076923 0.28820960698689957 0.06009615384615385
0 0.42358078602620086 0.6201923076923077 0.2838427947598253 0.07211538461538461
0 0.4847161572052402 0.5649038461538461 0.31004366812227074 0.06490384615384616
0 0.5414847161572053 0.53125 0.27510917030567683 0.06009615384615385
0 0.5895196506550219 0.47115384615384615 0.27510917030567683 0.057692307692307696
0 0.611353711790393 0.4206730769230769 0.23580786026200873 0.04807692307692308
0 0.6069868995633187 0.36778846153846156 0.21397379912663755 0.057692307692307696
0 0.62882096069869 0.3125 0.2183406113537118 0.05048076923076923
0 0.5851528384279476 0.2644230769230769 0.2052401746724891 0.04807692307692308
0 0.5502183406113537 0.21875 0.2096069868995633 0.05048076923076923
0 0.5109170305676856 0.16826923076923078 0.22707423580786026 0.0625
0 0.4759825327510917 0.11778846153846154 0.2052401746724891 0.05048076923076923
0 0.47161572052401746 0.07692307692307693 0.17467248908296942 0.038461538461538464