0 0.4410480349344978 0.11057692307692307 0.21397379912663755 0.055288461538461536
0 0.4585152838427948 0.16105769230769232 0.1965065502183406 0.0673076923076923
0 0.4890829694323144 0.20673076923076922 0.18777292576419213 0.07932692307692307
0 0.5458515283842795 0.25961538461538464 0.1965065502183406 0.09134615384615384
0 0.6026200873362445 0.31490384615384615 0.2183406113537118 0.08413461538461539
0 0.6550218340611353 0.36538461538461536 0.24890829694323144 0.08653846153846154
0 0.7117903930131004 0.4182692307692308 0.26200873362445415 0.0889423076923077
0 0.7510917030567685 0.47596153846153844 0.2794759825327511 0.07451923076923077
0 0.7641921397379913 0.5432692307692307 0.28820960698689957 0.08653846153846154
0 0.7379912663755459 0.6033653846153846 0.24890829694323144 0.0985576923076923
0 0.6331877729257642 0.6658653846153846 0.2576419213973799 0.09615384615384616
0 0.5109170305676856 0.7115384615384616 0.25327510917030566 0.10336538461538461
0 0.4104803493449782 0.7620192307692307 0.27510917030567683 0.0985576923076923
0 0.3799126637554585 0.8461538461538461 0.27074235807860264 0.0889423076923077
0 0.4017467248908297 0.9302884615384616 0.32751091703056767 0.08653846153846154