0 0.5764192139737991 0.8581730769230769 0.34497816593886466 0.09375
0 0.6157205240174672 0.7860576923076923 0.29694323144104806 0.09134615384615384
0 0.6462882096069869 0.7211538461538461 0.34934497816593885 0.08173076923076923
0 0.6244541484716157 0.65625 0.34934497816593885 0.0673076923076923
0 0.5720524017467249 0.5841346153846154 0.37554585152838427 0.07211538461538461
0 0.5414847161572053 0.53125 0.34497816593886466 0.0625
0 0.5240174672489083 0.46875 0.3231441048034934 0.0625
0 0.5109170305676856 0.4110576923076923 0.3406113537117904 0.06971153846153846
0 0.5152838427947598 0.36538461538461536 0.31004366812227074 0.0625
0 0.5152838427947598 0.3173076923076923 0.27074235807860264 0.06009615384615385
0 0.5109170305676856 0.2644230769230769 0.3056768558951965 0.07692307692307693
0 0.4978165938864629 0.19951923076923078 0.2445414847161572 0.057692307692307696
0 0.5065502183406113 0.15625 0.2663755458515284 0.06490384615384616
0 0.519650655021834 0.11538461538461539 0.31004366812227074 0.06009615384615385
0 0.5152838427947598 0.06971153846153846 0.27074235807860264 0.04807692307692308