0 0.5583333333333333 0.12980769230769232 0.21666666666666667 0.03365384615384615
0 0.5666666666666667 0.1658653846153846 0.19166666666666668 0.036057692307692304
0 0.5666666666666667 0.20432692307692307 0.175 0.03365384615384615
0 0.55 0.24278846153846154 0.19166666666666668 0.036057692307692304
0 0.525 0.27884615384615385 0.19166666666666668 0.03365384615384615
0 0.5083333333333333 0.3125 0.2 0.038461538461538464
0 0.475 0.35336538461538464 0.20833333333333334 0.04326923076923077
0 0.45 0.3918269230769231 0.24166666666666667 0.038461538461538464
0 0.43333333333333335 0.4326923076923077 0.225 0.038461538461538464
0 0.43333333333333335 0.47596153846153844 0.24166666666666667 0.038461538461538464
0 0.43333333333333335 0.5216346153846154 0.25833333333333336 0.04567307692307692
0 0.4666666666666667 0.5697115384615384 0.3 0.04567307692307692
0 0.5083333333333333 0.6177884615384616 0.3 0.05048076923076923
0 0.5583333333333333 0.6730769230769231 0.325 0.06009615384615385
0 0.6166666666666667 0.7355769230769231 0.35 0.06490384615384616
0 0.675 0.8004807692307693 0.3 0.052884615384615384
0 0.7166666666666667 0.8581730769230769 0.3416666666666667 0.057692307692307696