0 0.6644295302013423 0.1658653846153846 0.1342281879194631 0.038461538461538464
0 0.6510067114093959 0.19951923076923078 0.1342281879194631 0.040865384615384616
0 0.6040268456375839 0.2283653846153846 0.1476510067114094 0.04326923076923077
0 0.5436241610738255 0.25 0.1476510067114094 0.04567307692307692
0 0.4899328859060403 0.27403846153846156 0.14093959731543623 0.04326923076923077
0 0.436241610738255 0.3004807692307692 0.1610738255033557 0.04326923076923077
0 0.38926174496644295 0.33413461538461536 0.1610738255033557 0.040865384615384616
0 0.37583892617449666 0.37259615384615385 0.1610738255033557 0.04326923076923077
0 0.38926174496644295 0.4110576923076923 0.18120805369127516 0.038461538461538464
0 0.436241610738255 0.4495192307692308 0.20134228187919462 0.04567307692307692
0 0.4966442953020134 0.49038461538461536 0.21476510067114093 0.055288461538461536
0 0.5637583892617449 0.5336538461538461 0.2214765100671141 0.055288461538461536
0 0.6308724832214765 0.5817307692307693 0.19463087248322147 0.055288461538461536
0 0.6644295302013423 0.6370192307692307 0.2214765100671141 0.06009615384615385
0 0.6711409395973155 0.6923076923076923 0.19463087248322147 0.052884615384615384
0 0.6510067114093959 0.7451923076923077 0.2080536912751678 0.057692307692307696