0 0.5043478260869565 0.21875 0.1 0.036057692307692304
0 0.5130434782608696 0.25240384615384615 0.1 0.03125
0 0.5217391304347826 0.27884615384615385 0.10869565217391304 0.03125
0 0.5260869565217391 0.31009615384615385 0.10434782608695652 0.03365384615384615
0 0.5217391304347826 0.34375 0.09565217391304348 0.03365384615384615
0 0.5173913043478261 0.37740384615384615 0.09130434782608696 0.03365384615384615
0 0.5130434782608696 0.4110576923076923 0.09565217391304348 0.036057692307692304
0 0.5043478260869565 0.44711538461538464 0.1 0.03365384615384615
0 0.4782608695652174 0.4831730769230769 0.10434782608695652 0.036057692307692304
0 0.4608695652173913 0.5144230769230769 0.12173913043478261 0.036057692307692304
0 0.4434782608695652 0.5504807692307693 0.12173913043478261 0.038461538461538464
0 0.4260869565217391 0.5913461538461539 0.13043478260869565 0.038461538461538464
0 0.4217391304347826 0.6370192307692307 0.13043478260869565 0.04326923076923077
0 0.43043478260869567 0.6802884615384616 0.14347826086956522 0.04567307692307692
0 0.4782608695652174 0.7283653846153846 0.1608695652173913 0.055288461538461536
0 0.5217391304347826 0.7764423076923077 0.16521739130434782 0.052884615384615384