0 0.5774647887323944 0.6610576923076923 0.28169014084507044 0.05048076923076923
0 0.528169014084507 0.6971153846153846 0.31690140845070425 0.06971153846153846
0 0.676056338028169 0.6225961538461539 0.2676056338028169 0.06009615384615385
0 0.7816901408450704 0.5673076923076923 0.21830985915492956 0.06490384615384616
0 0.7816901408450704 0.5240384615384616 0.2535211267605634 0.05048076923076923
0 0.7816901408450704 0.47836538461538464 0.2535211267605634 0.05048076923076923
0 0.6901408450704225 0.43509615384615385 0.22535211267605634 0.04567307692307692
0 0.6197183098591549 0.39903846153846156 0.24647887323943662 0.055288461538461536
0 0.5492957746478874 0.36538461538461536 0.18309859154929578 0.052884615384615384
0 0.5070422535211268 0.3389423076923077 0.20422535211267606 0.04807692307692308
0 0.45774647887323944 0.3125 0.18309859154929578 0.04807692307692308
0 0.4154929577464789 0.27884615384615385 0.22535211267605634 0.040865384615384616
0 0.38028169014084506 0.23798076923076922 0.1619718309859155 0.038461538461538464
0 0.3732394366197183 0.20673076923076922 0.15492957746478872 0.036057692307692304
0 0.3591549295774648 0.17548076923076922 0.16901408450704225 0.040865384615384616
0 0.36619718309859156 0.13701923076923078 0.15492957746478872 0.040865384615384616