0 0.5254901960784314 0.024096385542168676 0.12549019607843137 0.04819277108433735
0 0.5372549019607843 0.06265060240963856 0.11764705882352941 0.04819277108433735
0 0.5490196078431373 0.10843373493975904 0.11764705882352941 0.05783132530120482
0 0.5411764705882353 0.163855421686747 0.11764705882352941 0.06987951807228916
0 0.5176470588235295 0.21204819277108433 0.13333333333333333 0.07710843373493977
0 0.47843137254901963 0.25783132530120484 0.12941176470588237 0.07228915662650602
0 0.4470588235294118 0.3036144578313253 0.1411764705882353 0.07228915662650602
0 0.42745098039215684 0.35180722891566263 0.1411764705882353 0.06987951807228916
0 0.4196078431372549 0.40240963855421685 0.17254901960784313 0.05783132530120482
0 0.4235294117647059 0.4578313253012048 0.1568627450980392 0.07228915662650602
0 0.43529411764705883 0.4963855421686747 0.1450980392156863 0.060240963855421686
0 0.4470588235294118 0.5325301204819277 0.14901960784313725 0.060240963855421686
0 0.4666666666666667 0.5903614457831325 0.14901960784313725 0.06265060240963856
0 0.49411764705882355 0.6313253012048192 0.1607843137254902 0.06746987951807229
0 0.5176470588235295 0.7012048192771084 0.16862745098039217 0.06746987951807229