0 0.3568627450980392 0.08653846153846154 0.12156862745098039 0.040865384615384616
0 0.35294117647058826 0.1346153846153846 0.12941176470588237 0.055288461538461536
0 0.3568627450980392 0.1875 0.1450980392156863 0.055288461538461536
0 0.36470588235294116 0.24759615384615385 0.1411764705882353 0.052884615384615384
0 0.403921568627451 0.3004807692307692 0.1411764705882353 0.057692307692307696
0 0.4549019607843137 0.3485576923076923 0.1568627450980392 0.07692307692307693
0 0.5333333333333333 0.3918269230769231 0.1450980392156863 0.06971153846153846
0 0.611764705882353 0.4375 0.1607843137254902 0.07211538461538461
0 0.6627450980392157 0.5048076923076923 0.17254901960784313 0.07211538461538461
0 0.6823529411764706 0.5721153846153846 0.18823529411764706 0.06971153846153846
0 0.6588235294117647 0.6394230769230769 0.20392156862745098 0.07692307692307693
0 0.6 0.7115384615384616 0.23137254901960785 0.08413461538461539
0 0.5215686274509804 0.7764423076923077 0.22745098039215686 0.07932692307692307
0 0.4823529411764706 0.84375 0.20392156862745098 0.06009615384615385
0 0.4745098039215686 0.9158653846153846 0.21176470588235294 0.07451923076923077