0 0.506578947368421 0.20432692307692307 0.19078947368421054 0.04567307692307692
0 0.47368421052631576 0.23317307692307693 0.17763157894736842 0.040865384615384616
0 0.4342105263157895 0.2644230769230769 0.19078947368421054 0.04567307692307692
0 0.3881578947368421 0.2980769230769231 0.19736842105263158 0.038461538461538464
0 0.34868421052631576 0.3173076923076923 0.19736842105263158 0.04326923076923077
0 0.29605263157894735 0.35096153846153844 0.2236842105263158 0.04807692307692308
0 0.26973684210526316 0.3870192307692308 0.23684210526315788 0.04807692307692308
0 0.27631578947368424 0.42788461538461536 0.21052631578947367 0.040865384615384616
0 0.3355263157894737 0.4639423076923077 0.27631578947368424 0.04807692307692308
0 0.40789473684210525 0.49759615384615385 0.26973684210526316 0.05048076923076923
0 0.4868421052631579 0.5264423076923077 0.2565789473684211 0.057692307692307696
0 0.5986842105263158 0.5528846153846154 0.2565789473684211 0.04807692307692308
0 0.6776315789473685 0.59375 0.23684210526315788 0.04567307692307692
0 0.7105263157894737 0.6442307692307693 0.24342105263157895 0.052884615384615384
0 0.6710526315789473 0.7043269230769231 0.26973684210526316 0.055288461538461536
0 0.5789473684210527 0.7451923076923077 0.2565789473684211 0.052884615384615384
0 0.5197368421052632 0.7932692307692307 0.26973684210526316 0.057692307692307696