0 0.6432748538011696 0.19951923076923078 0.11695906432748537 0.028846153846153848
0 0.6491228070175439 0.22596153846153846 0.10526315789473684 0.028846153846153848
0 0.6608187134502924 0.24759615384615385 0.11695906432748537 0.03125
0 0.6783625730994152 0.27163461538461536 0.1286549707602339 0.03365384615384615
0 0.695906432748538 0.2956730769230769 0.1286549707602339 0.036057692307692304
0 0.7076023391812866 0.3245192307692308 0.1286549707602339 0.036057692307692304
0 0.7251461988304093 0.35096153846153844 0.1286549707602339 0.03365384615384615
0 0.7251461988304093 0.37740384615384615 0.1286549707602339 0.038461538461538464
0 0.7192982456140351 0.4014423076923077 0.11695906432748537 0.040865384615384616
0 0.7076023391812866 0.43509615384615385 0.14035087719298245 0.04567307692307692
0 0.672514619883041 0.45913461538461536 0.14035087719298245 0.052884615384615384
0 0.631578947368421 0.49278846153846156 0.14619883040935672 0.04807692307692308
0 0.6023391812865497 0.5216346153846154 0.14619883040935672 0.04567307692307692
0 0.5789473684210527 0.5504807692307693 0.15789473684210525 0.04326923076923077
0 0.5730994152046783 0.5865384615384616 0.16374269005847952 0.04567307692307692
0 0.5672514619883041 0.625 0.17543859649122806 0.04567307692307692