0 0.4632352941176471 0.12980769230769232 0.18382352941176472 0.036057692307692304
0 0.45588235294117646 0.16105769230769232 0.18382352941176472 0.038461538461538464
0 0.4411764705882353 0.19471153846153846 0.19117647058823528 0.040865384615384616
0 0.41911764705882354 0.23317307692307693 0.18382352941176472 0.04326923076923077
0 0.39705882352941174 0.27163461538461536 0.22058823529411764 0.04807692307692308
0 0.3897058823529412 0.3076923076923077 0.23529411764705882 0.04326923076923077
0 0.3897058823529412 0.3485576923076923 0.22794117647058823 0.04807692307692308
0 0.40441176470588236 0.3870192307692308 0.21323529411764705 0.05048076923076923
0 0.4338235294117647 0.4230769230769231 0.22058823529411764 0.055288461538461536
0 0.47794117647058826 0.46634615384615385 0.23529411764705882 0.0625
0 0.5 0.5096153846153846 0.2426470588235294 0.055288461538461536
0 0.5220588235294118 0.5600961538461539 0.25735294117647056 0.06009615384615385
0 0.5 0.6129807692307693 0.27205882352941174 0.0673076923076923
0 0.4852941176470588 0.6706730769230769 0.27941176470588236 0.07692307692307693
0 0.4264705882352941 0.7211538461538461 0.27941176470588236 0.07692307692307693
0 0.375 0.7836538461538461 0.2867647058823529 0.0673076923076923