0 0.6987179487179487 0.78125 0.23717948717948717 0.06971153846153846
0 0.7564102564102564 0.7163461538461539 0.22435897435897437 0.06009615384615385
0 0.7692307692307693 0.6634615384615384 0.23076923076923078 0.06009615384615385
0 0.7307692307692307 0.6033653846153846 0.21794871794871795 0.07932692307692307
0 0.6346153846153846 0.5625 0.23717948717948717 0.07451923076923077
0 0.5128205128205128 0.5240384615384616 0.20512820512820512 0.08413461538461539
0 0.4230769230769231 0.49038461538461536 0.23076923076923078 0.07211538461538461
0 0.34615384615384615 0.46153846153846156 0.25 0.06009615384615385
0 0.3269230769230769 0.4206730769230769 0.1987179487179487 0.04807692307692308
0 0.32051282051282054 0.37740384615384615 0.1794871794871795 0.04807692307692308
0 0.3269230769230769 0.34375 0.1858974358974359 0.040865384615384616
0 0.36538461538461536 0.3076923076923077 0.15384615384615385 0.04807692307692308
0 0.4166666666666667 0.2764423076923077 0.17307692307692307 0.05048076923076923
0 0.4551282051282051 0.24519230769230768 0.16025641025641027 0.040865384615384616
0 0.48717948717948717 0.2091346153846154 0.16666666666666666 0.04567307692307692
0 0.4935897435897436 0.1778846153846154 0.1346153846153846 0.036057692307692304