0 0.6127167630057804 0.021634615384615384 0.1791907514450867 0.03125
0 0.6011560693641619 0.052884615384615384 0.18497109826589594 0.03125
0 0.6127167630057804 0.08653846153846154 0.1791907514450867 0.036057692307692304
0 0.630057803468208 0.12259615384615384 0.18497109826589594 0.036057692307692304
0 0.6127167630057804 0.15625 0.1791907514450867 0.04326923076923077
0 0.5664739884393064 0.1875 0.1791907514450867 0.04807692307692308
0 0.5144508670520231 0.21634615384615385 0.18497109826589594 0.05048076923076923
0 0.4393063583815029 0.24278846153846154 0.18497109826589594 0.05048076923076923
0 0.36416184971098264 0.27403846153846156 0.16184971098265896 0.05048076923076923
0 0.3236994219653179 0.31490384615384615 0.18497109826589594 0.057692307692307696
0 0.3236994219653179 0.36538461538461536 0.20809248554913296 0.04567307692307692
0 0.3468208092485549 0.41586538461538464 0.2138728323699422 0.05048076923076923
0 0.41040462427745666 0.46634615384615385 0.2254335260115607 0.055288461538461536
0 0.4797687861271676 0.5168269230769231 0.26011560693641617 0.06009615384615385
0 0.5549132947976878 0.5745192307692307 0.26011560693641617 0.0673076923076923
0 0.6069364161849711 0.6346153846153846 0.2658959537572254 0.06009615384615385
0 0.6358381502890174 0.6971153846153846 0.26011560693641617 0.06009615384615385