0 0.6231884057971014 0.71875 0.2391304347826087 0.057692307692307696
0 0.572463768115942 0.6610576923076923 0.2753623188405797 0.0673076923076923
0 0.5144927536231884 0.6129807692307693 0.2608695652173913 0.052884615384615384
0 0.4420289855072464 0.5649038461538461 0.21739130434782608 0.057692307692307696
0 0.3695652173913043 0.5336538461538461 0.2246376811594203 0.057692307692307696
0 0.3188405797101449 0.49278846153846156 0.21739130434782608 0.05048076923076923
0 0.30434782608695654 0.44711538461538464 0.21739130434782608 0.04807692307692308
0 0.3188405797101449 0.41346153846153844 0.1956521739130435 0.038461538461538464
0 0.35507246376811596 0.37740384615384615 0.2028985507246377 0.05048076923076923
0 0.4057971014492754 0.3485576923076923 0.18840579710144928 0.04807692307692308
0 0.4420289855072464 0.31490384615384615 0.16666666666666666 0.04567307692307692
0 0.47101449275362317 0.2860576923076923 0.15217391304347827 0.052884615384615384
0 0.4927536231884058 0.25 0.13768115942028986 0.04807692307692308
0 0.5072463768115942 0.21875 0.16666666666666666 0.040865384615384616
0 0.4927536231884058 0.19471153846153846 0.16666666666666666 0.038461538461538464