0 0.5060240963855421 0.7956730769230769 0.26506024096385544 0.052884615384615384
0 0.5421686746987951 0.7451923076923077 0.23493975903614459 0.055288461538461536
0 0.5903614457831325 0.6875 0.23493975903614459 0.07451923076923077
0 0.6325301204819277 0.6322115384615384 0.21686746987951808 0.06009615384615385
0 0.6325301204819277 0.5769230769230769 0.23493975903614459 0.057692307692307696
0 0.6144578313253012 0.5264423076923077 0.21686746987951808 0.04567307692307692
0 0.5783132530120482 0.47836538461538464 0.19879518072289157 0.04326923076923077
0 0.5542168674698795 0.4375 0.1927710843373494 0.04326923076923077
0 0.536144578313253 0.39663461538461536 0.1746987951807229 0.038461538461538464
0 0.5180722891566265 0.3557692307692308 0.1686746987951807 0.040865384615384616
0 0.5060240963855421 0.3173076923076923 0.14457831325301204 0.040865384615384616
0 0.5 0.28125 0.14457831325301204 0.03125
0 0.5060240963855421 0.24759615384615385 0.14457831325301204 0.040865384615384616
0 0.4939759036144578 0.2091346153846154 0.14457831325301204 0.036057692307692304
0 0.5060240963855421 0.1778846153846154 0.12650602409638553 0.036057692307692304
0 0.5 0.1466346153846154 0.15060240963855423 0.028846153846153848