0 0.4727272727272727 0.8052884615384616 0.4 0.0673076923076923
0 0.45454545454545453 0.75 0.2909090909090909 0.04567307692307692
0 0.5181818181818182 0.6995192307692307 0.32727272727272727 0.07211538461538461
0 0.5636363636363636 0.6490384615384616 0.33636363636363636 0.055288461538461536
0 0.5818181818181818 0.6009615384615384 0.2727272727272727 0.05048076923076923
0 0.509090909090909 0.5504807692307693 0.3 0.04807692307692308
0 0.5181818181818182 0.5120192307692307 0.2818181818181818 0.06009615384615385
0 0.4727272727272727 0.46875 0.3090909090909091 0.04567307692307692
0 0.44545454545454544 0.43028846153846156 0.2909090909090909 0.05048076923076923
0 0.41818181818181815 0.3894230769230769 0.2636363636363636 0.036057692307692304
0 0.42727272727272725 0.3557692307692308 0.3 0.05048076923076923
0 0.4818181818181818 0.32211538461538464 0.24545454545454545 0.05048076923076923
0 0.5272727272727272 0.2956730769230769 0.2545454545454545 0.04807692307692308
0 0.5545454545454546 0.25721153846153844 0.2636363636363636 0.04807692307692308
0 0.5636363636363636 0.21875 0.21818181818181817 0.040865384615384616
0 0.5636363636363636 0.19230769230769232 0.2 0.040865384615384616