0 0.43902439024390244 0.6538461538461539 0.24390243902439024 0.040865384615384616
0 0.47560975609756095 0.6105769230769231 0.21341463414634146 0.04807692307692308
0 0.5060975609756098 0.5600961538461539 0.18292682926829268 0.06490384615384616
0 0.5609756097560976 0.5096153846153846 0.15853658536585366 0.06009615384615385
0 0.5975609756097561 0.46153846153846156 0.16463414634146342 0.057692307692307696
0 0.6524390243902439 0.4254807692307692 0.15853658536585366 0.06490384615384616
0 0.6951219512195121 0.37740384615384615 0.13414634146341464 0.055288461538461536
0 0.7073170731707317 0.33413461538461536 0.13414634146341464 0.04326923076923077
0 0.7134146341463414 0.2956730769230769 0.14634146341463414 0.04326923076923077
0 0.6951219512195121 0.2692307692307692 0.17073170731707318 0.04567307692307692
0 0.6646341463414634 0.24278846153846154 0.17073170731707318 0.052884615384615384
0 0.6402439024390244 0.21153846153846154 0.16463414634146342 0.040865384615384616
0 0.5914634146341463 0.18028846153846154 0.16463414634146342 0.036057692307692304
0 0.5304878048780488 0.15865384615384615 0.12804878048780488 0.03365384615384615
0 0.524390243902439 0.12740384615384615 0.12804878048780488 0.040865384615384616