0 0.5925925925925926 0.8365384615384616 0.19135802469135801 0.05048076923076923
0 0.6111111111111112 0.7860576923076923 0.16666666666666666 0.04326923076923077
0 0.6111111111111112 0.7451923076923077 0.1728395061728395 0.04567307692307692
0 0.5864197530864198 0.6971153846153846 0.16049382716049382 0.04567307692307692
0 0.5617283950617284 0.6586538461538461 0.1728395061728395 0.040865384615384616
0 0.5308641975308642 0.6201923076923077 0.1728395061728395 0.04807692307692308
0 0.48148148148148145 0.5865384615384616 0.16049382716049382 0.04807692307692308
0 0.43209876543209874 0.5504807692307693 0.1728395061728395 0.04567307692307692
0 0.3888888888888889 0.5216346153846154 0.16049382716049382 0.04326923076923077
0 0.36419753086419754 0.4855769230769231 0.15432098765432098 0.028846153846153848
0 0.36419753086419754 0.4519230769230769 0.15432098765432098 0.03125
0 0.37037037037037035 0.4206730769230769 0.13580246913580246 0.03365384615384615
0 0.4012345679012346 0.3918269230769231 0.13580246913580246 0.04326923076923077
0 0.41975308641975306 0.3629807692307692 0.13580246913580246 0.04326923076923077
0 0.4444444444444444 0.3269230769230769 0.14814814814814814 0.040865384615384616
0 0.46296296296296297 0.2980769230769231 0.13580246913580246 0.028846153846153848
0 0.5679012345679012 0.8846153846153846 0.19135802469135801 0.04807692307692308