0 0.6097560975609756 0.7668269230769231 0.16097560975609757 0.057692307692307696
0 0.6146341463414634 0.7139423076923077 0.16585365853658537 0.055288461538461536
0 0.6097560975609756 0.6658653846153846 0.18048780487804877 0.04326923076923077
0 0.6048780487804878 0.6153846153846154 0.15609756097560976 0.04326923076923077
0 0.5951219512195122 0.5721153846153846 0.14634146341463414 0.055288461538461536
0 0.5609756097560976 0.5408653846153846 0.14146341463414633 0.057692307692307696
0 0.5317073170731708 0.5024038461538461 0.15121951219512195 0.038461538461538464
0 0.4926829268292683 0.4639423076923077 0.12195121951219512 0.04326923076923077
0 0.47317073170731705 0.43028846153846156 0.11219512195121951 0.038461538461538464
0 0.4682926829268293 0.39903846153846156 0.1024390243902439 0.040865384615384616
0 0.47317073170731705 0.3629807692307692 0.0975609756097561 0.036057692307692304
0 0.4878048780487805 0.33413461538461536 0.0975609756097561 0.040865384615384616
0 0.5121951219512195 0.3076923076923077 0.09268292682926829 0.040865384615384616
0 0.5414634146341464 0.2764423076923077 0.1024390243902439 0.03365384615384615
0 0.5463414634146342 0.25 0.08780487804878048 0.03125
0 0.551219512195122 0.22115384615384615 0.0975609756097561 0.03125