0 0.5631067961165048 0.1346153846153846 0.22330097087378642 0.036057692307692304
0 0.5533980582524272 0.17067307692307693 0.22330097087378642 0.040865384615384616
0 0.5436893203883495 0.2091346153846154 0.2524271844660194 0.04567307692307692
0 0.5242718446601942 0.24278846153846154 0.2912621359223301 0.052884615384615384
0 0.46601941747572817 0.2860576923076923 0.24271844660194175 0.05048076923076923
0 0.44660194174757284 0.3293269230769231 0.27184466019417475 0.05048076923076923
0 0.3883495145631068 0.3701923076923077 0.2815533980582524 0.06009615384615385
0 0.32038834951456313 0.4110576923076923 0.2912621359223301 0.057692307692307696
0 0.2524271844660194 0.44711538461538464 0.32038834951456313 0.052884615384615384
0 0.21359223300970873 0.49759615384615385 0.33980582524271846 0.06009615384615385
0 0.2621359223300971 0.5408653846153846 0.3592233009708738 0.0625
0 0.3592233009708738 0.5913461538461539 0.3786407766990291 0.07211538461538461
0 0.4854368932038835 0.6322115384615384 0.39805825242718446 0.08653846153846154
0 0.5825242718446602 0.6850961538461539 0.3786407766990291 0.07451923076923077
0 0.6116504854368932 0.7475961538461539 0.4077669902912621 0.0625
0 0.5728155339805825 0.8125 0.4368932038834951 0.06971153846153846