0 0.43523316062176165 0.8149038461538461 0.23834196891191708 0.052884615384615384
0 0.44041450777202074 0.7524038461538461 0.21243523316062177 0.0625
0 0.49740932642487046 0.6875 0.20725388601036268 0.07692307692307693
0 0.5492227979274611 0.625 0.21761658031088082 0.07211538461538461
0 0.6269430051813472 0.5649038461538461 0.20725388601036268 0.07211538461538461
0 0.689119170984456 0.5048076923076923 0.17616580310880828 0.06971153846153846
0 0.7305699481865285 0.4519230769230769 0.17098445595854922 0.0625
0 0.7357512953367875 0.40625 0.17098445595854922 0.06009615384615385
0 0.7046632124352331 0.3557692307692308 0.16580310880829016 0.05048076923076923
0 0.6424870466321243 0.30528846153846156 0.14507772020725387 0.07211538461538461
0 0.5492227979274611 0.28365384615384615 0.15025906735751296 0.07211538461538461
0 0.39378238341968913 0.1778846153846154 0.16062176165803108 0.04326923076923077
0 0.41450777202072536 0.21634615384615385 0.17616580310880828 0.04567307692307692
0 0.47150259067357514 0.25721153846153844 0.18134715025906736 0.057692307692307696