0 0.5526315789473685 0.026442307692307692 0.15350877192982457 0.05048076923076923
0 0.5175438596491229 0.07211538461538461 0.16228070175438597 0.05048076923076923
0 0.4517543859649123 0.11778846153846154 0.17105263157894737 0.06009615384615385
0 0.3815789473684211 0.15865384615384615 0.19736842105263158 0.06971153846153846
0 0.29385964912280704 0.18990384615384615 0.20175438596491227 0.08173076923076923
0 0.23684210526315788 0.2403846153846154 0.19736842105263158 0.07451923076923077
0 0.2149122807017544 0.3004807692307692 0.20175438596491227 0.06009615384615385
0 0.2324561403508772 0.35096153846153844 0.21929824561403508 0.06009615384615385
0 0.27631578947368424 0.40625 0.25 0.07451923076923077
0 0.3815789473684211 0.4519230769230769 0.22807017543859648 0.08173076923076923
0 0.4868421052631579 0.5 0.2412280701754386 0.0889423076923077
0 0.5789473684210527 0.5673076923076923 0.31140350877192985 0.09375
0 0.6578947368421053 0.6394230769230769 0.2850877192982456 0.09375
0 0.6929824561403509 0.7355769230769231 0.27631578947368424 0.09375
0 0.6885964912280702 0.8245192307692307 0.24561403508771928 0.07692307692307693
0 0.6491228070175439 0.8774038461538461 0.2719298245614035 0.08173076923076923