0 0.7833333333333333 0.04567307692307692 0.14166666666666666 0.05048076923076923
0 0.7625 0.08653846153846154 0.14583333333333334 0.055288461538461536
0 0.725 0.12259615384615384 0.15416666666666667 0.04807692307692308
0 0.6708333333333333 0.15865384615384615 0.15416666666666667 0.04326923076923077
0 0.6041666666666666 0.19230769230769232 0.1625 0.06009615384615385
0 0.5333333333333333 0.2091346153846154 0.1625 0.057692307692307696
0 0.475 0.23076923076923078 0.1625 0.057692307692307696
0 0.4083333333333333 0.25 0.16666666666666666 0.057692307692307696
0 0.3625 0.28365384615384615 0.16666666666666666 0.052884615384615384
0 0.32916666666666666 0.3317307692307692 0.16666666666666666 0.06009615384615385
0 0.32916666666666666 0.37740384615384615 0.17916666666666667 0.052884615384615384
0 0.3416666666666667 0.4230769230769231 0.16666666666666666 0.04807692307692308
0 0.4 0.46875 0.17083333333333334 0.06009615384615385
0 0.4583333333333333 0.5144230769230769 0.17916666666666667 0.0625
0 0.5 0.5673076923076923 0.17916666666666667 0.0673076923076923
0 0.5333333333333333 0.6274038461538461 0.2 0.07211538461538461
0 0.5583333333333333 0.6995192307692307 0.2 0.06971153846153846
0 0.5541666666666667 0.7788461538461539 0.2 0.07451923076923077
0 0.5166666666666667 0.8629807692307693 0.17916666666666667 0.0673076923076923