0 0.6406926406926406 0.7379807692307693 0.12987012987012986 0.052884615384615384
0 0.6666666666666666 0.6875 0.12987012987012986 0.055288461538461536
0 0.670995670995671 0.6394230769230769 0.11255411255411256 0.040865384615384616
0 0.658008658008658 0.59375 0.10822510822510822 0.04567307692307692
0 0.6406926406926406 0.5528846153846154 0.11255411255411256 0.05048076923076923
0 0.5974025974025974 0.5120192307692307 0.11255411255411256 0.04807692307692308
0 0.5714285714285714 0.47596153846153844 0.10822510822510822 0.04807692307692308
0 0.5497835497835498 0.43990384615384615 0.09956709956709957 0.04326923076923077
0 0.5281385281385281 0.40865384615384615 0.09956709956709957 0.038461538461538464
0 0.5281385281385281 0.3701923076923077 0.11255411255411256 0.038461538461538464
0 0.5367965367965368 0.3389423076923077 0.09523809523809523 0.03125
0 0.5367965367965368 0.3076923076923077 0.09090909090909091 0.03365384615384615
0 0.5411255411255411 0.27403846153846156 0.09523809523809523 0.036057692307692304
0 0.5454545454545454 0.24278846153846154 0.09956709956709957 0.028846153846153848
0 0.5324675324675324 0.21394230769230768 0.08225108225108226 0.026442307692307692
0 0.5238095238095238 0.19230769230769232 0.09090909090909091 0.026442307692307692