0 0.5714285714285714 0.11566265060240964 0.15 0.03614457831325301
0 0.55 0.14457831325301204 0.16428571428571428 0.033734939759036145
0 0.5428571428571428 0.17590361445783131 0.16428571428571428 0.033734939759036145
0 0.5214285714285715 0.20722891566265061 0.16428571428571428 0.033734939759036145
0 0.4857142857142857 0.24096385542168675 0.15 0.033734939759036145
0 0.4785714285714286 0.2746987951807229 0.17142857142857143 0.03132530120481928
0 0.4785714285714286 0.30843373493975906 0.17142857142857143 0.03614457831325301
0 0.4928571428571429 0.3469879518072289 0.18571428571428572 0.04096385542168675
0 0.5357142857142857 0.38072289156626504 0.19285714285714287 0.04096385542168675
0 0.5785714285714286 0.41204819277108434 0.20714285714285716 0.04096385542168675
0 0.6428571428571429 0.4457831325301205 0.22142857142857142 0.04819277108433735
0 0.6785714285714286 0.4867469879518072 0.22857142857142856 0.04578313253012048
0 0.6928571428571428 0.5301204819277109 0.22857142857142856 0.05060240963855422
0 0.6785714285714286 0.5855421686746988 0.2714285714285714 0.060240963855421686
0 0.6 0.6313253012048192 0.29285714285714287 0.060240963855421686
0 0.4857142857142857 0.6867469879518072 0.2785714285714286 0.07228915662650602
0 0.42142857142857143 0.7397590361445783 0.2571428571428571 0.06506024096385542