0 0.49038461538461536 0.1971153846153846 0.18269230769230768 0.026442307692307692
0 0.49038461538461536 0.22355769230769232 0.18269230769230768 0.028846153846153848
0 0.4807692307692308 0.25 0.17307692307692307 0.03365384615384615
0 0.4423076923076923 0.2764423076923077 0.18269230769230768 0.03125
0 0.40384615384615385 0.2980769230769231 0.19230769230769232 0.03365384615384615
0 0.36538461538461536 0.32211538461538464 0.19230769230769232 0.03365384615384615
0 0.3076923076923077 0.3485576923076923 0.22115384615384615 0.03125
0 0.3076923076923077 0.37740384615384615 0.22115384615384615 0.03125
0 0.3076923076923077 0.40625 0.20192307692307693 0.03125
0 0.3173076923076923 0.4375 0.23076923076923078 0.03365384615384615
0 0.36538461538461536 0.46634615384615385 0.25 0.038461538461538464
0 0.4423076923076923 0.49278846153846156 0.25961538461538464 0.040865384615384616
0 0.49038461538461536 0.5240384615384616 0.27884615384615385 0.04326923076923077
0 0.5384615384615384 0.5600961538461539 0.2692307692307692 0.040865384615384616
0 0.5480769230769231 0.6009615384615384 0.28846153846153844 0.040865384615384616
0 0.5384615384615384 0.6514423076923077 0.28846153846153844 0.05048076923076923
0 0.5480769230769231 0.6923076923076923 0.27884615384615385 0.04326923076923077