0 0.5932203389830508 0.13701923076923078 0.2711864406779661 0.04326923076923077
0 0.5423728813559322 0.1658653846153846 0.2796610169491525 0.052884615384615384
0 0.4745762711864407 0.1971153846153846 0.2966101694915254 0.05048076923076923
0 0.4067796610169492 0.22115384615384615 0.3389830508474576 0.06490384615384616
0 0.288135593220339 0.24519230769230768 0.288135593220339 0.06009615384615385
0 0.2288135593220339 0.2764423076923077 0.2711864406779661 0.06971153846153846
0 0.2033898305084746 0.31971153846153844 0.288135593220339 0.052884615384615384
0 0.23728813559322035 0.3581730769230769 0.2542372881355932 0.055288461538461536
0 0.3305084745762712 0.3918269230769231 0.2796610169491525 0.06971153846153846
0 0.4406779661016949 0.42788461538461536 0.288135593220339 0.07692307692307693
0 0.559322033898305 0.46875 0.3050847457627119 0.07451923076923077
0 0.652542372881356 0.5120192307692307 0.3050847457627119 0.0673076923076923
0 0.6864406779661016 0.5673076923076923 0.2966101694915254 0.057692307692307696
0 0.6694915254237288 0.6274038461538461 0.3135593220338983 0.0625
0 0.6101694915254238 0.6850961538461539 0.3135593220338983 0.07932692307692307
0 0.6016949152542372 0.10817307692307693 0.2542372881355932 0.040865384615384616