0 0.48494983277591974 0.021634615384615384 0.11705685618729098 0.04326923076923077
0 0.4682274247491639 0.06490384615384616 0.10702341137123746 0.04567307692307692
0 0.4414715719063545 0.11057692307692307 0.11371237458193979 0.052884615384615384
0 0.40468227424749165 0.15384615384615385 0.11036789297658862 0.06009615384615385
0 0.3779264214046823 0.19230769230769232 0.12374581939799331 0.0625
0 0.3377926421404682 0.23317307692307693 0.12374581939799331 0.06971153846153846
0 0.3076923076923077 0.2764423076923077 0.13043478260869565 0.052884615384615384
0 0.3010033444816054 0.3293269230769231 0.12374581939799331 0.052884615384615384
0 0.3110367892976589 0.38221153846153844 0.14381270903010032 0.055288461538461536
0 0.33444816053511706 0.4326923076923077 0.14381270903010032 0.057692307692307696
0 0.38127090301003347 0.49038461538461536 0.1505016722408027 0.07211538461538461
0 0.4414715719063545 0.5432692307692307 0.14381270903010032 0.07692307692307693
0 0.5016722408026756 0.5961538461538461 0.15719063545150502 0.07932692307692307
0 0.5551839464882943 0.6706730769230769 0.16387959866220736 0.07692307692307693
0 0.5785953177257525 0.7427884615384616 0.16387959866220736 0.06971153846153846
0 0.5852842809364549 0.8197115384615384 0.19732441471571907 0.07692307692307693