0 0.4715447154471545 0.14423076923076922 0.16260162601626016 0.03365384615384615
0 0.4878048780487805 0.1778846153846154 0.15447154471544716 0.03125
0 0.4634146341463415 0.2091346153846154 0.15447154471544716 0.028846153846153848
0 0.45528455284552843 0.24759615384615385 0.1951219512195122 0.036057692307692304
0 0.4146341463414634 0.28125 0.18699186991869918 0.04326923076923077
0 0.3983739837398374 0.3173076923076923 0.2032520325203252 0.038461538461538464
0 0.3821138211382114 0.35336538461538464 0.2032520325203252 0.04326923076923077
0 0.37398373983739835 0.3942307692307692 0.23577235772357724 0.036057692307692304
0 0.37398373983739835 0.43028846153846156 0.24390243902439024 0.03365384615384615
0 0.36585365853658536 0.46634615384615385 0.21138211382113822 0.040865384615384616
0 0.3902439024390244 0.5120192307692307 0.25203252032520324 0.04567307692307692
0 0.43089430894308944 0.5625 0.24390243902439024 0.04326923076923077
0 0.4715447154471545 0.6105769230769231 0.2682926829268293 0.052884615384615384
0 0.5040650406504065 0.6682692307692307 0.2682926829268293 0.052884615384615384
0 0.5691056910569106 0.7283653846153846 0.2845528455284553 0.06009615384615385
0 0.6178861788617886 0.7788461538461539 0.2926829268292683 0.04807692307692308