0 0.5038167938931297 0.6875 0.2824427480916031 0.07451923076923077
0 0.6183206106870229 0.6346153846153846 0.2900763358778626 0.07451923076923077
0 0.6793893129770993 0.5793269230769231 0.29770992366412213 0.06971153846153846
0 0.7633587786259542 0.5336538461538461 0.2366412213740458 0.057692307692307696
0 0.7862595419847328 0.4879807692307692 0.2595419847328244 0.04567307692307692
0 0.7709923664122137 0.4423076923076923 0.2824427480916031 0.04807692307692308
0 0.7099236641221374 0.40865384615384615 0.29770992366412213 0.06009615384615385
0 0.6335877862595419 0.3701923076923077 0.21374045801526717 0.057692307692307696
0 0.549618320610687 0.33413461538461536 0.22900763358778625 0.06490384615384616
0 0.48854961832061067 0.2980769230769231 0.1984732824427481 0.04807692307692308
0 0.4198473282442748 0.2620192307692308 0.24427480916030533 0.04807692307692308
0 0.4122137404580153 0.22596153846153846 0.25190839694656486 0.04807692307692308
0 0.366412213740458 0.18990384615384615 0.22900763358778625 0.036057692307692304
0 0.35877862595419846 0.15865384615384615 0.20610687022900764 0.040865384615384616
0 0.3511450381679389 0.1201923076923077 0.22900763358778625 0.038461538461538464
0 0.3511450381679389 0.08653846153846154 0.2595419847328244 0.038461538461538464
0 0.4122137404580153 0.7451923076923077 0.33587786259541985 0.07692307692307693