0 0.5084033613445378 0.7427884615384616 0.18487394957983194 0.05048076923076923
0 0.4789915966386555 0.6802884615384616 0.1638655462184874 0.0625
0 0.4369747899159664 0.6322115384615384 0.14705882352941177 0.06009615384615385
0 0.40336134453781514 0.5793269230769231 0.15966386554621848 0.05048076923076923
0 0.4117647058823529 0.5288461538461539 0.13865546218487396 0.04326923076923077
0 0.4411764705882353 0.49038461538461536 0.15546218487394958 0.052884615384615384
0 0.4789915966386555 0.4543269230769231 0.12605042016806722 0.05048076923076923
0 0.5252100840336135 0.4182692307692308 0.12184873949579832 0.05048076923076923
0 0.5630252100840336 0.38221153846153844 0.10084033613445378 0.04807692307692308
0 0.5714285714285714 0.35096153846153844 0.10084033613445378 0.04567307692307692
0 0.5672268907563025 0.3125 0.10084033613445378 0.03365384615384615
0 0.5462184873949579 0.28125 0.10084033613445378 0.03125
0 0.5126050420168067 0.24278846153846154 0.10084033613445378 0.040865384615384616
0 0.5 0.20432692307692307 0.09663865546218488 0.036057692307692304
0 0.4957983193277311 0.1778846153846154 0.09663865546218488 0.036057692307692304
0 0.49159663865546216 0.14182692307692307 0.08823529411764706 0.03365384615384615