0 0.5882352941176471 0.6129807692307693 0.2222222222222222 0.06490384615384616
0 0.6601307189542484 0.5649038461538461 0.21568627450980393 0.055288461538461536
0 0.7254901960784313 0.5144230769230769 0.19607843137254902 0.055288461538461536
0 0.7777777777777778 0.46634615384615385 0.23529411764705882 0.04807692307692308
0 0.7973856209150327 0.4230769230769231 0.21568627450980393 0.055288461538461536
0 0.7843137254901961 0.375 0.22875816993464052 0.055288461538461536
0 0.7581699346405228 0.3389423076923077 0.20915032679738563 0.052884615384615384
0 0.6928104575163399 0.30288461538461536 0.17647058823529413 0.04326923076923077
0 0.6078431372549019 0.27403846153846156 0.1895424836601307 0.04326923076923077
0 0.5620915032679739 0.24278846153846154 0.20261437908496732 0.05048076923076923
0 0.5228758169934641 0.20673076923076922 0.1568627450980392 0.05048076923076923
0 0.49019607843137253 0.17307692307692307 0.1895424836601307 0.04326923076923077
0 0.48366013071895425 0.14182692307692307 0.17647058823529413 0.038461538461538464
0 0.46405228758169936 0.10576923076923077 0.16993464052287582 0.04326923076923077
0 0.45098039215686275 0.07211538461538461 0.17647058823529413 0.038461538461538464