0 0.6494252873563219 0.21153846153846154 0.10919540229885058 0.02403846153846154
0 0.6436781609195402 0.23798076923076922 0.1206896551724138 0.03125
0 0.6264367816091954 0.2668269230769231 0.11494252873563218 0.03125
0 0.5919540229885057 0.29086538461538464 0.1206896551724138 0.03125
0 0.5574712643678161 0.31490384615384615 0.13218390804597702 0.03365384615384615
0 0.5172413793103449 0.3389423076923077 0.13793103448275862 0.03365384615384615
0 0.4885057471264368 0.36778846153846156 0.14367816091954022 0.036057692307692304
0 0.47126436781609193 0.39663461538461536 0.14942528735632185 0.03365384615384615
0 0.46551724137931033 0.4254807692307692 0.13793103448275862 0.03125
0 0.4885057471264368 0.4495192307692308 0.14367816091954022 0.03125
0 0.4942528735632184 0.47115384615384615 0.13793103448275862 0.026442307692307692
0 0.5172413793103449 0.49278846153846156 0.13793103448275862 0.02403846153846154
0 0.5402298850574713 0.5096153846153846 0.13218390804597702 0.02403846153846154
0 0.5689655172413793 0.53125 0.14367816091954022 0.026442307692307692
0 0.5919540229885057 0.5600961538461539 0.14942528735632185 0.03365384615384615
0 0.6264367816091954 0.5985576923076923 0.16666666666666666 0.038461538461538464
0 0.6379310344827587 0.6394230769230769 0.16666666666666666 0.04326923076923077
0 0.6264367816091954 0.6850961538461539 0.16666666666666666 0.04326923076923077