0 0.509090909090909 0.15865384615384615 0.23636363636363636 0.03125
0 0.5454545454545454 0.18509615384615385 0.2 0.028846153846153848
0 0.5636363636363636 0.21153846153846154 0.20909090909090908 0.028846153846153848
0 0.5818181818181818 0.23798076923076922 0.17272727272727273 0.028846153846153848
0 0.5727272727272728 0.2668269230769231 0.19090909090909092 0.028846153846153848
0 0.5636363636363636 0.2932692307692308 0.2 0.026442307692307692
0 0.5818181818181818 0.31971153846153844 0.20909090909090908 0.03365384615384615
0 0.5909090909090909 0.35096153846153844 0.2 0.028846153846153848
0 0.6 0.37740384615384615 0.20909090909090908 0.03125
0 0.6 0.40865384615384615 0.21818181818181817 0.028846153846153848
0 0.5727272727272728 0.4375 0.21818181818181817 0.026442307692307692
0 0.5545454545454546 0.46634615384615385 0.22727272727272727 0.03365384615384615
0 0.5272727272727272 0.4951923076923077 0.24545454545454545 0.03125
0 0.4818181818181818 0.5288461538461539 0.2727272727272727 0.038461538461538464
0 0.42727272727272725 0.5721153846153846 0.2727272727272727 0.04567307692307692
0 0.43636363636363634 0.6225961538461539 0.3090909090909091 0.04567307692307692
0 0.4818181818181818 0.6802884615384616 0.32727272727272727 0.055288461538461536
0 0.5909090909090909 0.7427884615384616 0.3090909090909091 0.052884615384615384