0 0.5932203389830508 0.10817307692307693 0.2033898305084746 0.03365384615384615
0 0.6016949152542372 0.14182692307692307 0.211864406779661 0.03125
0 0.6101694915254238 0.17307692307692307 0.211864406779661 0.028846153846153848
0 0.6271186440677966 0.20673076923076922 0.22033898305084745 0.036057692307692304
0 0.6016949152542372 0.24278846153846154 0.211864406779661 0.04326923076923077
0 0.559322033898305 0.2668269230769231 0.23728813559322035 0.03365384615384615
0 0.4830508474576271 0.28365384615384615 0.2033898305084746 0.036057692307692304
0 0.3898305084745763 0.30528846153846156 0.211864406779661 0.038461538461538464
0 0.288135593220339 0.32211538461538464 0.19491525423728814 0.052884615384615384
0 0.2288135593220339 0.35336538461538464 0.2711864406779661 0.04807692307692308
0 0.17796610169491525 0.3870192307692308 0.2966101694915254 0.04567307692307692
0 0.1864406779661017 0.4254807692307692 0.288135593220339 0.036057692307692304
0 0.1864406779661017 0.46153846153846156 0.3050847457627119 0.036057692307692304
0 0.288135593220339 0.5 0.2796610169491525 0.06009615384615385
0 0.3813559322033898 0.5240384615384616 0.3220338983050847 0.06490384615384616
0 0.5 0.5673076923076923 0.3474576271186441 0.07451923076923077
0 0.6186440677966102 0.6105769230769231 0.3305084745762712 0.07211538461538461