0 0.5544554455445545 0.1658653846153846 0.27722772277227725 0.036057692307692304
0 0.5643564356435643 0.19951923076923078 0.25742574257425743 0.040865384615384616
0 0.5445544554455446 0.23557692307692307 0.26732673267326734 0.04807692307692308
0 0.5148514851485149 0.2692307692307692 0.25742574257425743 0.052884615384615384
0 0.44554455445544555 0.30288461538461536 0.2376237623762376 0.052884615384615384
0 0.3564356435643564 0.33413461538461536 0.24752475247524752 0.052884615384615384
0 0.2871287128712871 0.3605769230769231 0.297029702970297 0.05048076923076923
0 0.24752475247524752 0.39663461538461536 0.26732673267326734 0.052884615384615384
0 0.2871287128712871 0.4375 0.2871287128712871 0.055288461538461536
0 0.37623762376237624 0.4735576923076923 0.2871287128712871 0.0673076923076923
0 0.49504950495049505 0.5072115384615384 0.2871287128712871 0.0673076923076923
0 0.594059405940594 0.5432692307692307 0.31683168316831684 0.0625
0 0.6831683168316832 0.5913461538461539 0.3564356435643564 0.055288461538461536
0 0.693069306930693 0.6442307692307693 0.36633663366336633 0.05048076923076923
0 0.6534653465346535 0.6899038461538461 0.37623762376237624 0.052884615384615384
0 0.5445544554455446 0.1346153846153846 0.3069306930693069 0.038461538461538464