0 0.5294117647058824 0.10817307692307693 0.21568627450980393 0.028846153846153848
0 0.5294117647058824 0.13701923076923078 0.21568627450980393 0.028846153846153848
0 0.5392156862745098 0.16826923076923078 0.20588235294117646 0.028846153846153848
0 0.5588235294117647 0.19951923076923078 0.22549019607843138 0.03125
0 0.5490196078431373 0.23317307692307693 0.22549019607843138 0.03125
0 0.5098039215686274 0.2668269230769231 0.22549019607843138 0.03125
0 0.45098039215686275 0.2980769230769231 0.23529411764705882 0.036057692307692304
0 0.3627450980392157 0.3317307692307692 0.22549019607843138 0.040865384615384616
0 0.27450980392156865 0.36538461538461536 0.24509803921568626 0.036057692307692304
0 0.23529411764705882 0.4014423076923077 0.24509803921568626 0.038461538461538464
0 0.21568627450980393 0.4423076923076923 0.2549019607843137 0.038461538461538464
0 0.23529411764705882 0.47836538461538464 0.28431372549019607 0.03365384615384615
0 0.3137254901960784 0.5240384615384616 0.29411764705882354 0.04567307692307692
0 0.43137254901960786 0.5697115384615384 0.29411764705882354 0.04567307692307692
0 0.5490196078431373 0.6057692307692307 0.29411764705882354 0.04326923076923077
0 0.6470588235294118 0.6514423076923077 0.3333333333333333 0.04567307692307692
0 0.6568627450980392 0.7115384615384616 0.35294117647058826 0.052884615384615384