0 0.4827586206896552 0.22596153846153846 0.125 0.04807692307692308
0 0.45689655172413796 0.25240384615384615 0.1336206896551724 0.05048076923076923
0 0.44396551724137934 0.27884615384615385 0.15086206896551724 0.052884615384615384
0 0.3922413793103448 0.30288461538461536 0.14224137931034483 0.06009615384615385
0 0.3577586206896552 0.33413461538461536 0.1336206896551724 0.04567307692307692
0 0.3448275862068966 0.3605769230769231 0.14224137931034483 0.04567307692307692
0 0.3275862068965517 0.40384615384615385 0.11637931034482758 0.05048076923076923
0 0.34913793103448276 0.43028846153846156 0.10344827586206896 0.06490384615384616
0 0.3922413793103448 0.4567307692307692 0.11206896551724138 0.06490384615384616
0 0.44396551724137934 0.4807692307692308 0.11206896551724138 0.0625
0 0.5 0.5 0.11206896551724138 0.06009615384615385
0 0.5474137931034483 0.5336538461538461 0.16379310344827586 0.0673076923076923
0 0.5818965517241379 0.5865384615384616 0.14655172413793102 0.057692307692307696
0 0.5862068965517241 0.6418269230769231 0.14655172413793102 0.055288461538461536
0 0.5732758620689655 0.6850961538461539 0.16379310344827586 0.04807692307692308
0 0.4870689655172414 0.20192307692307693 0.1206896551724138 0.04326923076923077