0 0.5487179487179488 0.22596153846153846 0.11794871794871795 0.026442307692307692
0 0.5384615384615384 0.25 0.11794871794871795 0.028846153846153848
0 0.5333333333333333 0.27403846153846156 0.11794871794871795 0.026442307692307692
0 0.5230769230769231 0.3076923076923077 0.11282051282051282 0.03125
0 0.5076923076923077 0.33413461538461536 0.11282051282051282 0.03125
0 0.49743589743589745 0.36778846153846156 0.11282051282051282 0.03125
0 0.5025641025641026 0.39663461538461536 0.1076923076923077 0.03125
0 0.5230769230769231 0.42788461538461536 0.1076923076923077 0.03365384615384615
0 0.5333333333333333 0.4543269230769231 0.11282051282051282 0.028846153846153848
0 0.5692307692307692 0.4807692307692308 0.12307692307692308 0.036057692307692304
0 0.5948717948717949 0.5072115384615384 0.1076923076923077 0.036057692307692304
0 0.6153846153846154 0.5408653846153846 0.11282051282051282 0.03365384615384615
0 0.6256410256410256 0.5769230769230769 0.12307692307692308 0.036057692307692304
0 0.6205128205128205 0.6129807692307693 0.13333333333333333 0.04326923076923077
0 0.5948717948717949 0.6490384615384616 0.13846153846153847 0.052884615384615384
0 0.5435897435897435 0.6850961538461539 0.14358974358974358 0.040865384615384616
0 0.5025641025641026 0.7259615384615384 0.15384615384615385 0.04567307692307692