0 0.5897435897435898 0.8004807692307693 0.5 0.05048076923076923
0 0.6025641025641025 0.7596153846153846 0.47435897435897434 0.04807692307692308
0 0.5897435897435898 0.7091346153846154 0.4230769230769231 0.05048076923076923
0 0.5512820512820513 0.6442307692307693 0.38461538461538464 0.0625
0 0.46153846153846156 0.59375 0.48717948717948717 0.04567307692307692
0 0.3717948717948718 0.5408653846153846 0.3974358974358974 0.04326923076923077
0 0.32051282051282054 0.49278846153846156 0.41025641025641024 0.04326923076923077
0 0.2948717948717949 0.4495192307692308 0.3717948717948718 0.04807692307692308
0 0.32051282051282054 0.40865384615384615 0.358974358974359 0.036057692307692304
0 0.34615384615384615 0.37259615384615385 0.3717948717948718 0.04567307692307692
0 0.3974358974358974 0.3389423076923077 0.34615384615384615 0.04807692307692308
0 0.44871794871794873 0.3004807692307692 0.32051282051282054 0.04326923076923077
0 0.46153846153846156 0.2668269230769231 0.2564102564102564 0.03365384615384615
0 0.46153846153846156 0.2283653846153846 0.34615384615384615 0.040865384615384616
0 0.48717948717948717 0.19951923076923078 0.2948717948717949 0.03365384615384615
0 0.5 0.16105769230769232 0.3076923076923077 0.038461538461538464
0 0.48717948717948717 0.12980769230769232 0.2948717948717949 0.038461538461538464