0 0.5372340425531915 0.7019230769230769 0.15425531914893617 0.040865384615384616
0 0.5425531914893617 0.6586538461538461 0.13829787234042554 0.036057692307692304
0 0.5 0.3173076923076923 0.11702127659574468 0.038461538461538464
0 0.4787234042553192 0.3485576923076923 0.11702127659574468 0.036057692307692304
0 0.4308510638297872 0.36778846153846156 0.11702127659574468 0.036057692307692304
0 0.3882978723404255 0.3870192307692308 0.10106382978723404 0.04567307692307692
0 0.3404255319148936 0.40384615384615385 0.11702127659574468 0.040865384615384616
0 0.3191489361702128 0.43028846153846156 0.12234042553191489 0.038461538461538464
0 0.30851063829787234 0.45913461538461536 0.12234042553191489 0.03125
0 0.30319148936170215 0.4831730769230769 0.11702127659574468 0.026442307692307692
0 0.32978723404255317 0.5096153846153846 0.12234042553191489 0.038461538461538464
0 0.4148936170212766 0.5336538461538461 0.14893617021276595 0.052884615384615384
0 0.48404255319148937 0.5673076923076923 0.1702127659574468 0.057692307692307696
0 0.5159574468085106 0.6129807692307693 0.1702127659574468 0.055288461538461536
0 0.5212765957446809 0.29086538461538464 0.1276595744680851 0.03365384615384615