0 0.5384615384615384 0.22596153846153846 0.12637362637362637 0.040865384615384616
0 0.521978021978022 0.25961538461538464 0.12087912087912088 0.04567307692307692
0 0.5054945054945055 0.2932692307692308 0.14285714285714285 0.04567307692307692
0 0.489010989010989 0.32211538461538464 0.12637362637362637 0.04326923076923077
0 0.47802197802197804 0.35336538461538464 0.15384615384615385 0.04567307692307692
0 0.4725274725274725 0.3918269230769231 0.13736263736263737 0.04326923076923077
0 0.4725274725274725 0.43028846153846156 0.15934065934065933 0.05048076923076923
0 0.4835164835164835 0.46634615384615385 0.15934065934065933 0.05048076923076923
0 0.5054945054945055 0.5048076923076923 0.16483516483516483 0.05048076923076923
0 0.5384615384615384 0.5456730769230769 0.18681318681318682 0.052884615384615384
0 0.5714285714285714 0.5889423076923077 0.1978021978021978 0.055288461538461536
0 0.5714285714285714 0.6322115384615384 0.2087912087912088 0.055288461538461536
0 0.5384615384615384 0.6802884615384616 0.19230769230769232 0.06490384615384616
0 0.5 0.7331730769230769 0.21428571428571427 0.06971153846153846
0 0.5439560439560439 0.1971153846153846 0.12637362637362637 0.038461538461538464