0 0.5841584158415841 0.7019230769230769 0.36633663366336633 0.07211538461538461
0 0.504950495049505 0.6442307692307693 0.36633663366336633 0.06009615384615385
0 0.45544554455445546 0.5865384615384616 0.3564356435643564 0.055288461538461536
0 0.45544554455445546 0.5384615384615384 0.3069306930693069 0.052884615384615384
0 0.5148514851485149 0.4879807692307692 0.3465346534653465 0.038461538461538464
0 0.5742574257425742 0.4543269230769231 0.31683168316831684 0.052884615384615384
0 0.6237623762376238 0.41346153846153844 0.3069306930693069 0.04567307692307692
0 0.6237623762376238 0.37259615384615385 0.2871287128712871 0.040865384615384616
0 0.6336633663366337 0.3293269230769231 0.2871287128712871 0.04807692307692308
0 0.6039603960396039 0.3004807692307692 0.22772277227722773 0.038461538461538464
0 0.594059405940594 0.2644230769230769 0.22772277227722773 0.040865384615384616
0 0.6138613861386139 0.22596153846153846 0.2376237623762376 0.036057692307692304
0 0.594059405940594 0.19230769230769232 0.22772277227722773 0.03365384615384615
0 0.5643564356435643 0.1658653846153846 0.2376237623762376 0.03365384615384615
0 0.5148514851485149 0.13942307692307693 0.22772277227722773 0.040865384615384616
0 0.4752475247524752 0.11057692307692307 0.21782178217821782 0.03365384615384615
0 0.42574257425742573 0.08653846153846154 0.21782178217821782 0.028846153846153848
0 0.6831683168316832 0.7524038461538461 0.3465346534653465 0.055288461538461536