0 0.541095890410959 0.163855421686747 0.18493150684931506 0.04096385542168675
0 0.547945205479452 0.19759036144578312 0.2054794520547945 0.04578313253012048
0 0.5753424657534246 0.2385542168674699 0.21232876712328766 0.043373493975903614
0 0.547945205479452 0.27228915662650605 0.21232876712328766 0.060240963855421686
0 0.5 0.30843373493975906 0.19863013698630136 0.060240963855421686
0 0.4315068493150685 0.3325301204819277 0.21232876712328766 0.05783132530120482
0 0.3561643835616438 0.3469879518072289 0.2191780821917808 0.07228915662650602
0 0.2808219178082192 0.3759036144578313 0.22602739726027396 0.06746987951807229
0 0.1917808219178082 0.4 0.273972602739726 0.0746987951807229
0 0.17123287671232876 0.42891566265060244 0.3082191780821918 0.06265060240963856
0 0.14383561643835616 0.4771084337349398 0.2671232876712329 0.06987951807228916
0 0.1780821917808219 0.5228915662650603 0.2876712328767123 0.06746987951807229
0 0.22602739726027396 0.5662650602409639 0.273972602739726 0.07951807228915662
0 0.3356164383561644 0.6024096385542169 0.3013698630136986 0.08674698795180723
0 0.4520547945205479 0.6409638554216868 0.3287671232876712 0.09397590361445783
0 0.5753424657534246 0.689156626506024 0.3356164383561644 0.09156626506024096