0 0.5431472081218274 0.625 0.14213197969543148 0.03365384615384615
0 0.5177664974619289 0.5913461538461539 0.14720812182741116 0.04807692307692308
0 0.48223350253807107 0.5600961538461539 0.14213197969543148 0.04807692307692308
0 0.5177664974619289 0.3004807692307692 0.09644670050761421 0.028846153846153848
0 0.49238578680203043 0.31490384615384615 0.07614213197969544 0.026442307692307692
0 0.4467005076142132 0.3269230769230769 0.08629441624365482 0.028846153846153848
0 0.38578680203045684 0.3389423076923077 0.08121827411167512 0.03125
0 0.3604060913705584 0.3581730769230769 0.09644670050761421 0.026442307692307692
0 0.3299492385786802 0.3798076923076923 0.1065989847715736 0.026442307692307692
0 0.30456852791878175 0.4014423076923077 0.09644670050761421 0.028846153846153848
0 0.30456852791878175 0.4254807692307692 0.12690355329949238 0.028846153846153848
0 0.30456852791878175 0.4495192307692308 0.13705583756345177 0.03125
0 0.3096446700507614 0.47596153846153844 0.12690355329949238 0.03365384615384615
0 0.3553299492385787 0.5072115384615384 0.13705583756345177 0.04807692307692308
0 0.40609137055837563 0.5360576923076923 0.12690355329949238 0.04807692307692308