0 0.55 0.15625 0.24 0.03125
0 0.56 0.18990384615384615 0.27 0.040865384615384616
0 0.54 0.22596153846153846 0.28 0.04567307692307692
0 0.51 0.25961538461538464 0.31 0.04807692307692308
0 0.43 0.29086538461538464 0.27 0.052884615384615384
0 0.35 0.31971153846153844 0.28 0.04807692307692308
0 0.26 0.35096153846153844 0.3 0.055288461538461536
0 0.23 0.3870192307692308 0.29 0.04326923076923077
0 0.26 0.4230769230769231 0.27 0.052884615384615384
0 0.37 0.45913461538461536 0.31 0.0625
0 0.48 0.49278846153846156 0.31 0.06971153846153846
0 0.59 0.53125 0.38 0.0625
0 0.66 0.5769230769230769 0.35 0.055288461538461536
0 0.67 0.6274038461538461 0.37 0.055288461538461536
0 0.63 0.6706730769230769 0.43 0.06009615384615385
0 0.59 0.7115384615384616 0.44 0.052884615384615384