0 0.5393939393939394 0.7235576923076923 0.15757575757575756 0.06490384615384616
0 0.6121212121212121 0.6875 0.15151515151515152 0.0625
0 0.6848484848484848 0.6634615384615384 0.14545454545454545 0.0625
0 0.7272727272727273 0.6322115384615384 0.15151515151515152 0.040865384615384616
0 0.7575757575757576 0.59375 0.16363636363636364 0.04567307692307692
0 0.7515151515151515 0.5649038461538461 0.1696969696969697 0.04326923076923077
0 0.7333333333333333 0.5288461538461539 0.15757575757575756 0.040865384615384616
0 0.696969696969697 0.49759615384615385 0.15757575757575756 0.040865384615384616
0 0.6666666666666666 0.47115384615384615 0.13333333333333333 0.040865384615384616
0 0.6545454545454545 0.4423076923076923 0.1393939393939394 0.03365384615384615
0 0.6242424242424243 0.4110576923076923 0.12727272727272726 0.03125
0 0.6303030303030303 0.38221153846153844 0.1393939393939394 0.026442307692307692
0 0.6242424242424243 0.3581730769230769 0.13333333333333333 0.03125
0 0.6242424242424243 0.3293269230769231 0.13333333333333333 0.03365384615384615
0 0.6242424242424243 0.30288461538461536 0.11515151515151516 0.03125
0 0.6181818181818182 0.28125 0.1393939393939394 0.03365384615384615