0 0.4811320754716981 0.7475961538461539 0.29245283018867924 0.08413461538461539
0 0.5283018867924528 0.6875 0.3490566037735849 0.06490384615384616
0 0.6132075471698113 0.6466346153846154 0.29245283018867924 0.07211538461538461
0 0.7075471698113207 0.5889423076923077 0.3018867924528302 0.057692307692307696
0 0.6886792452830188 0.5456730769230769 0.3113207547169811 0.04807692307692308
0 0.6226415094339622 0.5048076923076923 0.29245283018867924 0.04567307692307692
0 0.5188679245283019 0.47836538461538464 0.27358490566037735 0.04567307692307692
0 0.42452830188679247 0.4423076923076923 0.27358490566037735 0.04567307692307692
0 0.3867924528301887 0.4014423076923077 0.2641509433962264 0.040865384615384616
0 0.37735849056603776 0.36538461538461536 0.20754716981132076 0.04326923076923077
0 0.4056603773584906 0.3269230769230769 0.22641509433962265 0.052884615384615384
0 0.42452830188679247 0.28846153846153844 0.24528301886792453 0.052884615384615384
0 0.44339622641509435 0.25 0.2169811320754717 0.04326923076923077
0 0.5 0.22355769230769232 0.1792452830188679 0.055288461538461536
0 0.5471698113207547 0.18028846153846154 0.1792452830188679 0.03365384615384615