0 0.40476190476190477 0.19471153846153846 0.09047619047619047 0.03125
0 0.3904761904761905 0.21875 0.09523809523809523 0.028846153846153848
0 0.36666666666666664 0.24519230769230768 0.09523809523809523 0.028846153846153848
0 0.3523809523809524 0.2644230769230769 0.10476190476190476 0.028846153846153848
0 0.3333333333333333 0.2980769230769231 0.10952380952380952 0.03125
0 0.34285714285714286 0.33413461538461536 0.12857142857142856 0.038461538461538464
0 0.35714285714285715 0.3557692307692308 0.12857142857142856 0.036057692307692304
0 0.40476190476190477 0.38221153846153844 0.13333333333333333 0.040865384615384616
0 0.4714285714285714 0.39663461538461536 0.1380952380952381 0.04326923076923077
0 0.5476190476190477 0.40384615384615385 0.16666666666666666 0.04807692307692308
0 0.6142857142857143 0.4182692307692308 0.15714285714285714 0.04807692307692308
0 0.7 0.4423076923076923 0.1761904761904762 0.04807692307692308
0 0.7380952380952381 0.47115384615384615 0.1761904761904762 0.05048076923076923
0 0.7285714285714285 0.5024038461538461 0.1761904761904762 0.04807692307692308
0 0.6952380952380952 0.5240384615384616 0.19047619047619047 0.05048076923076923
0 0.6523809523809524 0.5528846153846154 0.1761904761904762 0.05048076923076923
0 0.6047619047619047 0.5865384615384616 0.20476190476190476 0.057692307692307696
0 0.5714285714285714 0.6201923076923077 0.18571428571428572 0.05048076923076923