0 0.5666666666666667 0.16346153846153846 0.2777777777777778 0.038461538461538464
0 0.5666666666666667 0.1971153846153846 0.28888888888888886 0.04326923076923077
0 0.5333333333333333 0.23557692307692307 0.3111111111111111 0.052884615384615384
0 0.4777777777777778 0.2692307692307692 0.26666666666666666 0.05048076923076923
0 0.4444444444444444 0.3125 0.28888888888888886 0.04807692307692308
0 0.3888888888888889 0.3485576923076923 0.3 0.057692307692307696
0 0.3 0.3894230769230769 0.3111111111111111 0.055288461538461536
0 0.24444444444444444 0.4254807692307692 0.35555555555555557 0.04807692307692308
0 0.2 0.47115384615384615 0.3333333333333333 0.055288461538461536
0 0.25555555555555554 0.5144230769230769 0.4 0.06009615384615385
0 0.34444444444444444 0.5600961538461539 0.4 0.06490384615384616
0 0.4888888888888889 0.5985576923076923 0.4222222222222222 0.08173076923076923
0 0.5888888888888889 0.6490384615384616 0.43333333333333335 0.07451923076923077
0 0.6222222222222222 0.7067307692307693 0.45555555555555555 0.0625
0 0.5888888888888889 0.7692307692307693 0.4777777777777778 0.06490384615384616
0 0.5777777777777777 0.12980769230769232 0.26666666666666666 0.040865384615384616