0 0.53 0.10096153846153846 0.12 0.03125
0 0.515 0.13221153846153846 0.105 0.03125
0 0.5 0.16346153846153846 0.13 0.036057692307692304
0 0.49 0.20192307692307693 0.14 0.040865384615384616
0 0.475 0.23798076923076922 0.14 0.038461538461538464
0 0.465 0.27403846153846156 0.145 0.038461538461538464
0 0.46 0.3125 0.165 0.04326923076923077
0 0.465 0.3485576923076923 0.17 0.04326923076923077
0 0.475 0.3918269230769231 0.175 0.04326923076923077
0 0.485 0.4206730769230769 0.17 0.04326923076923077
0 0.51 0.4735576923076923 0.18 0.04807692307692308
0 0.52 0.5288461538461539 0.185 0.055288461538461536
0 0.51 0.5817307692307693 0.195 0.057692307692307696
0 0.48 0.6370192307692307 0.21 0.057692307692307696
0 0.41 0.6802884615384616 0.24 0.06490384615384616
0 0.355 0.7331730769230769 0.205 0.055288461538461536