0 0.4662576687116564 0.07211538461538461 0.26380368098159507 0.07692307692307693
0 0.4539877300613497 0.11298076923076923 0.26993865030674846 0.0673076923076923
0 0.3803680981595092 0.14903846153846154 0.24539877300613497 0.08653846153846154
0 0.3006134969325153 0.19471153846153846 0.2147239263803681 0.07692307692307693
0 0.2331288343558282 0.23798076923076922 0.2392638036809816 0.07932692307692307
0 0.2085889570552147 0.27884615384615385 0.26993865030674846 0.0673076923076923
0 0.17791411042944785 0.33413461538461536 0.26380368098159507 0.07451923076923077
0 0.17791411042944785 0.38461538461538464 0.2331288343558282 0.07451923076923077
0 0.2392638036809816 0.43990384615384615 0.25766871165644173 0.08173076923076923
0 0.3374233128834356 0.49278846153846156 0.25766871165644173 0.09615384615384616
0 0.44171779141104295 0.5456730769230769 0.27607361963190186 0.10336538461538461
0 0.5644171779141104 0.5985576923076923 0.294478527607362 0.09375
0 0.6503067484662577 0.6682692307692307 0.32515337423312884 0.09375
0 0.6809815950920245 0.7451923076923077 0.3128834355828221 0.08413461538461539
0 0.6932515337423313 0.8221153846153846 0.3312883435582822 0.08653846153846154