0 0.5350877192982456 0.7043269230769231 0.3333333333333333 0.0673076923076923
0 0.4824561403508772 0.7572115384615384 0.37719298245614036 0.057692307692307696
0 0.6052631578947368 0.6442307692307693 0.2982456140350877 0.052884615384615384
0 0.5877192982456141 0.59375 0.2894736842105263 0.06009615384615385
0 0.5263157894736842 0.5408653846153846 0.2719298245614035 0.04567307692307692
0 0.41228070175438597 0.5024038461538461 0.2719298245614035 0.055288461538461536
0 0.34210526315789475 0.45913461538461536 0.2543859649122807 0.04807692307692308
0 0.30701754385964913 0.4206730769230769 0.24561403508771928 0.04326923076923077
0 0.30701754385964913 0.37740384615384615 0.2543859649122807 0.05048076923076923
0 0.3333333333333333 0.34134615384615385 0.2543859649122807 0.057692307692307696
0 0.40350877192982454 0.31009615384615385 0.22807017543859648 0.055288461538461536
0 0.45614035087719296 0.2764423076923077 0.23684210526315788 0.06490384615384616
0 0.49122807017543857 0.2283653846153846 0.21929824561403508 0.052884615384615384
0 0.5263157894736842 0.19471153846153846 0.22807017543859648 0.038461538461538464
0 0.5614035087719298 0.1658653846153846 0.20175438596491227 0.038461538461538464
0 0.5789473684210527 0.13221153846153846 0.22807017543859648 0.040865384615384616
0 0.5614035087719298 0.10576923076923077 0.23684210526315788 0.03365384615384615