0 0.49 0.7716346153846154 0.39 0.06009615384615385
0 0.56 0.7163461538461539 0.33 0.057692307692307696
0 0.59 0.6730769230769231 0.36 0.052884615384615384
0 0.63 0.6201923076923077 0.33 0.05048076923076923
0 0.59 0.5793269230769231 0.32 0.05048076923076923
0 0.55 0.5336538461538461 0.33 0.05048076923076923
0 0.46 0.49038461538461536 0.32 0.057692307692307696
0 0.42 0.4495192307692308 0.36 0.052884615384615384
0 0.42 0.40625 0.32 0.040865384615384616
0 0.45 0.3798076923076923 0.33 0.05048076923076923
0 0.51 0.34134615384615385 0.31 0.04807692307692308
0 0.55 0.3004807692307692 0.28 0.04326923076923077
0 0.55 0.2668269230769231 0.3 0.04567307692307692
0 0.57 0.2283653846153846 0.27 0.036057692307692304
0 0.57 0.19951923076923078 0.25 0.036057692307692304
0 0.57 0.15144230769230768 0.19 0.040865384615384616