0 0.7213930348258707 0.78125 0.1791044776119403 0.06009615384615385
0 0.7263681592039801 0.7235576923076923 0.17412935323383086 0.055288461538461536
0 0.6716417910447762 0.6682692307692307 0.14925373134328357 0.06009615384615385
0 0.6069651741293532 0.6177884615384616 0.1791044776119403 0.07211538461538461
0 0.5422885572139303 0.5673076923076923 0.16417910447761194 0.0625
0 0.4925373134328358 0.5240384615384616 0.16417910447761194 0.057692307692307696
0 0.4527363184079602 0.4735576923076923 0.15920398009950248 0.055288461538461536
0 0.4427860696517413 0.4206730769230769 0.13432835820895522 0.055288461538461536
0 0.43781094527363185 0.37740384615384615 0.12437810945273632 0.04807692307692308
0 0.472636815920398 0.34615384615384615 0.12437810945273632 0.05048076923076923
0 0.5373134328358209 0.31490384615384615 0.11940298507462686 0.055288461538461536
0 0.582089552238806 0.28125 0.10945273631840796 0.04807692307692308
0 0.6268656716417911 0.24519230769230768 0.10945273631840796 0.05048076923076923
0 0.6467661691542289 0.21153846153846154 0.12437810945273632 0.04807692307692308
0 0.6467661691542289 0.17307692307692307 0.10945273631840796 0.036057692307692304
0 0.6467661691542289 0.13701923076923078 0.12935323383084577 0.040865384615384616