0 0.5104166666666666 0.15384615384615385 0.22916666666666666 0.03365384615384615
0 0.5 0.18269230769230768 0.25 0.03365384615384615
0 0.5 0.2091346153846154 0.2708333333333333 0.038461538461538464
0 0.46875 0.2403846153846154 0.25 0.038461538461538464
0 0.4583333333333333 0.27163461538461536 0.2708333333333333 0.038461538461538464
0 0.4479166666666667 0.30288461538461536 0.28125 0.038461538461538464
0 0.4479166666666667 0.3293269230769231 0.25 0.036057692307692304
0 0.4583333333333333 0.3605769230769231 0.25 0.036057692307692304
0 0.4583333333333333 0.3942307692307692 0.23958333333333334 0.040865384615384616
0 0.4791666666666667 0.42788461538461536 0.2604166666666667 0.040865384615384616
0 0.53125 0.4639423076923077 0.2604166666666667 0.04567307692307692
0 0.5729166666666666 0.5 0.2916666666666667 0.05048076923076923
0 0.59375 0.5408653846153846 0.28125 0.04807692307692308
0 0.5833333333333334 0.59375 0.2916666666666667 0.05048076923076923
0 0.5104166666666666 0.6442307692307693 0.3020833333333333 0.06009615384615385
0 0.4583333333333333 0.6947115384615384 0.34375 0.055288461538461536