0 0.47161572052401746 0.31971153846153844 0.09170305676855896 0.03125
0 0.4497816593886463 0.34134615384615385 0.08296943231441048 0.03365384615384615
0 0.4279475982532751 0.3629807692307692 0.09170305676855896 0.03365384615384615
0 0.39737991266375544 0.38221153846153844 0.08733624454148471 0.04567307692307692
0 0.37554585152838427 0.40865384615384615 0.09606986899563319 0.040865384615384616
0 0.3624454148471616 0.43990384615384615 0.11353711790393013 0.040865384615384616
0 0.36681222707423583 0.46634615384615385 0.11353711790393013 0.040865384615384616
0 0.38427947598253276 0.4855769230769231 0.10043668122270742 0.04567307692307692
0 0.43231441048034935 0.5048076923076923 0.13100436681222707 0.052884615384615384
0 0.4759825327510917 0.5144230769230769 0.13100436681222707 0.04807692307692308
0 0.5065502183406113 0.5408653846153846 0.1615720524017467 0.04807692307692308
0 0.537117903930131 0.5649038461538461 0.16593886462882096 0.038461538461538464
0 0.537117903930131 0.6009615384615384 0.14410480349344978 0.04567307692307692
0 0.5327510917030568 0.6442307692307693 0.14410480349344978 0.057692307692307696
0 0.47161572052401746 0.3004807692307692 0.10043668122270742 0.028846153846153848