0 0.5603864734299517 0.23076923076923078 0.10628019323671498 0.03125
0 0.5507246376811594 0.2620192307692308 0.11594202898550725 0.040865384615384616
0 0.5265700483091788 0.28365384615384615 0.10628019323671498 0.04567307692307692
0 0.5024154589371981 0.31009615384615385 0.1111111111111111 0.052884615384615384
0 0.4782608695652174 0.3389423076923077 0.12560386473429952 0.04567307692307692
0 0.46859903381642515 0.36778846153846156 0.12077294685990338 0.04326923076923077
0 0.45893719806763283 0.39903846153846156 0.1111111111111111 0.04567307692307692
0 0.46859903381642515 0.4375 0.13043478260869565 0.04326923076923077
0 0.4927536231884058 0.46875 0.13526570048309178 0.05048076923076923
0 0.5217391304347826 0.5072115384615384 0.12560386473429952 0.05048076923076923
0 0.5507246376811594 0.5384615384615384 0.12560386473429952 0.05048076923076923
0 0.5893719806763285 0.5793269230769231 0.14009661835748793 0.05048076923076923
0 0.6038647342995169 0.6177884615384616 0.15942028985507245 0.052884615384615384
0 0.6135265700483091 0.6586538461538461 0.15942028985507245 0.055288461538461536
0 0.6086956521739131 0.6971153846153846 0.15942028985507245 0.055288461538461536
0 0.5990338164251208 0.7427884615384616 0.2028985507246377 0.05048076923076923