0 0.5742574257425742 0.6009615384615384 0.18316831683168316 0.0673076923076923
0 0.5247524752475248 0.5625 0.1782178217821782 0.06971153846153846
0 0.4207920792079208 0.5432692307692307 0.15346534653465346 0.07932692307692307
0 0.36633663366336633 0.5264423076923077 0.1485148514851485 0.08653846153846154
0 0.3069306930693069 0.5096153846153846 0.18316831683168316 0.057692307692307696
0 0.2871287128712871 0.47836538461538464 0.20297029702970298 0.055288461538461536
0 0.26732673267326734 0.4326923076923077 0.20297029702970298 0.04807692307692308
0 0.30198019801980197 0.4014423076923077 0.15346534653465346 0.057692307692307696
0 0.35148514851485146 0.375 0.12871287128712872 0.057692307692307696
0 0.41089108910891087 0.3485576923076923 0.10396039603960396 0.04807692307692308
0 0.4603960396039604 0.32211538461538464 0.12376237623762376 0.05048076923076923
0 0.4801980198019802 0.28365384615384615 0.13366336633663367 0.04807692307692308
0 0.504950495049505 0.24519230769230768 0.1485148514851485 0.03365384615384615
0 0.49504950495049505 0.21875 0.12871287128712872 0.03125
0 0.4801980198019802 0.19230769230769232 0.1188118811881188 0.028846153846153848
0 0.47029702970297027 0.16826923076923078 0.12376237623762376 0.028846153846153848