0 0.6214953271028038 0.7091346153846154 0.14485981308411214 0.052884615384615384
0 0.6542056074766355 0.6610576923076923 0.1261682242990654 0.04807692307692308
0 0.6635514018691588 0.6177884615384616 0.1308411214953271 0.04807692307692308
0 0.616822429906542 0.5865384615384616 0.1261682242990654 0.052884615384615384
0 0.5700934579439252 0.5600961538461539 0.11214953271028037 0.05048076923076923
0 0.5186915887850467 0.5336538461538461 0.12149532710280374 0.04567307692307692
0 0.48598130841121495 0.5 0.11682242990654206 0.038461538461538464
0 0.4672897196261682 0.46634615384615385 0.11214953271028037 0.038461538461538464
0 0.4719626168224299 0.4326923076923077 0.11214953271028037 0.040865384615384616
0 0.48130841121495327 0.41346153846153844 0.10747663551401869 0.03365384615384615
0 0.514018691588785 0.38221153846153844 0.102803738317757 0.04567307692307692
0 0.5514018691588785 0.36538461538461536 0.102803738317757 0.04326923076923077
0 0.5654205607476636 0.3293269230769231 0.10747663551401869 0.038461538461538464
0 0.5794392523364486 0.2956730769230769 0.09345794392523364 0.040865384615384616
0 0.5981308411214953 0.27163461538461536 0.09345794392523364 0.03365384615384615
0 0.5981308411214953 0.24759615384615385 0.08878504672897196 0.03365384615384615