0 0.5177664974619289 0.2620192307692308 0.09644670050761421 0.021634615384615384
0 0.5177664974619289 0.28365384615384615 0.10152284263959391 0.03125
0 0.5126903553299492 0.30288461538461536 0.116751269035533 0.03125
0 0.4873096446700508 0.3269230769230769 0.116751269035533 0.04807692307692308
0 0.4467005076142132 0.33413461538461536 0.1116751269035533 0.04807692307692308
0 0.39086294416243655 0.3485576923076923 0.1319796954314721 0.04326923076923077
0 0.3401015228426396 0.37259615384615385 0.116751269035533 0.04326923076923077
0 0.3147208121827411 0.39903846153846156 0.12690355329949238 0.038461538461538464
0 0.3299492385786802 0.43028846153846156 0.1218274111675127 0.04567307692307692
0 0.350253807106599 0.4543269230769231 0.1319796954314721 0.057692307692307696
0 0.4010152284263959 0.47115384615384615 0.14720812182741116 0.057692307692307696
0 0.4517766497461929 0.49278846153846156 0.16243654822335024 0.055288461538461536
0 0.49238578680203043 0.53125 0.16243654822335024 0.052884615384615384
0 0.5177664974619289 0.5697115384615384 0.15736040609137056 0.04807692307692308
0 0.5329949238578681 0.6177884615384616 0.14213197969543148 0.05048076923076923