0 0.46153846153846156 0.7427884615384616 0.1794871794871795 0.04807692307692308
0 0.47692307692307695 0.7067307692307693 0.18461538461538463 0.040865384615384616
0 0.48717948717948717 0.6754807692307693 0.15897435897435896 0.052884615384615384
0 0.49230769230769234 0.6298076923076923 0.15384615384615385 0.038461538461538464
0 0.4717948717948718 0.5889423076923077 0.1282051282051282 0.052884615384615384
0 0.4153846153846154 0.5600961538461539 0.1282051282051282 0.05048076923076923
0 0.358974358974359 0.5336538461538461 0.09743589743589744 0.04807692307692308
0 0.3076923076923077 0.5120192307692307 0.1076923076923077 0.04326923076923077
0 0.2717948717948718 0.4831730769230769 0.13333333333333333 0.05048076923076923
0 0.2717948717948718 0.4519230769230769 0.14358974358974358 0.03365384615384615
0 0.2512820512820513 0.4254807692307692 0.13333333333333333 0.028846153846153848
0 0.26666666666666666 0.3942307692307692 0.11794871794871795 0.04326923076923077
0 0.28717948717948716 0.37259615384615385 0.11282051282051282 0.04567307692307692
0 0.3128205128205128 0.35336538461538464 0.07692307692307693 0.038461538461538464
0 0.3487179487179487 0.3317307692307692 0.08205128205128205 0.04326923076923077
0 0.37435897435897436 0.30528846153846156 0.08717948717948718 0.040865384615384616
0 0.4 0.28125 0.09230769230769231 0.03125
0 0.41025641025641024 0.2548076923076923 0.09743589743589744 0.028846153846153848