0 0.6825396825396826 0.7740384615384616 0.25396825396825395 0.03365384615384615
0 0.6904761904761905 0.7403846153846154 0.2698412698412698 0.03125
0 0.7142857142857143 0.7067307692307693 0.2698412698412698 0.04567307692307692
0 0.6587301587301587 0.6610576923076923 0.20634920634920634 0.057692307692307696
0 0.5634920634920635 0.625 0.1984126984126984 0.055288461538461536
0 0.4603174603174603 0.59375 0.1984126984126984 0.052884615384615384
0 0.38095238095238093 0.5625 0.15873015873015872 0.04567307692307692
0 0.3333333333333333 0.5360576923076923 0.21428571428571427 0.03365384615384615
0 0.30952380952380953 0.5072115384615384 0.21428571428571427 0.038461538461538464
0 0.3253968253968254 0.47115384615384615 0.23015873015873015 0.038461538461538464
0 0.3492063492063492 0.44711538461538464 0.20634920634920634 0.04567307692307692
0 0.4126984126984127 0.4230769230769231 0.19047619047619047 0.057692307692307696
0 0.49206349206349204 0.40625 0.16666666666666666 0.05048076923076923
0 0.5634920634920635 0.3798076923076923 0.1984126984126984 0.040865384615384616
0 0.6190476190476191 0.35336538461538464 0.16666666666666666 0.03125
0 0.6428571428571429 0.3317307692307692 0.1746031746031746 0.028846153846153848
0 0.6349206349206349 0.30288461538461536 0.1746031746031746 0.03125