0 0.45121951219512196 0.2860576923076923 0.11585365853658537 0.038461538461538464
0 0.4146341463414634 0.30288461538461536 0.12804878048780488 0.038461538461538464
0 0.3780487804878049 0.3173076923076923 0.11585365853658537 0.03365384615384615
0 0.3170731707317073 0.3317307692307692 0.11585365853658537 0.040865384615384616
0 0.27439024390243905 0.3485576923076923 0.10365853658536585 0.04807692307692308
0 0.22560975609756098 0.36538461538461536 0.10975609756097561 0.05048076923076923
0 0.21341463414634146 0.3918269230769231 0.1402439024390244 0.05048076923076923
0 0.21341463414634146 0.4230769230769231 0.1402439024390244 0.036057692307692304
0 0.23170731707317074 0.45913461538461536 0.13414634146341464 0.05048076923076923
0 0.25609756097560976 0.4879807692307692 0.17073170731707318 0.04807692307692308
0 0.29878048780487804 0.5168269230769231 0.15853658536585366 0.057692307692307696
0 0.3719512195121951 0.5456730769230769 0.15853658536585366 0.06009615384615385
0 0.45121951219512196 0.5745192307692307 0.15853658536585366 0.06009615384615385
0 0.5182926829268293 0.6033653846153846 0.1524390243902439 0.06009615384615385
0 0.573170731707317 0.6418269230769231 0.17073170731707318 0.052884615384615384