0 0.5428571428571428 0.1346153846153846 0.12857142857142856 0.038461538461538464
0 0.5380952380952381 0.16105769230769232 0.12380952380952381 0.036057692307692304
0 0.5285714285714286 0.18990384615384615 0.12380952380952381 0.040865384615384616
0 0.5142857142857142 0.21875 0.1380952380952381 0.052884615384615384
0 0.49047619047619045 0.25 0.14285714285714285 0.052884615384615384
0 0.46190476190476193 0.27884615384615385 0.15714285714285714 0.05048076923076923
0 0.43333333333333335 0.30528846153846156 0.15714285714285714 0.04807692307692308
0 0.4238095238095238 0.33653846153846156 0.1619047619047619 0.05048076923076923
0 0.42857142857142855 0.37740384615384615 0.1619047619047619 0.055288461538461536
0 0.44761904761904764 0.4110576923076923 0.1380952380952381 0.055288461538461536
0 0.48095238095238096 0.44711538461538464 0.14285714285714285 0.055288461538461536
0 0.5333333333333333 0.47596153846153844 0.16666666666666666 0.06009615384615385
0 0.5761904761904761 0.5168269230769231 0.18095238095238095 0.057692307692307696
0 0.6 0.5625 0.15714285714285714 0.057692307692307696
0 0.6142857142857143 0.6081730769230769 0.16666666666666666 0.052884615384615384
0 0.6142857142857143 0.6514423076923077 0.16666666666666666 0.04567307692307692