0 0.4967741935483871 0.7283653846153846 0.21935483870967742 0.04567307692307692
0 0.45806451612903226 0.6971153846153846 0.2064516129032258 0.05048076923076923
0 0.3935483870967742 0.6610576923076923 0.22580645161290322 0.055288461538461536
0 0.36129032258064514 0.6274038461538461 0.24516129032258063 0.04326923076923077
0 0.33548387096774196 0.5985576923076923 0.24516129032258063 0.038461538461538464
0 0.34838709677419355 0.5480769230769231 0.17419354838709677 0.04567307692307692
0 0.43870967741935485 0.4855769230769231 0.15483870967741936 0.04326923076923077
0 0.38064516129032255 0.5216346153846154 0.18064516129032257 0.04567307692307692
0 0.47096774193548385 0.4543269230769231 0.16129032258064516 0.036057692307692304
0 0.4774193548387097 0.42788461538461536 0.14838709677419354 0.03125
0 0.45161290322580644 0.39663461538461536 0.12903225806451613 0.03125
0 0.45161290322580644 0.36538461538461536 0.17419354838709677 0.03125
0 0.43870967741935485 0.33413461538461536 0.14838709677419354 0.03125
0 0.45806451612903226 0.3076923076923077 0.14193548387096774 0.03365384615384615
0 0.45161290322580644 0.27884615384615385 0.11612903225806452 0.036057692307692304
0 0.44516129032258067 0.25240384615384615 0.11612903225806452 0.028846153846153848
0 0.432258064516129 0.22596153846153846 0.10967741935483871 0.03125