0 0.6214285714285714 0.6802884615384616 0.20714285714285716 0.040865384615384616
0 0.6428571428571429 0.6370192307692307 0.2 0.04807692307692308
0 0.6285714285714286 0.5961538461538461 0.18571428571428572 0.04326923076923077
0 0.5928571428571429 0.5552884615384616 0.17857142857142858 0.052884615384615384
0 0.55 0.5240384615384616 0.18571428571428572 0.04567307692307692
0 0.4928571428571429 0.4951923076923077 0.17142857142857143 0.038461538461538464
0 0.4642857142857143 0.4639423076923077 0.19285714285714287 0.036057692307692304
0 0.45714285714285713 0.4375 0.22857142857142856 0.028846153846153848
0 0.44285714285714284 0.40625 0.15714285714285714 0.036057692307692304
0 0.4714285714285714 0.38221153846153844 0.1357142857142857 0.040865384615384616
0 0.5285714285714286 0.3605769230769231 0.12857142857142856 0.04326923076923077
0 0.5857142857142857 0.34134615384615385 0.11428571428571428 0.03365384615384615
0 0.6214285714285714 0.3173076923076923 0.12857142857142856 0.03365384615384615
0 0.65 0.2956730769230769 0.12857142857142856 0.026442307692307692
0 0.6714285714285714 0.27163461538461536 0.12857142857142856 0.03125
0 0.6642857142857143 0.25 0.11428571428571428 0.026442307692307692