0 0.57 0.0889423076923077 0.25 0.04567307692307692
0 0.55 0.12740384615384615 0.29 0.04807692307692308
0 0.55 0.15625 0.33 0.055288461538461536
0 0.51 0.19471153846153846 0.37 0.055288461538461536
0 0.48 0.22596153846153846 0.35 0.06009615384615385
0 0.38 0.2644230769230769 0.37 0.0673076923076923
0 0.34 0.3076923076923077 0.42 0.052884615384615384
0 0.31 0.34375 0.41 0.06009615384615385
0 0.31 0.38461538461538464 0.37 0.06490384615384616
0 0.37 0.4206730769230769 0.44 0.07451923076923077
0 0.42 0.46153846153846156 0.35 0.07451923076923077
0 0.58 0.5048076923076923 0.34 0.0673076923076923
0 0.71 0.5456730769230769 0.44 0.0673076923076923
0 0.79 0.6009615384615384 0.4 0.06971153846153846
0 0.785 0.6478365384615384 0.43 0.07932692307692307
0 0.69 0.7091346153846154 0.42 0.08413461538461539