0 0.4875 0.1778846153846154 0.175 0.036057692307692304
0 0.48125 0.2091346153846154 0.175 0.04326923076923077
0 0.46875 0.24278846153846154 0.15625 0.04326923076923077
0 0.45625 0.2764423076923077 0.16875 0.055288461538461536
0 0.39375 0.30288461538461536 0.15625 0.052884615384615384
0 0.35625 0.33413461538461536 0.16875 0.05048076923076923
0 0.325 0.36538461538461536 0.225 0.05048076923076923
0 0.3 0.40625 0.19375 0.04326923076923077
0 0.3 0.4423076923076923 0.20625 0.05048076923076923
0 0.3125 0.4807692307692308 0.18125 0.057692307692307696
0 0.36875 0.5192307692307693 0.2125 0.06490384615384616
0 0.43125 0.5552884615384616 0.21875 0.07211538461538461
0 0.50625 0.6009615384615384 0.2375 0.06490384615384616
0 0.55 0.6442307692307693 0.21875 0.057692307692307696
0 0.55625 0.6971153846153846 0.20625 0.052884615384615384
0 0.51875 0.7475961538461539 0.225 0.0625