0 0.5487804878048781 0.8822115384615384 0.2073170731707317 0.05048076923076923
0 0.5426829268292683 0.8293269230769231 0.21951219512195122 0.057692307692307696
0 0.5792682926829268 0.7764423076923077 0.25 0.08173076923076923
0 0.6585365853658537 0.7355769230769231 0.21951219512195122 0.06971153846153846
0 0.6890243902439024 0.6754807692307693 0.23170731707317074 0.057692307692307696
0 0.6951219512195121 0.6274038461538461 0.24390243902439024 0.06009615384615385
0 0.676829268292683 0.5769230769230769 0.23780487804878048 0.057692307692307696
0 0.6219512195121951 0.5384615384615384 0.20121951219512196 0.055288461538461536
0 0.5609756097560976 0.5 0.1951219512195122 0.052884615384615384
0 0.5121951219512195 0.46634615384615385 0.21341463414634146 0.04807692307692308
0 0.49390243902439024 0.42788461538461536 0.18902439024390244 0.04807692307692308
0 0.47560975609756095 0.3918269230769231 0.18902439024390244 0.057692307692307696
0 0.49390243902439024 0.3557692307692308 0.1524390243902439 0.04567307692307692
0 0.5487804878048781 0.3269230769230769 0.15853658536585366 0.05048076923076923
0 0.6158536585365854 0.30288461538461536 0.15853658536585366 0.04807692307692308
0 0.6463414634146342 0.2644230769230769 0.1402439024390244 0.04567307692307692
0 0.6585365853658537 0.23557692307692307 0.17682926829268292 0.038461538461538464