0 0.5098039215686274 0.7884615384615384 0.37254901960784315 0.04807692307692308
0 0.5294117647058824 0.7427884615384616 0.46078431372549017 0.052884615384615384
0 0.46078431372549017 0.6875 0.39215686274509803 0.05048076923076923
0 0.38235294117647056 0.6394230769230769 0.3627450980392157 0.052884615384615384
0 0.3333333333333333 0.59375 0.3627450980392157 0.04567307692307692
0 0.3431372549019608 0.5456730769230769 0.29411764705882354 0.04567307692307692
0 0.37254901960784315 0.5 0.29411764705882354 0.057692307692307696
0 0.46078431372549017 0.4639423076923077 0.3137254901960784 0.057692307692307696
0 0.5686274509803921 0.4326923076923077 0.28431372549019607 0.057692307692307696
0 0.6568627450980392 0.39663461538461536 0.2549019607843137 0.06490384615384616
0 0.7352941176470589 0.36538461538461536 0.27450980392156865 0.05048076923076923
0 0.7549019607843137 0.3293269230769231 0.35294117647058826 0.04326923076923077
0 0.7352941176470589 0.28846153846153844 0.3333333333333333 0.04567307692307692
0 0.7058823529411765 0.2620192307692308 0.3235294117647059 0.04807692307692308
0 0.6274509803921569 0.23076923076923078 0.24509803921568626 0.04807692307692308
0 0.5588235294117647 0.20673076923076922 0.24509803921568626 0.05048076923076923
0 0.5 0.1778846153846154 0.2549019607843137 0.040865384615384616