0 0.6827586206896552 0.7403846153846154 0.2896551724137931 0.055288461538461536
0 0.6620689655172414 0.6730769230769231 0.296551724137931 0.0625
0 0.6068965517241379 0.6129807692307693 0.2482758620689655 0.0673076923076923
0 0.5310344827586206 0.5649038461538461 0.25517241379310346 0.07692307692307693
0 0.42758620689655175 0.5168269230769231 0.2482758620689655 0.06490384615384616
0 0.3310344827586207 0.47836538461538464 0.22758620689655173 0.07211538461538461
0 0.2620689655172414 0.44471153846153844 0.21379310344827587 0.0625
0 0.20689655172413793 0.3942307692307692 0.25517241379310346 0.038461538461538464
0 0.21379310344827587 0.3581730769230769 0.25517241379310346 0.04807692307692308
0 0.25517241379310346 0.3173076923076923 0.2620689655172414 0.0625
0 0.2689655172413793 0.28365384615384615 0.21379310344827587 0.0625
0 0.32413793103448274 0.25240384615384615 0.1724137931034483 0.057692307692307696
0 0.4 0.22115384615384615 0.16551724137931034 0.057692307692307696
0 0.4413793103448276 0.18269230769230768 0.15862068965517243 0.040865384615384616
0 0.4689655172413793 0.14903846153846154 0.19310344827586207 0.036057692307692304
0 0.47586206896551725 0.11538461538461539 0.1793103448275862 0.03365384615384615