0 0.4306569343065693 0.7307692307692307 0.3357664233576642 0.057692307692307696
0 0.44525547445255476 0.6730769230769231 0.26277372262773724 0.052884615384615384
0 0.44525547445255476 0.6177884615384616 0.2773722627737226 0.04807692307692308
0 0.45985401459854014 0.5673076923076923 0.24817518248175183 0.0625
0 0.5255474452554745 0.5360576923076923 0.21897810218978103 0.057692307692307696
0 0.6131386861313869 0.49278846153846156 0.26277372262773724 0.057692307692307696
0 0.6715328467153284 0.44711538461538464 0.27007299270072993 0.04807692307692308
0 0.6934306569343066 0.4110576923076923 0.24817518248175183 0.04807692307692308
0 0.7226277372262774 0.36778846153846156 0.23357664233576642 0.036057692307692304
0 0.708029197080292 0.33413461538461536 0.2116788321167883 0.04326923076923077
0 0.6642335766423357 0.2980769230769231 0.2116788321167883 0.040865384615384616
0 0.6496350364963503 0.25961538461538464 0.2116788321167883 0.038461538461538464
0 0.6423357664233577 0.22596153846153846 0.18248175182481752 0.04326923076923077
0 0.6204379562043796 0.1971153846153846 0.18248175182481752 0.040865384615384616
0 0.583941605839416 0.15865384615384615 0.17518248175182483 0.040865384615384616
0 0.5620437956204379 0.12740384615384615 0.1678832116788321 0.03125