0 0.5575221238938053 0.14903846153846154 0.10619469026548672 0.038461538461538464
0 0.5486725663716814 0.1778846153846154 0.10619469026548672 0.036057692307692304
0 0.5398230088495575 0.20673076923076922 0.10619469026548672 0.036057692307692304
0 0.5265486725663717 0.23557692307692307 0.11061946902654868 0.036057692307692304
0 0.5088495575221239 0.2644230769230769 0.11946902654867257 0.036057692307692304
0 0.5 0.2956730769230769 0.11946902654867257 0.038461538461538464
0 0.49557522123893805 0.3293269230769231 0.11946902654867257 0.040865384615384616
0 0.5 0.3629807692307692 0.12831858407079647 0.04326923076923077
0 0.5176991150442478 0.39903846153846156 0.13274336283185842 0.04567307692307692
0 0.5442477876106194 0.4326923076923077 0.13716814159292035 0.04567307692307692
0 0.584070796460177 0.4639423076923077 0.12831858407079647 0.04326923076923077
0 0.6061946902654868 0.5024038461538461 0.14601769911504425 0.04567307692307692
0 0.7095570398230089 0.5190029783653846 0.5565129469026548 0.5190029783653846 0.5565129469026548 0.5667719086538462 0.7095570398230089 0.5667719086538462 0.7095570398230089 0.5190029783653846
0 0.6238938053097345 0.5841346153846154 0.17699115044247787 0.06009615384615385
0 0.5973451327433629 0.6274038461538461 0.17699115044247787 0.057692307692307696
0 0.5486725663716814 0.6706730769230769 0.18141592920353983 0.06009615384615385
0 0.4911504424778761 0.7163461538461539 0.17699115044247787 0.057692307692307696