0 0.45263157894736844 0.09615384615384616 0.14736842105263157 0.052884615384615384
0 0.4368421052631579 0.12980769230769232 0.1631578947368421 0.0625
0 0.4 0.16105769230769232 0.16842105263157894 0.06490384615384616
0 0.3894736842105263 0.18990384615384615 0.21578947368421053 0.07211538461538461
0 0.30526315789473685 0.2283653846153846 0.20526315789473684 0.0625
0 0.2894736842105263 0.2620192307692308 0.19473684210526315 0.0673076923076923
0 0.28421052631578947 0.31009615384615385 0.1736842105263158 0.06009615384615385
0 0.30526315789473685 0.3557692307692308 0.17894736842105263 0.07451923076923077
0 0.3736842105263158 0.4014423076923077 0.16842105263157894 0.07451923076923077
0 0.43157894736842106 0.44711538461538464 0.18947368421052632 0.0673076923076923
0 0.48947368421052634 0.49278846153846156 0.19473684210526315 0.07932692307692307
0 0.5157894736842106 0.5408653846153846 0.2 0.0625
0 0.5 0.5985576923076923 0.21052631578947367 0.06971153846153846
0 0.4421052631578947 0.65625 0.23684210526315788 0.08653846153846154
0 0.37894736842105264 0.7139423076923077 0.22105263157894736 0.0889423076923077