0 0.5962732919254659 0.24519230769230768 0.11801242236024845 0.026442307692307692
0 0.5900621118012422 0.2692307692307692 0.13664596273291926 0.03125
0 0.5714285714285714 0.2932692307692308 0.13664596273291926 0.03125
0 0.5590062111801242 0.3173076923076923 0.14906832298136646 0.03365384615384615
0 0.546583850931677 0.34615384615384615 0.15527950310559005 0.03365384615384615
0 0.5341614906832298 0.3701923076923077 0.14285714285714285 0.036057692307692304
0 0.5403726708074534 0.40384615384615385 0.14906832298136646 0.036057692307692304
0 0.5714285714285714 0.42788461538461536 0.13664596273291926 0.03125
0 0.6086956521739131 0.4495192307692308 0.15527950310559005 0.038461538461538464
0 0.6583850931677019 0.47836538461538464 0.17391304347826086 0.038461538461538464
0 0.7018633540372671 0.5096153846153846 0.16770186335403728 0.040865384615384616
0 0.7204968944099379 0.5432692307692307 0.16770186335403728 0.04326923076923077
0 0.7080745341614907 0.5841346153846154 0.20496894409937888 0.05048076923076923
0 0.6521739130434783 0.6129807692307693 0.19875776397515527 0.05048076923076923
0 0.5838509316770186 0.6394230769230769 0.22981366459627328 0.04807692307692308
0 0.4906832298136646 0.6730769230769231 0.21739130434782608 0.06009615384615385
0 0.4472049689440994 0.71875 0.19875776397515527 0.04807692307692308