0 0.5 0.2283653846153846 0.09895833333333333 0.026442307692307692
0 0.4895833333333333 0.25240384615384615 0.10416666666666667 0.028846153846153848
0 0.4791666666666667 0.27403846153846156 0.09895833333333333 0.03125
0 0.4479166666666667 0.2980769230769231 0.11458333333333333 0.03365384615384615
0 0.40625 0.3173076923076923 0.11979166666666667 0.036057692307692304
0 0.3645833333333333 0.33653846153846156 0.11979166666666667 0.036057692307692304
0 0.328125 0.35096153846153844 0.140625 0.036057692307692304
0 0.3072916666666667 0.37259615384615385 0.14583333333333334 0.040865384615384616
0 0.3229166666666667 0.4014423076923077 0.15104166666666666 0.04326923076923077
0 0.34375 0.43028846153846156 0.171875 0.04807692307692308
0 0.3802083333333333 0.4519230769230769 0.16145833333333334 0.04326923076923077
0 0.4375 0.4735576923076923 0.16666666666666666 0.04807692307692308
0 0.4947916666666667 0.4951923076923077 0.16145833333333334 0.04567307692307692
0 0.5364583333333334 0.5264423076923077 0.16145833333333334 0.04567307692307692
0 0.5520833333333334 0.5625 0.16145833333333334 0.04326923076923077
0 0.53125 0.6081730769230769 0.16145833333333334 0.04807692307692308
0 0.5208333333333334 0.6466346153846154 0.15625 0.04567307692307692