0 0.4578313253012048 0.24519230769230768 0.13855421686746988 0.026442307692307692
0 0.46987951807228917 0.2692307692307692 0.13253012048192772 0.03365384615384615
0 0.4819277108433735 0.2932692307692308 0.10240963855421686 0.03125
0 0.4939759036144578 0.31490384615384615 0.12048192771084337 0.03365384615384615
0 0.5120481927710844 0.3389423076923077 0.13855421686746988 0.03365384615384615
0 0.5240963855421686 0.36538461538461536 0.12650602409638553 0.03125
0 0.5301204819277109 0.3894230769230769 0.13253012048192772 0.03365384615384615
0 0.5240963855421686 0.4182692307692308 0.13855421686746988 0.036057692307692304
0 0.4939759036144578 0.4375 0.14457831325301204 0.040865384615384616
0 0.45180722891566266 0.4567307692307692 0.1566265060240964 0.04807692307692308
0 0.39156626506024095 0.4735576923076923 0.15060240963855423 0.04807692307692308
0 0.3192771084337349 0.49278846153846156 0.1566265060240964 0.04567307692307692
0 0.29518072289156627 0.5192307692307693 0.18072289156626506 0.04326923076923077
0 0.2891566265060241 0.5576923076923077 0.1686746987951807 0.04807692307692308
0 0.3253012048192771 0.59375 0.1686746987951807 0.057692307692307696
0 0.3855421686746988 0.6322115384615384 0.18674698795180722 0.057692307692307696