0 0.5251798561151079 0.65625 0.19424460431654678 0.03125
0 0.5323741007194245 0.6322115384615384 0.17266187050359713 0.03125
0 0.5755395683453237 0.6009615384615384 0.17985611510791366 0.038461538461538464
0 0.60431654676259 0.5600961538461539 0.16546762589928057 0.036057692307692304
0 0.60431654676259 0.5264423076923077 0.16546762589928057 0.038461538461538464
0 0.5611510791366906 0.4951923076923077 0.15827338129496402 0.03125
0 0.4892086330935252 0.46634615384615385 0.1366906474820144 0.040865384615384616
0 0.4244604316546763 0.44471153846153844 0.12949640287769784 0.04326923076923077
0 0.34532374100719426 0.4230769230769231 0.12949640287769784 0.038461538461538464
0 0.2949640287769784 0.40384615384615385 0.1223021582733813 0.038461538461538464
0 0.28776978417266186 0.37740384615384615 0.1366906474820144 0.028846153846153848
0 0.302158273381295 0.3581730769230769 0.12949640287769784 0.03125
0 0.3381294964028777 0.33413461538461536 0.10071942446043165 0.028846153846153848
0 0.38848920863309355 0.32211538461538464 0.07913669064748201 0.038461538461538464
0 0.45323741007194246 0.31009615384615385 0.09352517985611511 0.04326923076923077
0 0.5179856115107914 0.2932692307692308 0.1366906474820144 0.038461538461538464
0 0.5611510791366906 0.27163461538461536 0.1223021582733813 0.026442307692307692