0 0.5375 0.16346153846153846 0.175 0.04807692307692308
0 0.53125 0.19951923076923078 0.19375 0.04807692307692308
0 0.5 0.23557692307692307 0.18125 0.04326923076923077
0 0.4625 0.2620192307692308 0.19375 0.04326923076923077
0 0.40625 0.2956730769230769 0.1875 0.05048076923076923
0 0.3625 0.33413461538461536 0.19375 0.04807692307692308
0 0.325 0.37259615384615385 0.2125 0.05048076923076923
0 0.30625 0.41346153846153844 0.2125 0.05048076923076923
0 0.30625 0.4543269230769231 0.225 0.052884615384615384
0 0.34375 0.49759615384615385 0.24375 0.0625
0 0.4125 0.5408653846153846 0.26875 0.0625
0 0.50625 0.5817307692307693 0.2875 0.06971153846153846
0 0.5875 0.6298076923076923 0.28125 0.07211538461538461
0 0.625 0.6899038461538461 0.29375 0.07211538461538461
0 0.6125 0.7451923076923077 0.2875 0.06971153846153846
0 0.5375 0.8004807692307693 0.30625 0.07932692307692307
0 0.4625 0.8581730769230769 0.2875 0.07211538461538461