0 0.5568181818181818 0.1658653846153846 0.13636363636363635 0.03125
0 0.5568181818181818 0.19230769230769232 0.13636363636363635 0.03125
0 0.5454545454545454 0.21634615384615385 0.1534090909090909 0.038461538461538464
0 0.5454545454545454 0.25 0.14772727272727273 0.040865384615384616
0 0.5625 0.27884615384615385 0.1590909090909091 0.04326923076923077
0 0.5852272727272727 0.30528846153846156 0.14204545454545456 0.040865384615384616
0 0.6420454545454546 0.3245192307692308 0.1590909090909091 0.04807692307692308
0 0.6875 0.35096153846153844 0.1590909090909091 0.040865384615384616
0 0.7045454545454546 0.37740384615384615 0.1534090909090909 0.040865384615384616
0 0.7159090909090909 0.40384615384615385 0.18181818181818182 0.04807692307692308
0 0.6931818181818182 0.4423076923076923 0.17613636363636365 0.04567307692307692
0 0.6647727272727273 0.4639423076923077 0.17045454545454544 0.040865384615384616
0 0.6363636363636364 0.4951923076923077 0.17613636363636365 0.04567307692307692
0 0.5909090909090909 0.5240384615384616 0.16477272727272727 0.04326923076923077
0 0.5454545454545454 0.5576923076923077 0.1875 0.04807692307692308
0 0.5113636363636364 0.6057692307692307 0.18181818181818182 0.052884615384615384
0 0.5 0.6586538461538461 0.1875 0.04807692307692308
0 0.5056818181818182 0.7067307692307693 0.17613636363636365 0.05048076923076923