0 0.5685279187817259 0.04326923076923077 0.13705583756345177 0.052884615384615384
0 0.5634517766497462 0.07932692307692307 0.13705583756345177 0.055288461538461536
0 0.5431472081218274 0.10817307692307693 0.15736040609137056 0.057692307692307696
0 0.5076142131979695 0.1466346153846154 0.16243654822335024 0.0625
0 0.4720812182741117 0.1778846153846154 0.17258883248730963 0.0673076923076923
0 0.4010152284263959 0.2091346153846154 0.16243654822335024 0.057692307692307696
0 0.34517766497461927 0.23557692307692307 0.16751269035532995 0.0625
0 0.29441624365482233 0.2620192307692308 0.16751269035532995 0.0625
0 0.2436548223350254 0.29086538461538464 0.18274111675126903 0.06971153846153846
0 0.25888324873096447 0.33413461538461536 0.20304568527918782 0.052884615384615384
0 0.26903553299492383 0.3629807692307692 0.2233502538071066 0.06490384615384616
0 0.29441624365482233 0.3870192307692308 0.16243654822335024 0.07451923076923077
0 0.3604060913705584 0.41346153846153844 0.16243654822335024 0.07211538461538461
0 0.4416243654822335 0.4423076923076923 0.17766497461928935 0.06971153846153846
0 0.5126903553299492 0.4951923076923077 0.2182741116751269 0.07451923076923077