0 0.5 0.125 0.10824742268041238 0.028846153846153848
0 0.4948453608247423 0.15144230769230768 0.10309278350515463 0.03125
0 0.4845360824742268 0.1778846153846154 0.10824742268041238 0.03125
0 0.4690721649484536 0.20432692307692307 0.1134020618556701 0.036057692307692304
0 0.44329896907216493 0.22355769230769232 0.10309278350515463 0.040865384615384616
0 0.4072164948453608 0.24519230769230768 0.10824742268041238 0.04567307692307692
0 0.3711340206185567 0.27163461538461536 0.1134020618556701 0.040865384615384616
0 0.3402061855670103 0.2956730769230769 0.12886597938144329 0.040865384615384616
0 0.32989690721649484 0.3245192307692308 0.12371134020618557 0.036057692307692304
0 0.3247422680412371 0.3605769230769231 0.13917525773195877 0.038461538461538464
0 0.33505154639175255 0.3942307692307692 0.13917525773195877 0.040865384615384616
0 0.36597938144329895 0.43028846153846156 0.13402061855670103 0.04807692307692308
0 0.41237113402061853 0.4639423076923077 0.14948453608247422 0.06009615384615385
0 0.4639175257731959 0.49278846153846156 0.13917525773195877 0.0625
0 0.5309278350515464 0.53125 0.15463917525773196 0.06009615384615385
0 0.5670103092783505 0.5745192307692307 0.14432989690721648 0.052884615384615384