0 0.5060975609756098 0.1466346153846154 0.1524390243902439 0.036057692307692304
0 0.49390243902439024 0.18269230769230768 0.1524390243902439 0.038461538461538464
0 0.47560975609756095 0.22355769230769232 0.17073170731707318 0.04567307692307692
0 0.4573170731707317 0.2620192307692308 0.17073170731707318 0.04567307692307692
0 0.4268292682926829 0.30288461538461536 0.15853658536585366 0.04567307692307692
0 0.4024390243902439 0.34615384615384615 0.16463414634146342 0.04326923076923077
0 0.38414634146341464 0.3894230769230769 0.18292682926829268 0.04567307692307692
0 0.38414634146341464 0.4326923076923077 0.1951219512195122 0.04807692307692308
0 0.39634146341463417 0.47836538461538464 0.20121951219512196 0.05048076923076923
0 0.45121951219512196 0.5288461538461539 0.23170731707317074 0.06009615384615385
0 0.5121951219512195 0.5793269230769231 0.24390243902439024 0.0625
0 0.5670731707317073 0.6322115384615384 0.2682926829268293 0.0625
0 0.6341463414634146 0.6875 0.25 0.0625
0 0.6463414634146342 0.7572115384615384 0.24390243902439024 0.0673076923076923
0 0.6280487804878049 0.8269230769230769 0.25 0.0673076923076923
0 0.5914634146341463 0.875 0.25 0.0625