0 0.5240174672489083 0.040865384615384616 0.22270742358078602 0.05048076923076923
0 0.5327510917030568 0.0889423076923077 0.22270742358078602 0.04807692307692308
0 0.5152838427947598 0.12740384615384615 0.21397379912663755 0.057692307692307696
0 0.4847161572052402 0.18028846153846154 0.2183406113537118 0.06009615384615385
0 0.42358078602620086 0.22115384615384615 0.2576419213973799 0.06490384615384616
0 0.36681222707423583 0.2668269230769231 0.25327510917030566 0.06490384615384616
0 0.3318777292576419 0.3125 0.2663755458515284 0.06009615384615385
0 0.30131004366812225 0.3605769230769231 0.24017467248908297 0.06971153846153846
0 0.3406113537117904 0.41346153846153844 0.28820960698689957 0.07211538461538461
0 0.38427947598253276 0.47115384615384615 0.29694323144104806 0.07692307692307693
0 0.4366812227074236 0.5264423076923077 0.3231441048034934 0.08173076923076923
0 0.4847161572052402 0.5913461538461539 0.31877729257641924 0.08653846153846154
0 0.5414847161572053 0.6610576923076923 0.35807860262008734 0.08413461538461539
0 0.5764192139737991 0.7307692307692307 0.33624454148471616 0.08173076923076923
0 0.5807860262008734 0.8100961538461539 0.34934497816593885 0.09134615384615384
0 0.5895196506550219 0.8822115384615384 0.35807860262008734 0.07692307692307693