0 0.4585152838427948 0.8846153846153846 0.37117903930131 0.052884615384615384
0 0.4978165938864629 0.8173076923076923 0.3056768558951965 0.06971153846153846
0 0.5458515283842795 0.75 0.28820960698689957 0.0625
0 0.5589519650655022 0.6850961538461539 0.25327510917030566 0.057692307692307696
0 0.5414847161572053 0.6225961538461539 0.27510917030567683 0.08173076923076923
0 0.48034934497816595 0.5649038461538461 0.27510917030567683 0.07692307692307693
0 0.4148471615720524 0.5048076923076923 0.31877729257641924 0.06971153846153846
0 0.36681222707423583 0.44711538461538464 0.3056768558951965 0.06490384615384616
0 0.3406113537117904 0.3894230769230769 0.2925764192139738 0.06009615384615385
0 0.3537117903930131 0.34615384615384615 0.29694323144104806 0.06009615384615385
0 0.3930131004366812 0.28846153846153844 0.26200873362445415 0.0673076923076923
0 0.462882096069869 0.24278846153846154 0.2794759825327511 0.0673076923076923
0 0.4890829694323144 0.19471153846153846 0.22270742358078602 0.052884615384615384
0 0.5327510917030568 0.15384615384615385 0.22707423580786026 0.052884615384615384
0 0.5414847161572053 0.11538461538461539 0.2052401746724891 0.052884615384615384
0 0.5764192139737991 0.07211538461538461 0.2314410480349345 0.04807692307692308