0 0.5021834061135371 0.8389423076923077 0.3406113537117904 0.06490384615384616
0 0.5240174672489083 0.7620192307692307 0.33624454148471616 0.07451923076923077
0 0.5283842794759825 0.6947115384615384 0.28820960698689957 0.0673076923076923
0 0.5109170305676856 0.6370192307692307 0.2794759825327511 0.06490384615384616
0 0.4759825327510917 0.5841346153846154 0.27074235807860264 0.06490384615384616
0 0.40611353711790393 0.5192307692307693 0.28820960698689957 0.0673076923076923
0 0.35807860262008734 0.45913461538461536 0.2576419213973799 0.07211538461538461
0 0.3537117903930131 0.4014423076923077 0.2794759825327511 0.0625
0 0.3537117903930131 0.3485576923076923 0.29694323144104806 0.05048076923076923
0 0.38427947598253276 0.3004807692307692 0.314410480349345 0.057692307692307696
0 0.4366812227074236 0.25721153846153844 0.2794759825327511 0.057692307692307696
0 0.4759825327510917 0.21394230769230768 0.2663755458515284 0.055288461538461536
0 0.5283842794759825 0.16826923076923078 0.2663755458515284 0.055288461538461536
0 0.519650655021834 0.1201923076923077 0.22270742358078602 0.05048076923076923
0 0.519650655021834 0.08173076923076923 0.2096069868995633 0.055288461538461536