0 0.5895196506550219 0.8197115384615384 0.2838427947598253 0.07692307692307693
0 0.5327510917030568 0.7475961538461539 0.25327510917030566 0.07692307692307693
0 0.4497816593886463 0.6850961538461539 0.22270742358078602 0.07932692307692307
0 0.3537117903930131 0.6322115384615384 0.2183406113537118 0.09134615384615384
0 0.2794759825327511 0.5697115384615384 0.21397379912663755 0.07451923076923077
0 0.22270742358078602 0.5096153846153846 0.22707423580786026 0.07692307692307693
0 0.19213973799126638 0.46153846153846156 0.23580786026200873 0.06009615384615385
0 0.1965065502183406 0.41586538461538464 0.2183406113537118 0.06490384615384616
0 0.21397379912663755 0.35096153846153844 0.22707423580786026 0.07932692307692307
0 0.26200873362445415 0.31009615384615385 0.2096069868995633 0.07932692307692307
0 0.314410480349345 0.2620192307692308 0.17903930131004367 0.07451923076923077
0 0.3799126637554585 0.2283653846153846 0.13973799126637554 0.0673076923076923
0 0.4279475982532751 0.1875 0.13537117903930132 0.06490384615384616
0 0.49344978165938863 0.15384615384615385 0.1572052401746725 0.055288461538461536
0 0.5283842794759825 0.10096153846153846 0.1572052401746725 0.05048076923076923