0 0.537117903930131 0.8533653846153846 0.314410480349345 0.07692307692307693
0 0.537117903930131 0.7836538461538461 0.2925764192139738 0.06490384615384616
0 0.49344978165938863 0.7067307692307693 0.2794759825327511 0.06971153846153846
0 0.4585152838427948 0.6370192307692307 0.24890829694323144 0.052884615384615384
0 0.44541484716157204 0.5721153846153846 0.2445414847161572 0.057692307692307696
0 0.3930131004366812 0.5168269230769231 0.2183406113537118 0.06490384615384616
0 0.3624454148471616 0.4543269230769231 0.22270742358078602 0.055288461538461536
0 0.3537117903930131 0.39663461538461536 0.2314410480349345 0.06009615384615385
0 0.34934497816593885 0.3557692307692308 0.22707423580786026 0.052884615384615384
0 0.3537117903930131 0.3004807692307692 0.17467248908296942 0.052884615384615384
0 0.3624454148471616 0.25240384615384615 0.18340611353711792 0.0625
0 0.4279475982532751 0.21153846153846154 0.19213973799126638 0.057692307692307696
0 0.5109170305676856 0.1778846153846154 0.16593886462882096 0.057692307692307696
0 0.5458515283842795 0.1346153846153846 0.1615720524017467 0.05048076923076923
0 0.5458515283842795 0.0889423076923077 0.18340611353711792 0.04326923076923077
0 0.5545851528384279 0.040865384615384616 0.18340611353711792 0.04807692307692308
0 0.5240174672489083 0.9326923076923077 0.34497816593886466 0.06971153846153846