0 0.4890829694323144 0.8605769230769231 0.2576419213973799 0.08653846153846154
0 0.5152838427947598 0.7980769230769231 0.24017467248908297 0.0673076923076923
0 0.5545851528384279 0.7403846153846154 0.23580786026200873 0.052884615384615384
0 0.5589519650655022 0.6778846153846154 0.2445414847161572 0.057692307692307696
0 0.5240174672489083 0.6081730769230769 0.25327510917030566 0.06009615384615385
0 0.5021834061135371 0.5528846153846154 0.2183406113537118 0.05048076923076923
0 0.48034934497816595 0.49278846153846156 0.22270742358078602 0.055288461538461536
0 0.48034934497816595 0.44471153846153844 0.21397379912663755 0.04807692307692308
0 0.4847161572052402 0.38221153846153844 0.21397379912663755 0.06009615384615385
0 0.4890829694323144 0.3389423076923077 0.24017467248908297 0.052884615384615384
0 0.5283842794759825 0.28846153846153844 0.2183406113537118 0.04807692307692308
0 0.5327510917030568 0.24278846153846154 0.1615720524017467 0.038461538461538464
0 0.5414847161572053 0.1875 0.19213973799126638 0.0625
0 0.5240174672489083 0.14182692307692307 0.19213973799126638 0.04567307692307692
0 0.5065502183406113 0.0985576923076923 0.18777292576419213 0.04567307692307692