0 0.5414847161572053 0.7956730769230769 0.22270742358078602 0.07451923076923077
0 0.5807860262008734 0.71875 0.25327510917030566 0.07692307692307693
0 0.6157205240174672 0.65625 0.25327510917030566 0.06009615384615385
0 0.6331877729257642 0.5913461538461539 0.24890829694323144 0.057692307692307696
0 0.6462882096069869 0.5336538461538461 0.24890829694323144 0.057692307692307696
0 0.6419213973799127 0.47115384615384615 0.24890829694323144 0.04326923076923077
0 0.611353711790393 0.4326923076923077 0.21397379912663755 0.04567307692307692
0 0.611353711790393 0.38461538461538464 0.22707423580786026 0.055288461538461536
0 0.5720524017467249 0.3317307692307692 0.22270742358078602 0.04567307692307692
0 0.5502183406113537 0.27884615384615385 0.2096069868995633 0.055288461538461536
0 0.5109170305676856 0.24759615384615385 0.21397379912663755 0.04567307692307692
0 0.4759825327510917 0.20192307692307693 0.2052401746724891 0.05048076923076923
0 0.4585152838427948 0.16346153846153846 0.19213973799126638 0.05048076923076923
0 0.4279475982532751 0.11778846153846154 0.20087336244541484 0.04807692307692308
0 0.4148471615720524 0.07692307692307693 0.22270742358078602 0.0625
0 0.5327510917030568 0.8581730769230769 0.2445414847161572 0.0625