0 0.6855895196506551 0.8365384615384616 0.2838427947598253 0.08173076923076923
0 0.6768558951965066 0.7524038461538461 0.27510917030567683 0.07451923076923077
0 0.6331877729257642 0.6826923076923077 0.27510917030567683 0.08173076923076923
0 0.5283842794759825 0.625 0.29694323144104806 0.0889423076923077
0 0.40611353711790393 0.5673076923076923 0.2576419213973799 0.07932692307692307
0 0.3056768558951965 0.5216346153846154 0.2576419213973799 0.07451923076923077
0 0.21397379912663755 0.46875 0.22707423580786026 0.07932692307692307
0 0.17467248908296942 0.41346153846153844 0.24017467248908297 0.0625
0 0.1615720524017467 0.36538461538461536 0.24017467248908297 0.057692307692307696
0 0.2096069868995633 0.3173076923076923 0.2096069868995633 0.07211538461538461
0 0.24890829694323144 0.27403846153846156 0.19213973799126638 0.06009615384615385
0 0.29694323144104806 0.22355769230769232 0.20087336244541484 0.0625
0 0.3624454148471616 0.18269230769230768 0.2183406113537118 0.0625
0 0.39737991266375544 0.14423076923076922 0.20087336244541484 0.0625
0 0.4366812227074236 0.10096153846153846 0.22270742358078602 0.0673076923076923
0 0.4759825327510917 0.055288461538461536 0.22707423580786026 0.0673076923076923