0 0.4890829694323144 0.03365384615384615 0.29694323144104806 0.04807692307692308
0 0.49344978165938863 0.0673076923076923 0.29694323144104806 0.052884615384615384
0 0.49344978165938863 0.10817307692307693 0.2925764192139738 0.055288461538461536
0 0.519650655021834 0.15144230769230768 0.2794759825327511 0.055288461538461536
0 0.5152838427947598 0.20192307692307693 0.27074235807860264 0.055288461538461536
0 0.5021834061135371 0.2548076923076923 0.31004366812227074 0.0673076923076923
0 0.5065502183406113 0.31009615384615385 0.3406113537117904 0.06490384615384616
0 0.5065502183406113 0.3605769230769231 0.3231441048034934 0.06009615384615385
0 0.5152838427947598 0.41346153846153844 0.32751091703056767 0.0673076923076923
0 0.4890829694323144 0.46875 0.31877729257641924 0.06971153846153846
0 0.4759825327510917 0.5240384615384616 0.31877729257641924 0.07211538461538461
0 0.42358078602620086 0.5865384615384616 0.3406113537117904 0.07692307692307693
0 0.3930131004366812 0.6538461538461539 0.3318777292576419 0.08413461538461539
0 0.37117903930131 0.71875 0.32751091703056767 0.07692307692307693
0 0.3930131004366812 0.7860576923076923 0.37554585152838427 0.07692307692307693
0 0.43231441048034935 0.8557692307692307 0.3799126637554585 0.08173076923076923
0 0.49344978165938863 0.9302884615384616 0.37554585152838427 0.08653846153846154