0 0.4847161572052402 0.8701923076923077 0.33624454148471616 0.09134615384615384
0 0.5109170305676856 0.7908653846153846 0.314410480349345 0.07932692307692307
0 0.5283842794759825 0.7235576923076923 0.2838427947598253 0.06009615384615385
0 0.5414847161572053 0.6706730769230769 0.3231441048034934 0.06490384615384616
0 0.5283842794759825 0.6105769230769231 0.27510917030567683 0.07692307692307693
0 0.4978165938864629 0.5360576923076923 0.27074235807860264 0.06490384615384616
0 0.49344978165938863 0.4807692307692308 0.2838427947598253 0.05048076923076923
0 0.5109170305676856 0.42788461538461536 0.24890829694323144 0.06490384615384616
0 0.5152838427947598 0.3629807692307692 0.22707423580786026 0.0625
0 0.5414847161572053 0.3076923076923077 0.2445414847161572 0.055288461538461536
0 0.5240174672489083 0.25240384615384615 0.2096069868995633 0.05048076923076923
0 0.5327510917030568 0.19230769230769232 0.21397379912663755 0.06009615384615385
0 0.5633187772925764 0.14423076923076922 0.19213973799126638 0.052884615384615384
0 0.5764192139737991 0.10336538461538461 0.2052401746724891 0.05048076923076923
0 0.5938864628820961 0.06490384615384616 0.23580786026200873 0.04567307692307692