0 0.537117903930131 0.07451923076923077 0.20087336244541484 0.04567307692307692
0 0.537117903930131 0.11538461538461539 0.20087336244541484 0.057692307692307696
0 0.5327510917030568 0.16105769230769232 0.20087336244541484 0.052884615384615384
0 0.5283842794759825 0.20432692307692307 0.22707423580786026 0.06490384615384616
0 0.5065502183406113 0.25721153846153844 0.21397379912663755 0.06009615384615385
0 0.49344978165938863 0.3125 0.23580786026200873 0.06009615384615385
0 0.49344978165938863 0.3605769230769231 0.22707423580786026 0.06490384615384616
0 0.4890829694323144 0.4110576923076923 0.2183406113537118 0.06009615384615385
0 0.49344978165938863 0.45913461538461536 0.22707423580786026 0.06971153846153846
0 0.5065502183406113 0.5168269230769231 0.25327510917030566 0.07211538461538461
0 0.5152838427947598 0.5865384615384616 0.22707423580786026 0.07451923076923077
0 0.5109170305676856 0.6514423076923077 0.2314410480349345 0.06971153846153846
0 0.5109170305676856 0.71875 0.25327510917030566 0.07692307692307693
0 0.4978165938864629 0.7860576923076923 0.27074235807860264 0.07451923076923077