0 0.6026200873362445 0.8028846153846154 0.314410480349345 0.06971153846153846
0 0.5895196506550219 0.7235576923076923 0.31004366812227074 0.0673076923076923
0 0.5633187772925764 0.6538461538461539 0.27510917030567683 0.06971153846153846
0 0.4890829694323144 0.5865384615384616 0.27074235807860264 0.07692307692307693
0 0.4192139737991266 0.53125 0.26200873362445415 0.08173076923076923
0 0.34497816593886466 0.47596153846153844 0.22707423580786026 0.057692307692307696
0 0.3056768558951965 0.4230769230769231 0.2663755458515284 0.057692307692307696
0 0.26200873362445415 0.3701923076923077 0.23580786026200873 0.06971153846153846
0 0.2663755458515284 0.3245192307692308 0.19213973799126638 0.052884615384615384
0 0.27510917030567683 0.27403846153846156 0.18777292576419213 0.055288461538461536
0 0.32751091703056767 0.23317307692307693 0.1965065502183406 0.055288461538461536
0 0.37554585152838427 0.19471153846153846 0.20087336244541484 0.055288461538461536
0 0.4366812227074236 0.15384615384615385 0.2052401746724891 0.055288461538461536
0 0.48034934497816595 0.11538461538461539 0.20087336244541484 0.0625
0 0.519650655021834 0.08173076923076923 0.2314410480349345 0.04326923076923077