0 0.5982532751091703 0.8365384615384616 0.30131004366812225 0.05048076923076923
0 0.5545851528384279 0.7836538461538461 0.27074235807860264 0.05048076923076923
0 0.537117903930131 0.7379807692307693 0.27510917030567683 0.04567307692307692
0 0.4847161572052402 0.6802884615384616 0.29694323144104806 0.08173076923076923
0 0.47161572052401746 0.5961538461538461 0.29694323144104806 0.05048076923076923
0 0.47161572052401746 0.5456730769230769 0.2794759825327511 0.04326923076923077
0 0.4497816593886463 0.49038461538461536 0.22707423580786026 0.038461538461538464
0 0.4366812227074236 0.44711538461538464 0.25327510917030566 0.04567307692307692
0 0.4104803493449782 0.40625 0.2314410480349345 0.04807692307692308
0 0.3799126637554585 0.35336538461538464 0.2445414847161572 0.04567307692307692
0 0.3406113537117904 0.3076923076923077 0.2183406113537118 0.040865384615384616
0 0.3406113537117904 0.2644230769230769 0.2183406113537118 0.055288461538461536
0 0.31877729257641924 0.21634615384615385 0.1965065502183406 0.036057692307692304
0 0.29694323144104806 0.1778846153846154 0.20087336244541484 0.055288461538461536