0 0.5720524017467249 0.040865384615384616 0.2576419213973799 0.05048076923076923
0 0.5720524017467249 0.07932692307692307 0.26200873362445415 0.05048076923076923
0 0.5545851528384279 0.125 0.25327510917030566 0.057692307692307696
0 0.5109170305676856 0.16826923076923078 0.26200873362445415 0.0625
0 0.4759825327510917 0.21634615384615385 0.24890829694323144 0.06009615384615385
0 0.4148471615720524 0.25721153846153844 0.2663755458515284 0.057692307692307696
0 0.3799126637554585 0.30528846153846156 0.27074235807860264 0.057692307692307696
0 0.36681222707423583 0.35336538461538464 0.28820960698689957 0.06009615384615385
0 0.37554585152838427 0.4014423076923077 0.2794759825327511 0.06490384615384616
0 0.4148471615720524 0.4543269230769231 0.30131004366812225 0.0625
0 0.462882096069869 0.5120192307692307 0.33624454148471616 0.07211538461538461
0 0.5240174672489083 0.5721153846153846 0.34934497816593885 0.06971153846153846
0 0.5589519650655022 0.6418269230769231 0.34497816593886466 0.07692307692307693
0 0.5589519650655022 0.7091346153846154 0.3406113537117904 0.07692307692307693
0 0.519650655021834 0.7860576923076923 0.37117903930131 0.0889423076923077
0 0.48034934497816595 0.8605769230769231 0.3930131004366812 0.09375
0 0.4192139737991266 0.9399038461538461 0.42358078602620086 0.0889423076923077