0 0.5982532751091703 0.10576923076923077 0.19213973799126638 0.04807692307692308
0 0.611353711790393 0.14182692307692307 0.20087336244541484 0.055288461538461536
0 0.5938864628820961 0.19230769230769232 0.22707423580786026 0.0625
0 0.5589519650655022 0.24519230769230768 0.2314410480349345 0.07932692307692307
0 0.5065502183406113 0.29086538461538464 0.1965065502183406 0.0625
0 0.4847161572052402 0.33653846153846156 0.21397379912663755 0.06009615384615385
0 0.48034934497816595 0.38461538461538464 0.2183406113537118 0.0625
0 0.5021834061135371 0.43509615384615385 0.22270742358078602 0.07211538461538461
0 0.519650655021834 0.49038461538461536 0.23580786026200873 0.0673076923076923
0 0.5414847161572053 0.5528846153846154 0.22270742358078602 0.0673076923076923
0 0.5545851528384279 0.6129807692307693 0.2445414847161572 0.07211538461538461
0 0.5545851528384279 0.6754807692307693 0.24890829694323144 0.07211538461538461
0 0.5065502183406113 0.7427884615384616 0.2576419213973799 0.07211538461538461
0 0.4847161572052402 0.8149038461538461 0.2925764192139738 0.07692307692307693