0 0.537117903930131 0.04326923076923077 0.23580786026200873 0.052884615384615384
0 0.5414847161572053 0.08653846153846154 0.2445414847161572 0.057692307692307696
0 0.5414847161572053 0.13701923076923078 0.25327510917030566 0.06009615384615385
0 0.537117903930131 0.18509615384615385 0.2314410480349345 0.06971153846153846
0 0.4672489082969432 0.23798076923076922 0.24017467248908297 0.0625
0 0.37117903930131 0.28125 0.24890829694323144 0.07211538461538461
0 0.3056768558951965 0.3245192307692308 0.25327510917030566 0.06971153846153846
0 0.25327510917030566 0.37259615384615385 0.2794759825327511 0.06971153846153846
0 0.2576419213973799 0.42788461538461536 0.2925764192139738 0.06009615384615385
0 0.29694323144104806 0.4807692307692308 0.314410480349345 0.07451923076923077
0 0.4017467248908297 0.5384615384615384 0.31004366812227074 0.07451923076923077
0 0.48034934497816595 0.6009615384615384 0.3056768558951965 0.08653846153846154
0 0.5589519650655022 0.6610576923076923 0.31877729257641924 0.07692307692307693
0 0.5807860262008734 0.7259615384615384 0.33624454148471616 0.08413461538461539
0 0.5764192139737991 0.8004807692307693 0.31004366812227074 0.07932692307692307
0 0.5414847161572053 0.8774038461538461 0.3231441048034934 0.09375
0 0.5109170305676856 0.9543269230769231 0.34934497816593885 0.08653846153846154