0 0.462882096069869 0.08173076923076923 0.1703056768558952 0.04807692307692308
0 0.462882096069869 0.125 0.1615720524017467 0.04807692307692308
0 0.4672489082969432 0.1658653846153846 0.16593886462882096 0.0625
0 0.4847161572052402 0.21634615384615385 0.18777292576419213 0.06009615384615385
0 0.49344978165938863 0.2644230769230769 0.19213973799126638 0.0625
0 0.4890829694323144 0.31490384615384615 0.1703056768558952 0.0625
0 0.5021834061135371 0.36778846153846156 0.18340611353711792 0.0625
0 0.519650655021834 0.4254807692307692 0.19213973799126638 0.07211538461538461
0 0.5545851528384279 0.47596153846153844 0.1965065502183406 0.07451923076923077
0 0.6026200873362445 0.53125 0.2314410480349345 0.08173076923076923
0 0.6419213973799127 0.5985576923076923 0.2314410480349345 0.08173076923076923
0 0.6375545851528385 0.6754807692307693 0.2445414847161572 0.08173076923076923
0 0.611353711790393 0.7475961538461539 0.2314410480349345 0.10096153846153846
0 0.5240174672489083 0.8149038461538461 0.2576419213973799 0.10576923076923077
0 0.43231441048034935 0.8870192307692307 0.25327510917030566 0.09375