0 0.4847161572052402 0.07211538461538461 0.17903930131004367 0.057692307692307696
0 0.43231441048034935 0.1201923076923077 0.18340611353711792 0.055288461538461536
0 0.388646288209607 0.15865384615384615 0.18340611353711792 0.052884615384615384
0 0.3624454148471616 0.20673076923076922 0.20087336244541484 0.06009615384615385
0 0.3231441048034934 0.2548076923076923 0.19213973799126638 0.052884615384615384
0 0.3231441048034934 0.3004807692307692 0.18777292576419213 0.052884615384615384
0 0.3318777292576419 0.3557692307692308 0.2183406113537118 0.052884615384615384
0 0.3537117903930131 0.40865384615384615 0.22707423580786026 0.06490384615384616
0 0.3799126637554585 0.4639423076923077 0.22707423580786026 0.06490384615384616
0 0.4017467248908297 0.5240384615384616 0.21397379912663755 0.06009615384615385
0 0.4279475982532751 0.5817307692307693 0.23580786026200873 0.0673076923076923
0 0.44541484716157204 0.6418269230769231 0.24017467248908297 0.07211538461538461
0 0.45414847161572053 0.7091346153846154 0.2314410480349345 0.07932692307692307
0 0.5021834061135371 0.7788461538461539 0.2445414847161572 0.08413461538461539
0 0.5283842794759825 0.8533653846153846 0.2445414847161572 0.07932692307692307
0 0.5676855895196506 0.9254807692307693 0.31004366812227074 0.08413461538461539