0 0.3930131004366812 0.04807692307692308 0.314410480349345 0.06009615384615385
0 0.388646288209607 0.09134615384615384 0.2838427947598253 0.052884615384615384
0 0.3930131004366812 0.13701923076923078 0.26200873362445415 0.05048076923076923
0 0.388646288209607 0.18028846153846154 0.2576419213973799 0.06009615384615385
0 0.38427947598253276 0.23317307692307693 0.25327510917030566 0.052884615384615384
0 0.3799126637554585 0.27884615384615385 0.25327510917030566 0.055288461538461536
0 0.3799126637554585 0.3293269230769231 0.2576419213973799 0.052884615384615384
0 0.388646288209607 0.37740384615384615 0.27074235807860264 0.05048076923076923
0 0.4017467248908297 0.42788461538461536 0.27510917030567683 0.057692307692307696
0 0.4366812227074236 0.4807692307692308 0.314410480349345 0.0625
0 0.47161572052401746 0.5360576923076923 0.32751091703056767 0.0625
0 0.5283842794759825 0.59375 0.34497816593886466 0.06009615384615385
0 0.5633187772925764 0.6538461538461539 0.32751091703056767 0.06490384615384616
0 0.6069868995633187 0.7211538461538461 0.31004366812227074 0.06971153846153846
0 0.62882096069869 0.7908653846153846 0.31877729257641924 0.07211538461538461
0 0.62882096069869 0.8653846153846154 0.34497816593886466 0.08173076923076923
0 0.6069868995633187 0.9326923076923077 0.38427947598253276 0.08173076923076923