0 0.44541484716157204 0.1201923076923077 0.26200873362445415 0.07692307692307693
0 0.4847161572052402 0.18269230769230768 0.24017467248908297 0.07692307692307693
0 0.48034934497816595 0.23557692307692307 0.24017467248908297 0.07932692307692307
0 0.4759825327510917 0.27884615384615385 0.18340611353711792 0.0625
0 0.4847161572052402 0.33413461538461536 0.2314410480349345 0.06971153846153846
0 0.4890829694323144 0.3894230769230769 0.2052401746724891 0.07211538461538461
0 0.5021834061135371 0.44711538461538464 0.22270742358078602 0.06490384615384616
0 0.5065502183406113 0.5 0.2183406113537118 0.0673076923076923
0 0.5021834061135371 0.5552884615384616 0.27510917030567683 0.0673076923076923
0 0.4978165938864629 0.6057692307692307 0.2794759825327511 0.07451923076923077
0 0.4672489082969432 0.6610576923076923 0.2794759825327511 0.06971153846153846
0 0.4585152838427948 0.7163461538461539 0.2838427947598253 0.07451923076923077
0 0.4497816593886463 0.7764423076923077 0.3056768558951965 0.06971153846153846
0 0.4585152838427948 0.8509615384615384 0.3537117903930131 0.07692307692307693
0 0.4759825327510917 0.9158653846153846 0.3406113537117904 0.07932692307692307