0 0.462882096069869 0.0673076923076923 0.17903930131004367 0.040865384615384616
0 0.4672489082969432 0.10096153846153846 0.1615720524017467 0.036057692307692304
0 0.47161572052401746 0.13942307692307693 0.1572052401746725 0.036057692307692304
0 0.4759825327510917 0.17548076923076922 0.15283842794759825 0.04326923076923077
0 0.4585152838427948 0.21634615384615385 0.1572052401746725 0.04326923076923077
0 0.44541484716157204 0.25721153846153844 0.16593886462882096 0.04807692307692308
0 0.4279475982532751 0.30528846153846156 0.16593886462882096 0.052884615384615384
0 0.4192139737991266 0.35336538461538464 0.1703056768558952 0.04807692307692308
0 0.4148471615720524 0.40384615384615385 0.1703056768558952 0.04807692307692308
0 0.42358078602620086 0.4519230769230769 0.17467248908296942 0.04807692307692308
0 0.44541484716157204 0.5 0.18777292576419213 0.055288461538461536
0 0.4672489082969432 0.5552884615384616 0.20087336244541484 0.0625
0 0.4847161572052402 0.6129807692307693 0.2052401746724891 0.057692307692307696
0 0.47161572052401746 0.6706730769230769 0.1965065502183406 0.06490384615384616
0 0.42358078602620086 0.7259615384615384 0.20087336244541484 0.06490384615384616
0 0.37554585152838427 0.7884615384615384 0.22270742358078602 0.08173076923076923
0 0.32751091703056767 0.8557692307692307 0.22270742358078602 0.07451923076923077