0 0.4410480349344978 0.028846153846153848 0.30131004366812225 0.040865384615384616
0 0.48034934497816595 0.06009615384615385 0.31004366812227074 0.055288461538461536
0 0.5807860262008734 0.08653846153846154 0.3318777292576419 0.07451923076923077
0 0.6157205240174672 0.13221153846153846 0.2794759825327511 0.07451923076923077
0 0.6724890829694323 0.1971153846153846 0.2838427947598253 0.0673076923076923
0 0.7161572052401747 0.24759615384615385 0.30131004366812225 0.057692307692307696
0 0.7467248908296943 0.2932692307692308 0.3056768558951965 0.055288461538461536
0 0.7248908296943232 0.34134615384615385 0.2794759825327511 0.07451923076923077
0 0.6681222707423581 0.3918269230769231 0.2838427947598253 0.09615384615384616
0 0.5720524017467249 0.4423076923076923 0.28820960698689957 0.08173076923076923
0 0.4847161572052402 0.49759615384615385 0.31877729257641924 0.08413461538461539
0 0.4148471615720524 0.5649038461538461 0.3231441048034934 0.07932692307692307
0 0.3624454148471616 0.6370192307692307 0.3318777292576419 0.07211538461538461
0 0.3624454148471616 0.6995192307692307 0.35807860262008734 0.06971153846153846
0 0.3537117903930131 0.7644230769230769 0.33624454148471616 0.07692307692307693
0 0.34934497816593885 0.8365384615384616 0.4017467248908297 0.07451923076923077