0 0.4890829694323144 0.08413461538461539 0.17467248908296942 0.038461538461538464
0 0.48034934497816595 0.13221153846153846 0.17467248908296942 0.040865384615384616
0 0.4672489082969432 0.17548076923076922 0.1572052401746725 0.04326923076923077
0 0.44541484716157204 0.22115384615384615 0.16593886462882096 0.036057692307692304
0 0.42358078602620086 0.2668269230769231 0.14410480349344978 0.04326923076923077
0 0.4017467248908297 0.31009615384615385 0.14410480349344978 0.04567307692307692
0 0.388646288209607 0.3629807692307692 0.17467248908296942 0.04807692307692308
0 0.39737991266375544 0.4230769230769231 0.1572052401746725 0.04807692307692308
0 0.4017467248908297 0.4807692307692308 0.17467248908296942 0.05048076923076923
0 0.4279475982532751 0.5288461538461539 0.18777292576419213 0.057692307692307696
0 0.4585152838427948 0.59375 0.20087336244541484 0.057692307692307696
0 0.4759825327510917 0.65625 0.21397379912663755 0.05048076923076923
0 0.519650655021834 0.7067307692307693 0.27510917030567683 0.04807692307692308
0 0.537117903930131 0.7644230769230769 0.2838427947598253 0.057692307692307696
0 0.5458515283842795 0.8317307692307693 0.26200873362445415 0.057692307692307696
0 0.5589519650655022 0.8870192307692307 0.2838427947598253 0.0625