0 0.5283842794759825 0.9495192307692307 0.3318777292576419 0.07451923076923077
0 0.4847161572052402 0.8918269230769231 0.30131004366812225 0.057692307692307696
0 0.49344978165938863 0.8413461538461539 0.2838427947598253 0.04807692307692308
0 0.48034934497816595 0.7908653846153846 0.26200873362445415 0.055288461538461536
0 0.4585152838427948 0.7379807692307693 0.2663755458515284 0.0625
0 0.4366812227074236 0.6754807692307693 0.2445414847161572 0.05048076923076923
0 0.43231441048034935 0.6201923076923077 0.2576419213973799 0.055288461538461536
0 0.42358078602620086 0.5528846153846154 0.2576419213973799 0.06009615384615385
0 0.42358078602620086 0.49038461538461536 0.24017467248908297 0.055288461538461536
0 0.43231441048034935 0.4230769230769231 0.21397379912663755 0.052884615384615384
0 0.4410480349344978 0.3629807692307692 0.19213973799126638 0.055288461538461536
0 0.4497816593886463 0.31009615384615385 0.22707423580786026 0.04567307692307692
0 0.4410480349344978 0.25961538461538464 0.1965065502183406 0.04807692307692308
0 0.4585152838427948 0.21634615384615385 0.18340611353711792 0.04807692307692308
0 0.4847161572052402 0.18028846153846154 0.20087336244541484 0.04326923076923077
0 0.49344978165938863 0.1466346153846154 0.2183406113537118 0.038461538461538464