0 0.6026200873362445 0.04567307692307692 0.1965065502183406 0.05048076923076923
0 0.5938864628820961 0.08173076923076923 0.1965065502183406 0.040865384615384616
0 0.5807860262008734 0.1201923076923077 0.18777292576419213 0.052884615384615384
0 0.5589519650655022 0.16105769230769232 0.19213973799126638 0.06009615384615385
0 0.5240174672489083 0.21394230769230768 0.22270742358078602 0.06490384615384616
0 0.4585152838427948 0.2692307692307692 0.22270742358078602 0.055288461538461536
0 0.43231441048034935 0.3125 0.2096069868995633 0.06009615384615385
0 0.43231441048034935 0.36538461538461536 0.2183406113537118 0.055288461538461536
0 0.4497816593886463 0.4182692307692308 0.23580786026200873 0.06490384615384616
0 0.5021834061135371 0.46875 0.2445414847161572 0.06971153846153846
0 0.5502183406113537 0.5192307692307693 0.2445414847161572 0.07211538461538461
0 0.6069868995633187 0.5745192307692307 0.24890829694323144 0.06971153846153846
0 0.62882096069869 0.6298076923076923 0.24890829694323144 0.07451923076923077
0 0.611353711790393 0.6923076923076923 0.2663755458515284 0.07932692307692307
0 0.5851528384279476 0.7403846153846154 0.2663755458515284 0.07932692307692307
0 0.537117903930131 0.8125 0.28820960698689957 0.08413461538461539
0 0.48034934497816595 0.8701923076923077 0.27074235807860264 0.07932692307692307
0 0.4585152838427948 0.9230769230769231 0.28820960698689957 0.07932692307692307