0 0.4978165938864629 0.06971153846153846 0.2445414847161572 0.052884615384615384
0 0.49344978165938863 0.12259615384615384 0.22707423580786026 0.0625
0 0.5021834061135371 0.16105769230769232 0.26200873362445415 0.06490384615384616
0 0.5065502183406113 0.21634615384615385 0.28820960698689957 0.07692307692307693
0 0.48034934497816595 0.2668269230769231 0.28820960698689957 0.07451923076923077
0 0.47161572052401746 0.32211538461538464 0.27510917030567683 0.07451923076923077
0 0.462882096069869 0.3701923076923077 0.30131004366812225 0.07932692307692307
0 0.47161572052401746 0.4423076923076923 0.314410480349345 0.08413461538461539
0 0.4585152838427948 0.5072115384615384 0.32751091703056767 0.0889423076923077
0 0.4759825327510917 0.5576923076923077 0.33624454148471616 0.0985576923076923
0 0.4410480349344978 0.6274038461538461 0.34497816593886466 0.07932692307692307
0 0.4366812227074236 0.6923076923076923 0.3318777292576419 0.0889423076923077
0 0.4497816593886463 0.7644230769230769 0.3624454148471616 0.09375
0 0.49344978165938863 0.8413461538461539 0.38427947598253276 0.09615384615384616