0 0.36681222707423583 0.8557692307692307 0.37117903930131 0.09134615384615384
0 0.4672489082969432 0.78125 0.2925764192139738 0.0673076923076923
0 0.5327510917030568 0.7307692307692307 0.2838427947598253 0.0625
0 0.5895196506550219 0.6634615384615384 0.314410480349345 0.06971153846153846
0 0.5764192139737991 0.5889423076923077 0.2925764192139738 0.0625
0 0.5589519650655022 0.5336538461538461 0.2838427947598253 0.06490384615384616
0 0.5283842794759825 0.47115384615384615 0.25327510917030566 0.0625
0 0.5065502183406113 0.4206730769230769 0.2314410480349345 0.0673076923076923
0 0.49344978165938863 0.3605769230769231 0.2052401746724891 0.0673076923076923
0 0.4890829694323144 0.3076923076923077 0.2183406113537118 0.06009615384615385
0 0.4978165938864629 0.2548076923076923 0.19213973799126638 0.055288461538461536
0 0.519650655021834 0.20673076923076922 0.18340611353711792 0.05048076923076923
0 0.537117903930131 0.15865384615384615 0.2052401746724891 0.05048076923076923
0 0.5240174672489083 0.11057692307692307 0.2052401746724891 0.05048076923076923
0 0.5240174672489083 0.06971153846153846 0.2052401746724891 0.05048076923076923