0 0.4192139737991266 0.05048076923076923 0.19213973799126638 0.040865384615384616
0 0.43231441048034935 0.0889423076923077 0.17903930131004367 0.04567307692307692
0 0.4366812227074236 0.12980769230769232 0.16593886462882096 0.04326923076923077
0 0.44541484716157204 0.17307692307692307 0.16593886462882096 0.04567307692307692
0 0.44541484716157204 0.21875 0.1965065502183406 0.052884615384615384
0 0.44541484716157204 0.2692307692307692 0.20087336244541484 0.052884615384615384
0 0.4672489082969432 0.32211538461538464 0.2096069868995633 0.052884615384615384
0 0.48034934497816595 0.36538461538461536 0.1965065502183406 0.05048076923076923
0 0.5021834061135371 0.4182692307692308 0.2096069868995633 0.06009615384615385
0 0.519650655021834 0.4735576923076923 0.19213973799126638 0.055288461538461536
0 0.5240174672489083 0.5264423076923077 0.2052401746724891 0.055288461538461536
0 0.5021834061135371 0.5817307692307693 0.2096069868995633 0.0625
0 0.49344978165938863 0.6466346153846154 0.22270742358078602 0.06971153846153846
0 0.4847161572052402 0.7091346153846154 0.21397379912663755 0.06490384615384616
0 0.4672489082969432 0.7764423076923077 0.2445414847161572 0.07932692307692307
0 0.4672489082969432 0.8557692307692307 0.23580786026200873 0.07211538461538461
0 0.48034934497816595 0.9182692307692307 0.2838427947598253 0.0625