0 0.5414847161572053 0.8365384615384616 0.31004366812227074 0.0673076923076923
0 0.5633187772925764 0.7668269230769231 0.2925764192139738 0.0673076923076923
0 0.5633187772925764 0.6995192307692307 0.24890829694323144 0.055288461538461536
0 0.5938864628820961 0.6394230769230769 0.2576419213973799 0.04807692307692308
0 0.5895196506550219 0.5793269230769231 0.26200873362445415 0.05048076923076923
0 0.5720524017467249 0.5264423076923077 0.26200873362445415 0.036057692307692304
0 0.5764192139737991 0.47115384615384615 0.27074235807860264 0.06009615384615385
0 0.5807860262008734 0.41586538461538464 0.2925764192139738 0.057692307692307696
0 0.5676855895196506 0.3557692307692308 0.2838427947598253 0.057692307692307696
0 0.5676855895196506 0.2956730769230769 0.21397379912663755 0.052884615384615384
0 0.5633187772925764 0.24278846153846154 0.20087336244541484 0.04567307692307692
0 0.5589519650655022 0.1971153846153846 0.20087336244541484 0.038461538461538464
0 0.5458515283842795 0.16105769230769232 0.2096069868995633 0.04567307692307692
0 0.5283842794759825 0.11298076923076923 0.21397379912663755 0.040865384615384616
0 0.5152838427947598 0.08173076923076923 0.1703056768558952 0.04567307692307692