0 0.49344978165938863 0.12740384615384615 0.1703056768558952 0.04567307692307692
0 0.49344978165938863 0.17067307692307693 0.1703056768558952 0.05048076923076923
0 0.4890829694323144 0.22115384615384615 0.16593886462882096 0.052884615384615384
0 0.4759825327510917 0.2692307692307692 0.14847161572052403 0.06009615384615385
0 0.4672489082969432 0.3173076923076923 0.1572052401746725 0.055288461538461536
0 0.462882096069869 0.3605769230769231 0.1703056768558952 0.055288461538461536
0 0.44541484716157204 0.41586538461538464 0.18777292576419213 0.052884615384615384
0 0.4192139737991266 0.46153846153846156 0.18777292576419213 0.052884615384615384
0 0.388646288209607 0.5120192307692307 0.19213973799126638 0.06971153846153846
0 0.3799126637554585 0.5793269230769231 0.2096069868995633 0.057692307692307696
0 0.388646288209607 0.6394230769230769 0.24017467248908297 0.0625
0 0.42358078602620086 0.6971153846153846 0.2445414847161572 0.0625
0 0.5109170305676856 0.7644230769230769 0.2183406113537118 0.08653846153846154
0 0.5676855895196506 0.8317307692307693 0.2445414847161572 0.07692307692307693
0 0.4847161572052402 0.08413461538461539 0.14410480349344978 0.05048076923076923