0 0.5327510917030568 0.08413461538461539 0.29694323144104806 0.0673076923076923
0 0.5414847161572053 0.13942307692307693 0.314410480349345 0.07211538461538461
0 0.5502183406113537 0.18990384615384615 0.32751091703056767 0.07692307692307693
0 0.5633187772925764 0.23317307692307693 0.31877729257641924 0.08173076923076923
0 0.5720524017467249 0.2980769230769231 0.34497816593886466 0.08173076923076923
0 0.5764192139737991 0.3485576923076923 0.28820960698689957 0.08173076923076923
0 0.5764192139737991 0.41346153846153844 0.31004366812227074 0.07211538461538461
0 0.5720524017467249 0.4639423076923077 0.28820960698689957 0.07211538461538461
0 0.5720524017467249 0.5192307692307693 0.32751091703056767 0.0889423076923077
0 0.5764192139737991 0.5889423076923077 0.32751091703056767 0.10096153846153846
0 0.62882096069869 0.6706730769230769 0.36681222707423583 0.09375
0 0.6855895196506551 0.7379807692307693 0.39737991266375544 0.08413461538461539
0 0.6593886462882096 0.8028846153846154 0.4366812227074236 0.0889423076923077
0 0.4759825327510917 0.8341346153846154 0.388646288209607 0.09615384615384616
0 0.388646288209607 0.8870192307692307 0.3930131004366812 0.09375