0 0.3799126637554585 0.8774038461538461 0.314410480349345 0.0673076923076923
0 0.4192139737991266 0.8004807692307693 0.2663755458515284 0.06009615384615385
0 0.4672489082969432 0.7307692307692307 0.27510917030567683 0.06971153846153846
0 0.5152838427947598 0.6658653846153846 0.27074235807860264 0.07451923076923077
0 0.5152838427947598 0.5985576923076923 0.24890829694323144 0.06971153846153846
0 0.519650655021834 0.5432692307692307 0.24890829694323144 0.06009615384615385
0 0.47161572052401746 0.4855769230769231 0.22707423580786026 0.06971153846153846
0 0.44541484716157204 0.4375 0.23580786026200873 0.06490384615384616
0 0.45414847161572053 0.38221153846153844 0.2183406113537118 0.055288461538461536
0 0.462882096069869 0.34134615384615385 0.23580786026200873 0.0673076923076923
0 0.5021834061135371 0.28125 0.1965065502183406 0.052884615384615384
0 0.5109170305676856 0.2403846153846154 0.1965065502183406 0.052884615384615384
0 0.537117903930131 0.19951923076923078 0.21397379912663755 0.05048076923076923
0 0.5327510917030568 0.15144230769230768 0.18777292576419213 0.04807692307692308
0 0.5502183406113537 0.11057692307692307 0.20087336244541484 0.038461538461538464
0 0.5414847161572053 0.0673076923076923 0.2052401746724891 0.04567307692307692