0 0.5938864628820961 0.04326923076923077 0.27510917030567683 0.057692307692307696
0 0.5938864628820961 0.08653846153846154 0.27074235807860264 0.06009615384615385
0 0.5938864628820961 0.13701923076923078 0.26200873362445415 0.06490384615384616
0 0.6026200873362445 0.18990384615384615 0.2925764192139738 0.057692307692307696
0 0.5895196506550219 0.23557692307692307 0.30131004366812225 0.06490384615384616
0 0.5982532751091703 0.2932692307692308 0.29694323144104806 0.07451923076923077
0 0.611353711790393 0.34615384615384615 0.314410480349345 0.07451923076923077
0 0.5938864628820961 0.4014423076923077 0.28820960698689957 0.08173076923076923
0 0.6026200873362445 0.46875 0.30131004366812225 0.07451923076923077
0 0.5895196506550219 0.5360576923076923 0.2838427947598253 0.06971153846153846
0 0.5895196506550219 0.59375 0.314410480349345 0.0673076923076923
0 0.6419213973799127 0.6658653846153846 0.33624454148471616 0.08173076923076923
0 0.6943231441048034 0.7355769230769231 0.34497816593886466 0.07692307692307693
0 0.5764192139737991 0.7860576923076923 0.30131004366812225 0.0889423076923077
0 0.48034934497816595 0.8581730769230769 0.29694323144104806 0.08173076923076923
0 0.38427947598253276 0.9206730769230769 0.34934497816593885 0.09615384615384616