0 0.7074235807860262 0.8389423076923077 0.2663755458515284 0.08653846153846154
0 0.6855895196506551 0.75 0.25327510917030566 0.07211538461538461
0 0.6200873362445415 0.6778846153846154 0.2794759825327511 0.07692307692307693
0 0.5021834061135371 0.6153846153846154 0.22270742358078602 0.07451923076923077
0 0.38427947598253276 0.5697115384615384 0.2183406113537118 0.08173076923076923
0 0.2925764192139738 0.5360576923076923 0.2052401746724891 0.0889423076923077
0 0.20087336244541484 0.47836538461538464 0.1965065502183406 0.06971153846153846
0 0.1615720524017467 0.43028846153846156 0.2052401746724891 0.07692307692307693
0 0.1572052401746725 0.37740384615384615 0.2052401746724891 0.06009615384615385
0 0.18340611353711792 0.31971153846153844 0.19213973799126638 0.07211538461538461
0 0.22270742358078602 0.27403846153846156 0.17903930131004367 0.06971153846153846
0 0.27510917030567683 0.2283653846153846 0.16593886462882096 0.0673076923076923
0 0.32751091703056767 0.18269230769230768 0.1703056768558952 0.06490384615384616
0 0.3799126637554585 0.1466346153846154 0.1703056768558952 0.06490384615384616
0 0.4148471615720524 0.09375 0.18340611353711792 0.07211538461538461
0 0.45414847161572053 0.055288461538461536 0.18777292576419213 0.06009615384615385