0 0.5633187772925764 0.8413461538461539 0.2794759825327511 0.0625
0 0.6157205240174672 0.7764423076923077 0.27074235807860264 0.0673076923076923
0 0.6419213973799127 0.7019230769230769 0.24017467248908297 0.07211538461538461
0 0.5938864628820961 0.6298076923076923 0.24017467248908297 0.057692307692307696
0 0.48034934497816595 0.5673076923076923 0.21397379912663755 0.09134615384615384
0 0.3537117903930131 0.5240384615384616 0.2096069868995633 0.08413461538461539
0 0.2663755458515284 0.4855769230769231 0.2096069868995633 0.08173076923076923
0 0.21397379912663755 0.4254807692307692 0.2445414847161572 0.06490384615384616
0 0.24017467248908297 0.3701923076923077 0.23580786026200873 0.0625
0 0.29694323144104806 0.3245192307692308 0.18777292576419213 0.07211538461538461
0 0.38427947598253276 0.27884615384615385 0.17467248908296942 0.0625
0 0.4890829694323144 0.23798076923076922 0.1703056768558952 0.0673076923076923
0 0.5545851528384279 0.19471153846153846 0.17903930131004367 0.057692307692307696
0 0.6069868995633187 0.14423076923076922 0.1965065502183406 0.04567307692307692
0 0.611353711790393 0.0889423076923077 0.2052401746724891 0.04326923076923077