0 0.5283842794759825 0.8413461538461539 0.2838427947598253 0.07692307692307693
0 0.5327510917030568 0.7716346153846154 0.27074235807860264 0.07211538461538461
0 0.5152838427947598 0.6995192307692307 0.26200873362445415 0.0625
0 0.4978165938864629 0.6418269230769231 0.22707423580786026 0.052884615384615384
0 0.47161572052401746 0.5769230769230769 0.25327510917030566 0.07211538461538461
0 0.42358078602620086 0.5144230769230769 0.25327510917030566 0.055288461538461536
0 0.3930131004366812 0.4639423076923077 0.23580786026200873 0.06009615384615385
0 0.37117903930131 0.4110576923076923 0.22270742358078602 0.06009615384615385
0 0.37117903930131 0.3605769230769231 0.22707423580786026 0.06490384615384616
0 0.37554585152838427 0.3076923076923077 0.19213973799126638 0.052884615384615384
0 0.42358078602620086 0.2620192307692308 0.22707423580786026 0.03365384615384615
0 0.4759825327510917 0.0673076923076923 0.2052401746724891 0.04326923076923077
0 0.47161572052401746 0.11057692307692307 0.2052401746724891 0.040865384615384616
0 0.47161572052401746 0.16346153846153846 0.21397379912663755 0.04567307692307692
0 0.4497816593886463 0.21875 0.22270742358078602 0.04807692307692308