0 0.5327510917030568 0.8173076923076923 0.31004366812227074 0.07451923076923077
0 0.5283842794759825 0.7451923076923077 0.31004366812227074 0.07932692307692307
0 0.537117903930131 0.6850961538461539 0.3318777292576419 0.07692307692307693
0 0.5502183406113537 0.6274038461538461 0.27510917030567683 0.07211538461538461
0 0.5502183406113537 0.5600961538461539 0.25327510917030566 0.07211538461538461
0 0.5414847161572053 0.47836538461538464 0.25327510917030566 0.07692307692307693
0 0.5502183406113537 0.41346153846153844 0.25327510917030566 0.0673076923076923
0 0.5414847161572053 0.3605769230769231 0.23580786026200873 0.052884615384615384
0 0.5458515283842795 0.3125 0.2576419213973799 0.055288461538461536
0 0.5327510917030568 0.25961538461538464 0.2183406113537118 0.04807692307692308
0 0.5283842794759825 0.2091346153846154 0.2052401746724891 0.052884615384615384
0 0.519650655021834 0.16826923076923078 0.18340611353711792 0.04326923076923077
0 0.5021834061135371 0.12259615384615384 0.16593886462882096 0.04567307692307692
0 0.4978165938864629 0.07692307692307693 0.1703056768558952 0.052884615384615384