0 0.5720524017467249 0.038461538461538464 0.24017467248908297 0.055288461538461536
0 0.5458515283842795 0.07932692307692307 0.22707423580786026 0.057692307692307696
0 0.5065502183406113 0.11778846153846154 0.2314410480349345 0.0625
0 0.45414847161572053 0.16105769230769232 0.2183406113537118 0.06490384615384616
0 0.4192139737991266 0.20673076923076922 0.23580786026200873 0.0673076923076923
0 0.4104803493449782 0.2548076923076923 0.24017467248908297 0.0673076923076923
0 0.4104803493449782 0.31009615384615385 0.2314410480349345 0.0625
0 0.44541484716157204 0.3629807692307692 0.2314410480349345 0.06490384615384616
0 0.47161572052401746 0.41346153846153844 0.22270742358078602 0.0673076923076923
0 0.5152838427947598 0.4639423076923077 0.25327510917030566 0.07932692307692307
0 0.5589519650655022 0.5144230769230769 0.25327510917030566 0.08173076923076923
0 0.6157205240174672 0.5769230769230769 0.2576419213973799 0.07451923076923077
0 0.6331877729257642 0.6394230769230769 0.26200873362445415 0.06971153846153846
0 0.6200873362445415 0.7091346153846154 0.2663755458515284 0.08413461538461539
0 0.5633187772925764 0.7836538461538461 0.2838427947598253 0.08413461538461539
0 0.4759825327510917 0.8533653846153846 0.31004366812227074 0.09375