0 0.5764192139737991 0.9158653846153846 0.27510917030567683 0.06490384615384616
0 0.5633187772925764 0.8293269230769231 0.30131004366812225 0.08413461538461539
0 0.5327510917030568 0.7524038461538461 0.2576419213973799 0.0625
0 0.5065502183406113 0.6875 0.24890829694323144 0.0673076923076923
0 0.43231441048034935 0.625 0.24890829694323144 0.08413461538461539
0 0.37117903930131 0.5721153846153846 0.26200873362445415 0.09375
0 0.314410480349345 0.5096153846153846 0.26200873362445415 0.06490384615384616
0 0.27074235807860264 0.4519230769230769 0.2576419213973799 0.052884615384615384
0 0.25327510917030566 0.40625 0.2314410480349345 0.06009615384615385
0 0.27510917030567683 0.3605769230769231 0.17903930131004367 0.052884615384615384
0 0.31004366812227074 0.31490384615384615 0.20087336244541484 0.07211538461538461
0 0.34497816593886466 0.2668269230769231 0.17467248908296942 0.0625