0 0.49344978165938863 0.8365384615384616 0.37117903930131 0.06971153846153846
0 0.519650655021834 0.7668269230769231 0.32751091703056767 0.07451923076923077
0 0.5283842794759825 0.7067307692307693 0.32751091703056767 0.0625
0 0.5021834061135371 0.6466346153846154 0.2925764192139738 0.06009615384615385
0 0.48034934497816595 0.5913461538461539 0.3231441048034934 0.0673076923076923
0 0.4759825327510917 0.5264423076923077 0.31004366812227074 0.06490384615384616
0 0.47161572052401746 0.46153846153846156 0.27510917030567683 0.0673076923076923
0 0.4759825327510917 0.40865384615384615 0.2838427947598253 0.06009615384615385
0 0.48034934497816595 0.35336538461538464 0.2794759825327511 0.0625
0 0.5109170305676856 0.2980769230769231 0.24890829694323144 0.06490384615384616
0 0.5240174672489083 0.2403846153846154 0.23580786026200873 0.055288461538461536
0 0.5545851528384279 0.18990384615384615 0.21397379912663755 0.052884615384615384
0 0.5807860262008734 0.1466346153846154 0.17903930131004367 0.04807692307692308
0 0.6069868995633187 0.10576923076923077 0.17467248908296942 0.04807692307692308
0 0.6244541484716157 0.07211538461538461 0.15283842794759825 0.040865384615384616