0 0.5764192139737991 0.8485576923076923 0.3624454148471616 0.0673076923076923
0 0.5764192139737991 0.7716346153846154 0.32751091703056767 0.0625
0 0.5851528384279476 0.6995192307692307 0.28820960698689957 0.07451923076923077
0 0.5851528384279476 0.6346153846153846 0.27074235807860264 0.057692307692307696
0 0.5938864628820961 0.5769230769230769 0.2663755458515284 0.05048076923076923
0 0.5895196506550219 0.5192307692307693 0.2576419213973799 0.057692307692307696
0 0.5895196506550219 0.4639423076923077 0.25327510917030566 0.057692307692307696
0 0.5764192139737991 0.41346153846153844 0.27074235807860264 0.057692307692307696
0 0.5458515283842795 0.3605769230769231 0.26200873362445415 0.0673076923076923
0 0.5414847161572053 0.30528846153846156 0.23580786026200873 0.057692307692307696
0 0.537117903930131 0.25240384615384615 0.24017467248908297 0.05048076923076923
0 0.5502183406113537 0.19951923076923078 0.22707423580786026 0.055288461538461536
0 0.5414847161572053 0.14423076923076922 0.22270742358078602 0.057692307692307696
0 0.5414847161572053 0.09134615384615384 0.24890829694323144 0.052884615384615384
0 0.5807860262008734 0.90625 0.40611353711790393 0.06490384615384616