0 0.49344978165938863 0.8052884615384616 0.24017467248908297 0.07932692307692307
0 0.5502183406113537 0.7427884615384616 0.24890829694323144 0.07692307692307693
0 0.5851528384279476 0.6899038461538461 0.25327510917030566 0.0625
0 0.5982532751091703 0.6370192307692307 0.2445414847161572 0.06490384615384616
0 0.5764192139737991 0.5817307692307693 0.2314410480349345 0.06971153846153846
0 0.5109170305676856 0.5240384615384616 0.24017467248908297 0.06490384615384616
0 0.45414847161572053 0.47836538461538464 0.2445414847161572 0.06009615384615385
0 0.42358078602620086 0.4254807692307692 0.22270742358078602 0.052884615384615384
0 0.4279475982532751 0.37259615384615385 0.18777292576419213 0.052884615384615384
0 0.4279475982532751 0.3173076923076923 0.17903930131004367 0.055288461538461536
0 0.45414847161572053 0.27163461538461536 0.18777292576419213 0.055288461538461536
0 0.5021834061135371 0.22596153846153846 0.1615720524017467 0.057692307692307696
0 0.5327510917030568 0.17307692307692307 0.1703056768558952 0.055288461538461536
0 0.5633187772925764 0.12740384615384615 0.17903930131004367 0.052884615384615384
0 0.5851528384279476 0.08413461538461539 0.17903930131004367 0.04567307692307692