0 0.4847161572052402 0.07451923076923077 0.2052401746724891 0.057692307692307696
0 0.4847161572052402 0.125 0.2096069868995633 0.06490384615384616
0 0.462882096069869 0.16826923076923078 0.2314410480349345 0.07451923076923077
0 0.4017467248908297 0.21153846153846154 0.23580786026200873 0.07932692307692307
0 0.35807860262008734 0.2548076923076923 0.26200873362445415 0.07211538461538461
0 0.2925764192139738 0.30288461538461536 0.23580786026200873 0.07211538461538461
0 0.26200873362445415 0.3605769230769231 0.24017467248908297 0.06971153846153846
0 0.2576419213973799 0.41586538461538464 0.2445414847161572 0.07211538461538461
0 0.2663755458515284 0.46875 0.26200873362445415 0.07932692307692307
0 0.3056768558951965 0.5216346153846154 0.26200873362445415 0.0889423076923077
0 0.38427947598253276 0.5841346153846154 0.30131004366812225 0.09375
0 0.4672489082969432 0.6418269230769231 0.30131004366812225 0.08653846153846154
0 0.5240174672489083 0.7091346153846154 0.31877729257641924 0.0889423076923077
0 0.5807860262008734 0.7860576923076923 0.30131004366812225 0.0889423076923077
0 0.611353711790393 0.8581730769230769 0.314410480349345 0.09615384615384616