0 0.5502183406113537 0.028846153846153848 0.314410480349345 0.057692307692307696
0 0.5502183406113537 0.0673076923076923 0.314410480349345 0.057692307692307696
0 0.5414847161572053 0.11298076923076923 0.30131004366812225 0.0625
0 0.5240174672489083 0.15384615384615385 0.2925764192139738 0.055288461538461536
0 0.4890829694323144 0.19951923076923078 0.3406113537117904 0.06009615384615385
0 0.4497816593886463 0.24519230769230768 0.388646288209607 0.055288461538461536
0 0.44541484716157204 0.29086538461538464 0.3930131004366812 0.06009615384615385
0 0.44541484716157204 0.34375 0.3799126637554585 0.06490384615384616
0 0.45414847161572053 0.39663461538461536 0.3537117903930131 0.0673076923076923
0 0.4759825327510917 0.4519230769230769 0.3537117903930131 0.07692307692307693
0 0.49344978165938863 0.5072115384615384 0.3624454148471616 0.07692307692307693
0 0.519650655021834 0.5673076923076923 0.36681222707423583 0.07451923076923077
0 0.5327510917030568 0.6346153846153846 0.37554585152838427 0.08413461538461539
0 0.5240174672489083 0.7115384615384616 0.3930131004366812 0.08173076923076923
0 0.5065502183406113 0.7836538461538461 0.4017467248908297 0.07451923076923077
0 0.48034934497816595 0.8581730769230769 0.4279475982532751 0.07932692307692307