0 0.5327510917030568 0.10096153846153846 0.17467248908296942 0.06009615384615385
0 0.5021834061135371 0.1466346153846154 0.15283842794759825 0.06490384615384616
0 0.462882096069869 0.18990384615384615 0.1572052401746725 0.06490384615384616
0 0.4104803493449782 0.23076923076923078 0.1703056768558952 0.06490384615384616
0 0.34497816593886466 0.27163461538461536 0.17903930131004367 0.06971153846153846
0 0.28820960698689957 0.31490384615384615 0.17467248908296942 0.07211538461538461
0 0.24890829694323144 0.36538461538461536 0.17903930131004367 0.0625
0 0.24017467248908297 0.41586538461538464 0.19213973799126638 0.06009615384615385
0 0.24017467248908297 0.47596153846153844 0.18777292576419213 0.06971153846153846
0 0.2794759825327511 0.53125 0.2096069868995633 0.08653846153846154
0 0.3537117903930131 0.5913461538461539 0.2445414847161572 0.09375
0 0.44541484716157204 0.6442307692307693 0.27074235807860264 0.10096153846153846
0 0.5414847161572053 0.7019230769230769 0.27510917030567683 0.10336538461538461
0 0.6331877729257642 0.7644230769230769 0.2794759825327511 0.10096153846153846
0 0.6812227074235808 0.8389423076923077 0.2794759825327511 0.09375