0 0.5676855895196506 0.8149038461538461 0.28820960698689957 0.07451923076923077
0 0.5676855895196506 0.7475961538461539 0.2663755458515284 0.0625
0 0.5414847161572053 0.6826923076923077 0.24017467248908297 0.0625
0 0.5065502183406113 0.625 0.24890829694323144 0.06009615384615385
0 0.4672489082969432 0.5673076923076923 0.23580786026200873 0.057692307692307696
0 0.4279475982532751 0.5096153846153846 0.2445414847161572 0.06009615384615385
0 0.3799126637554585 0.46634615384615385 0.21397379912663755 0.055288461538461536
0 0.37117903930131 0.4206730769230769 0.2314410480349345 0.0625
0 0.3537117903930131 0.3701923076923077 0.24890829694323144 0.055288461538461536
0 0.3799126637554585 0.33413461538461536 0.2445414847161572 0.0625
0 0.4279475982532751 0.28365384615384615 0.2314410480349345 0.06009615384615385
0 0.462882096069869 0.23798076923076922 0.2096069868995633 0.052884615384615384
0 0.4890829694323144 0.19951923076923078 0.20087336244541484 0.04567307692307692
0 0.4978165938864629 0.15865384615384615 0.18777292576419213 0.03125
0 0.48034934497816595 0.12740384615384615 0.19213973799126638 0.028846153846153848
0 0.47161572052401746 0.10096153846153846 0.18777292576419213 0.028846153846153848