0 0.5109170305676856 0.7668269230769231 0.26200873362445415 0.07451923076923077
0 0.5502183406113537 0.6995192307692307 0.2794759825327511 0.0625
0 0.5895196506550219 0.6274038461538461 0.27074235807860264 0.06971153846153846
0 0.5764192139737991 0.5721153846153846 0.2576419213973799 0.0625
0 0.5633187772925764 0.5168269230769231 0.24017467248908297 0.0625
0 0.5502183406113537 0.46153846153846156 0.24890829694323144 0.06009615384615385
0 0.5327510917030568 0.40865384615384615 0.26200873362445415 0.0625
0 0.5414847161572053 0.3557692307692308 0.23580786026200873 0.055288461538461536
0 0.5327510917030568 0.31009615384615385 0.22707423580786026 0.055288461538461536
0 0.537117903930131 0.2668269230769231 0.1965065502183406 0.06009615384615385
0 0.5720524017467249 0.22596153846153846 0.22270742358078602 0.06009615384615385
0 0.5851528384279476 0.17307692307692307 0.18777292576419213 0.05048076923076923
0 0.5982532751091703 0.12980769230769232 0.2052401746724891 0.057692307692307696
0 0.5982532751091703 0.09134615384615384 0.21397379912663755 0.04807692307692308
0 0.611353711790393 0.05048076923076923 0.23580786026200873 0.04567307692307692