0 0.5414847161572053 0.8173076923076923 0.34497816593886466 0.06490384615384616
0 0.537117903930131 0.75 0.2925764192139738 0.06971153846153846
0 0.519650655021834 0.6899038461538461 0.2925764192139738 0.07211538461538461
0 0.5109170305676856 0.6225961538461539 0.28820960698689957 0.0625
0 0.519650655021834 0.5697115384615384 0.27510917030567683 0.055288461538461536
0 0.49344978165938863 0.5072115384615384 0.2925764192139738 0.06490384615384616
0 0.462882096069869 0.43990384615384615 0.28820960698689957 0.055288461538461536
0 0.462882096069869 0.38461538461538464 0.27510917030567683 0.0673076923076923
0 0.4672489082969432 0.3389423076923077 0.2576419213973799 0.06009615384615385
0 0.49344978165938863 0.28365384615384615 0.2445414847161572 0.052884615384615384
0 0.5152838427947598 0.22596153846153846 0.2096069868995633 0.055288461538461536
0 0.537117903930131 0.17067307692307693 0.19213973799126638 0.05048076923076923
0 0.5545851528384279 0.12259615384615384 0.19213973799126638 0.04567307692307692
0 0.5545851528384279 0.07451923076923077 0.18340611353711792 0.04326923076923077
0 0.5414847161572053 0.038461538461538464 0.16593886462882096 0.038461538461538464