0 0.4759825327510917 0.057692307692307696 0.2183406113537118 0.04326923076923077
0 0.4890829694323144 0.09615384615384616 0.19213973799126638 0.04567307692307692
0 0.5109170305676856 0.13221153846153846 0.18340611353711792 0.05048076923076923
0 0.519650655021834 0.1778846153846154 0.16593886462882096 0.055288461538461536
0 0.5240174672489083 0.23076923076923078 0.19213973799126638 0.06009615384615385
0 0.5414847161572053 0.27163461538461536 0.22270742358078602 0.06971153846153846
0 0.5502183406113537 0.3245192307692308 0.2052401746724891 0.06490384615384616
0 0.5895196506550219 0.375 0.22707423580786026 0.06971153846153846
0 0.6506550218340611 0.4182692307692308 0.24017467248908297 0.07211538461538461
0 0.7117903930131004 0.46153846153846156 0.2576419213973799 0.07932692307692307
0 0.7685589519650655 0.5120192307692307 0.26200873362445415 0.07932692307692307
0 0.7554585152838428 0.5793269230769231 0.2925764192139738 0.08413461538461539
0 0.7205240174672489 0.6370192307692307 0.29694323144104806 0.0889423076923077
0 0.6157205240174672 0.6875 0.2794759825327511 0.08413461538461539
0 0.4847161572052402 0.7331730769230769 0.2663755458515284 0.08653846153846154
0 0.38427947598253276 0.7932692307692307 0.3056768558951965 0.08653846153846154