0 0.6069868995633187 0.8918269230769231 0.2052401746724891 0.07692307692307693
0 0.6244541484716157 0.8293269230769231 0.21397379912663755 0.06009615384615385
0 0.6157205240174672 0.7692307692307693 0.18340611353711792 0.052884615384615384
0 0.5807860262008734 0.7067307692307693 0.21397379912663755 0.0625
0 0.5414847161572053 0.6370192307692307 0.18340611353711792 0.07451923076923077
0 0.5021834061135371 0.5769230769230769 0.2183406113537118 0.0625
0 0.4759825327510917 0.5192307692307693 0.22270742358078602 0.055288461538461536
0 0.44541484716157204 0.46875 0.21397379912663755 0.0673076923076923
0 0.4497816593886463 0.4110576923076923 0.19213973799126638 0.04807692307692308
0 0.4585152838427948 0.36778846153846156 0.20087336244541484 0.055288461538461536
0 0.47161572052401746 0.31490384615384615 0.2096069868995633 0.052884615384615384
0 0.4978165938864629 0.2692307692307692 0.20087336244541484 0.052884615384615384
0 0.519650655021834 0.23317307692307693 0.1572052401746725 0.05048076923076923
0 0.5283842794759825 0.19230769230769232 0.16593886462882096 0.04567307692307692
0 0.5414847161572053 0.15144230769230768 0.17467248908296942 0.04567307692307692
0 0.5240174672489083 0.11298076923076923 0.18340611353711792 0.040865384615384616