0 0.44541484716157204 0.8125 0.31004366812227074 0.09134615384615384
0 0.537117903930131 0.7620192307692307 0.2838427947598253 0.0889423076923077
0 0.6724890829694323 0.7163461538461539 0.27510917030567683 0.09375
0 0.7292576419213974 0.6394230769230769 0.31004366812227074 0.06009615384615385
0 0.7336244541484717 0.5649038461538461 0.3056768558951965 0.038461538461538464
0 0.7379912663755459 0.5144230769230769 0.33624454148471616 0.052884615384615384
0 0.7554585152838428 0.46875 0.30131004366812225 0.057692307692307696
0 0.759825327510917 0.4206730769230769 0.29694323144104806 0.05048076923076923
0 0.7510917030567685 0.375 0.314410480349345 0.05048076923076923
0 0.7117903930131004 0.31971153846153844 0.29694323144104806 0.06971153846153846
0 0.6550218340611353 0.28125 0.27074235807860264 0.07211538461538461
0 0.6026200873362445 0.23557692307692307 0.24890829694323144 0.0673076923076923
0 0.5502183406113537 0.19230769230769232 0.26200873362445415 0.07211538461538461
0 0.519650655021834 0.13701923076923078 0.25327510917030566 0.057692307692307696
0 0.4759825327510917 0.0985576923076923 0.25327510917030566 0.057692307692307696
0 0.45414847161572053 0.055288461538461536 0.2314410480349345 0.05048076923076923