0 0.44541484716157204 0.04326923076923077 0.2096069868995633 0.05048076923076923
0 0.49344978165938863 0.07932692307692307 0.22270742358078602 0.052884615384615384
0 0.5283842794759825 0.11298076923076923 0.22270742358078602 0.057692307692307696
0 0.5502183406113537 0.15625 0.23580786026200873 0.055288461538461536
0 0.5545851528384279 0.20673076923076922 0.2445414847161572 0.055288461538461536
0 0.537117903930131 0.24759615384615385 0.2445414847161572 0.06490384615384616
0 0.5021834061135371 0.3004807692307692 0.27074235807860264 0.06490384615384616
0 0.4672489082969432 0.34134615384615385 0.27074235807860264 0.06009615384615385
0 0.4585152838427948 0.3942307692307692 0.28820960698689957 0.0673076923076923
0 0.43231441048034935 0.4423076923076923 0.27510917030567683 0.0673076923076923
0 0.44541484716157204 0.5072115384615384 0.27074235807860264 0.07211538461538461
0 0.4672489082969432 0.5673076923076923 0.2925764192139738 0.07692307692307693
0 0.47161572052401746 0.6394230769230769 0.2838427947598253 0.08173076923076923
0 0.47161572052401746 0.7115384615384616 0.2838427947598253 0.08413461538461539
0 0.4847161572052402 0.7764423076923077 0.27074235807860264 0.0673076923076923
0 0.5065502183406113 0.8461538461538461 0.314410480349345 0.08653846153846154
0 0.5021834061135371 0.9182692307692307 0.314410480349345 0.07692307692307693