0 0.5458515283842795 0.8942307692307693 0.36681222707423583 0.07451923076923077
0 0.5414847161572053 0.8269230769230769 0.33624454148471616 0.06971153846153846
0 0.5109170305676856 0.75 0.31877729257641924 0.08173076923076923
0 0.47161572052401746 0.6778846153846154 0.314410480349345 0.07692307692307693
0 0.43231441048034935 0.6153846153846154 0.3231441048034934 0.07692307692307693
0 0.42358078602620086 0.5480769230769231 0.3231441048034934 0.055288461538461536
0 0.388646288209607 0.49038461538461536 0.314410480349345 0.06490384615384616
0 0.38427947598253276 0.4423076923076923 0.2838427947598253 0.052884615384615384
0 0.3930131004366812 0.3918269230769231 0.27510917030567683 0.057692307692307696
0 0.4148471615720524 0.3485576923076923 0.2445414847161572 0.052884615384615384
0 0.4497816593886463 0.30288461538461536 0.2314410480349345 0.057692307692307696
0 0.4978165938864629 0.2548076923076923 0.25327510917030566 0.05048076923076923
0 0.5240174672489083 0.21153846153846154 0.22270742358078602 0.055288461538461536
0 0.5545851528384279 0.17307692307692307 0.2183406113537118 0.04807692307692308
0 0.5502183406113537 0.1346153846153846 0.2445414847161572 0.04326923076923077
0 0.537117903930131 0.09134615384615384 0.21397379912663755 0.04567307692307692