0 0.4978165938864629 0.036057692307692304 0.27510917030567683 0.04567307692307692
0 0.4847161572052402 0.0673076923076923 0.2576419213973799 0.04326923076923077
0 0.48034934497816595 0.0985576923076923 0.24890829694323144 0.05048076923076923
0 0.4672489082969432 0.13221153846153846 0.2445414847161572 0.052884615384615384
0 0.45414847161572053 0.18269230769230768 0.25327510917030566 0.0625
0 0.4585152838427948 0.23076923076923078 0.24890829694323144 0.0625
0 0.4759825327510917 0.2932692307692308 0.27510917030567683 0.07211538461538461
0 0.49344978165938863 0.3485576923076923 0.27074235807860264 0.06490384615384616
0 0.5065502183406113 0.4014423076923077 0.2663755458515284 0.0673076923076923
0 0.5065502183406113 0.46153846153846156 0.2794759825327511 0.06971153846153846
0 0.5109170305676856 0.5192307692307693 0.30131004366812225 0.06490384615384616
0 0.519650655021834 0.5673076923076923 0.314410480349345 0.06971153846153846
0 0.5109170305676856 0.6225961538461539 0.3406113537117904 0.07451923076923077
0 0.5152838427947598 0.6826923076923077 0.35807860262008734 0.07211538461538461
0 0.519650655021834 0.7307692307692307 0.31877729257641924 0.07211538461538461
0 0.519650655021834 0.8004807692307693 0.33624454148471616 0.09134615384615384
0 0.5152838427947598 0.8870192307692307 0.34497816593886466 0.08653846153846154