0 0.6200873362445415 0.03365384615384615 0.2052401746724891 0.040865384615384616
0 0.6200873362445415 0.07451923076923077 0.2052401746724891 0.04807692307692308
0 0.611353711790393 0.11778846153846154 0.20087336244541484 0.04807692307692308
0 0.5895196506550219 0.16105769230769232 0.20087336244541484 0.052884615384615384
0 0.5676855895196506 0.2091346153846154 0.2096069868995633 0.06009615384615385
0 0.5414847161572053 0.25 0.20087336244541484 0.052884615384615384
0 0.5283842794759825 0.2956730769230769 0.21397379912663755 0.055288461538461536
0 0.5414847161572053 0.34375 0.2096069868995633 0.057692307692307696
0 0.5633187772925764 0.3918269230769231 0.21397379912663755 0.05048076923076923
0 0.5895196506550219 0.44471153846153844 0.2445414847161572 0.057692307692307696
0 0.6200873362445415 0.4951923076923077 0.24890829694323144 0.0625
0 0.6375545851528385 0.5552884615384616 0.22707423580786026 0.06009615384615385
0 0.6200873362445415 0.6177884615384616 0.22707423580786026 0.0625
0 0.5895196506550219 0.6802884615384616 0.24017467248908297 0.06971153846153846
0 0.519650655021834 0.7451923076923077 0.2794759825327511 0.08173076923076923
0 0.388646288209607 0.8028846153846154 0.28820960698689957 0.08413461538461539
0 0.3231441048034934 0.8605769230769231 0.314410480349345 0.07692307692307693