0 0.5283842794759825 0.07451923076923077 0.2925764192139738 0.057692307692307696
0 0.4978165938864629 0.1201923076923077 0.25327510917030566 0.055288461538461536
0 0.49344978165938863 0.1658653846153846 0.26200873362445415 0.057692307692307696
0 0.4497816593886463 0.20432692307692307 0.24890829694323144 0.06490384615384616
0 0.43231441048034935 0.25 0.2794759825327511 0.0673076923076923
0 0.37554585152838427 0.2932692307692308 0.2576419213973799 0.0625
0 0.3318777292576419 0.34134615384615385 0.2794759825327511 0.0673076923076923
0 0.28820960698689957 0.38221153846153844 0.2314410480349345 0.057692307692307696
0 0.29694323144104806 0.4326923076923077 0.2838427947598253 0.06009615384615385
0 0.31877729257641924 0.4879807692307692 0.26200873362445415 0.07451923076923077
0 0.35807860262008734 0.5360576923076923 0.2925764192139738 0.07932692307692307
0 0.4366812227074236 0.5913461538461539 0.314410480349345 0.07932692307692307
0 0.5283842794759825 0.6442307692307693 0.34934497816593885 0.09375
0 0.6244541484716157 0.7043269230769231 0.3799126637554585 0.08653846153846154
0 0.6593886462882096 0.7716346153846154 0.3624454148471616 0.07932692307692307
0 0.6375545851528385 0.8461538461538461 0.38427947598253276 0.07932692307692307