0 0.5152838427947598 0.8677884615384616 0.29694323144104806 0.07211538461538461
0 0.537117903930131 0.7932692307692307 0.2576419213973799 0.057692307692307696
0 0.5502183406113537 0.7283653846153846 0.2576419213973799 0.0625
0 0.537117903930131 0.65625 0.2576419213973799 0.06490384615384616
0 0.5109170305676856 0.59375 0.25327510917030566 0.057692307692307696
0 0.49344978165938863 0.5360576923076923 0.21397379912663755 0.052884615384615384
0 0.4585152838427948 0.4807692307692308 0.21397379912663755 0.052884615384615384
0 0.4585152838427948 0.42788461538461536 0.2052401746724891 0.05048076923076923
0 0.4672489082969432 0.37740384615384615 0.20087336244541484 0.04807692307692308
0 0.4847161572052402 0.3317307692307692 0.20087336244541484 0.05048076923076923
0 0.519650655021834 0.2860576923076923 0.2096069868995633 0.052884615384615384
0 0.5065502183406113 0.23557692307692307 0.1615720524017467 0.04326923076923077
0 0.5152838427947598 0.19471153846153846 0.1703056768558952 0.040865384615384616
0 0.5152838427947598 0.14423076923076922 0.1703056768558952 0.04567307692307692
0 0.4978165938864629 0.0985576923076923 0.16593886462882096 0.038461538461538464