0 0.5152838427947598 0.11057692307692307 0.20087336244541484 0.055288461538461536
0 0.537117903930131 0.15625 0.2052401746724891 0.052884615384615384
0 0.4978165938864629 0.20673076923076922 0.27510917030567683 0.06971153846153846
0 0.4672489082969432 0.2548076923076923 0.28820960698689957 0.06490384615384616
0 0.4192139737991266 0.2980769230769231 0.2794759825327511 0.057692307692307696
0 0.39737991266375544 0.34615384615384615 0.2663755458515284 0.055288461538461536
0 0.39737991266375544 0.39663461538461536 0.25327510917030566 0.06490384615384616
0 0.40611353711790393 0.4519230769230769 0.24017467248908297 0.06490384615384616
0 0.43231441048034935 0.5072115384615384 0.2663755458515284 0.07211538461538461
0 0.45414847161572053 0.5673076923076923 0.27510917030567683 0.0673076923076923
0 0.4672489082969432 0.6201923076923077 0.28820960698689957 0.06971153846153846
0 0.47161572052401746 0.6826923076923077 0.27074235807860264 0.07932692307692307
0 0.48034934497816595 0.7475961538461539 0.27510917030567683 0.07692307692307693
0 0.48034934497816595 0.8269230769230769 0.31004366812227074 0.07692307692307693