0 0.6724890829694323 0.8701923076923077 0.1965065502183406 0.06490384615384616
0 0.6419213973799127 0.8004807692307693 0.26200873362445415 0.055288461538461536
0 0.5851528384279476 0.7379807692307693 0.22707423580786026 0.07451923076923077
0 0.4890829694323144 0.6947115384615384 0.23580786026200873 0.0673076923076923
0 0.38427947598253276 0.6346153846153846 0.24017467248908297 0.07932692307692307
0 0.3799126637554585 0.5721153846153846 0.24890829694323144 0.06009615384615385
0 0.3799126637554585 0.5120192307692307 0.2576419213973799 0.04807692307692308
0 0.4104803493449782 0.4567307692307692 0.22270742358078602 0.06009615384615385
0 0.42358078602620086 0.40865384615384615 0.2183406113537118 0.0625
0 0.4366812227074236 0.3605769230769231 0.1965065502183406 0.0625
0 0.45414847161572053 0.3125 0.17467248908296942 0.055288461538461536
0 0.48034934497816595 0.2644230769230769 0.18340611353711792 0.055288461538461536
0 0.4890829694323144 0.22115384615384615 0.17467248908296942 0.04567307692307692
0 0.4978165938864629 0.17067307692307693 0.1572052401746725 0.0625
0 0.4978165938864629 0.11778846153846154 0.14847161572052403 0.040865384615384616
0 0.5065502183406113 0.08173076923076923 0.12663755458515283 0.036057692307692304