0 0.5545851528384279 0.07451923076923077 0.1965065502183406 0.038461538461538464
0 0.5545851528384279 0.11298076923076923 0.18340611353711792 0.04567307692307692
0 0.5327510917030568 0.15625 0.2096069868995633 0.05048076923076923
0 0.4978165938864629 0.20432692307692307 0.22270742358078602 0.0625
0 0.47161572052401746 0.25721153846153844 0.22270742358078602 0.06490384615384616
0 0.45414847161572053 0.3125 0.22270742358078602 0.057692307692307696
0 0.45414847161572053 0.3629807692307692 0.2314410480349345 0.057692307692307696
0 0.4759825327510917 0.4110576923076923 0.24890829694323144 0.06009615384615385
0 0.5152838427947598 0.46153846153846156 0.2445414847161572 0.0673076923076923
0 0.5764192139737991 0.5048076923076923 0.24890829694323144 0.08653846153846154
0 0.6419213973799127 0.5649038461538461 0.2314410480349345 0.07692307692307693
0 0.6943231441048034 0.6346153846153846 0.2663755458515284 0.08413461538461539
0 0.6899563318777293 0.7043269230769231 0.2925764192139738 0.08173076923076923
0 0.6419213973799127 0.7548076923076923 0.2794759825327511 0.08413461538461539
0 0.5895196506550219 0.8149038461538461 0.2925764192139738 0.08653846153846154
0 0.5240174672489083 0.8798076923076923 0.314410480349345 0.0889423076923077