0 0.4104803493449782 0.09134615384615384 0.18340611353711792 0.06490384615384616
0 0.4890829694323144 0.11298076923076923 0.17467248908296942 0.07692307692307693
0 0.5807860262008734 0.13701923076923078 0.22707423580786026 0.09134615384615384
0 0.6462882096069869 0.19230769230769232 0.2794759825327511 0.09375
0 0.7074235807860262 0.2283653846153846 0.30131004366812225 0.09134615384615384
0 0.7205240174672489 0.2764423076923077 0.31877729257641924 0.0985576923076923
0 0.7248908296943232 0.35336538461538464 0.29694323144104806 0.10817307692307693
0 0.6637554585152838 0.41346153846153844 0.30131004366812225 0.09134615384615384
0 0.5502183406113537 0.46634615384615385 0.25327510917030566 0.0889423076923077
0 0.4890829694323144 0.5264423076923077 0.2663755458515284 0.06971153846153846
0 0.462882096069869 0.5913461538461539 0.2838427947598253 0.0673076923076923
0 0.44541484716157204 0.6586538461538461 0.27510917030567683 0.07211538461538461
0 0.45414847161572053 0.7259615384615384 0.3056768558951965 0.07692307692307693
0 0.4672489082969432 0.8004807692307693 0.3318777292576419 0.08173076923076923