0 0.6069868995633187 0.0625 0.16593886462882096 0.06009615384615385
0 0.5895196506550219 0.11298076923076923 0.17467248908296942 0.0625
0 0.5414847161572053 0.15144230769230768 0.17467248908296942 0.06490384615384616
0 0.4890829694323144 0.19951923076923078 0.18777292576419213 0.06971153846153846
0 0.4148471615720524 0.2403846153846154 0.18777292576419213 0.07692307692307693
0 0.3624454148471616 0.2860576923076923 0.23580786026200873 0.08413461538461539
0 0.33624454148471616 0.3389423076923077 0.22270742358078602 0.0625
0 0.35807860262008734 0.38221153846153844 0.24890829694323144 0.0625
0 0.39737991266375544 0.44471153846153844 0.21397379912663755 0.07451923076923077
0 0.4672489082969432 0.4879807692307692 0.2445414847161572 0.08413461538461539
0 0.5545851528384279 0.5336538461538461 0.22270742358078602 0.07211538461538461
0 0.6200873362445415 0.5889423076923077 0.2445414847161572 0.08413461538461539
0 0.6419213973799127 0.6442307692307693 0.21397379912663755 0.07451923076923077
0 0.6244541484716157 0.71875 0.2445414847161572 0.07932692307692307
0 0.5545851528384279 0.78125 0.25327510917030566 0.0889423076923077
0 0.5021834061135371 0.8413461538461539 0.2925764192139738 0.09375