0 0.5152838427947598 0.052884615384615384 0.23580786026200873 0.04326923076923077
0 0.519650655021834 0.09134615384615384 0.22707423580786026 0.055288461538461536
0 0.5240174672489083 0.13942307692307693 0.22270742358078602 0.055288461538461536
0 0.5240174672489083 0.18509615384615385 0.22270742358078602 0.052884615384615384
0 0.5109170305676856 0.22355769230769232 0.22270742358078602 0.0625
0 0.4978165938864629 0.2764423076923077 0.22707423580786026 0.06490384615384616
0 0.49344978165938863 0.32211538461538464 0.23580786026200873 0.06009615384615385
0 0.4759825327510917 0.3701923076923077 0.24890829694323144 0.0673076923076923
0 0.47161572052401746 0.4206730769230769 0.24017467248908297 0.057692307692307696
0 0.47161572052401746 0.4735576923076923 0.2445414847161572 0.06490384615384616
0 0.48034934497816595 0.5336538461538461 0.2576419213973799 0.06971153846153846
0 0.4847161572052402 0.5913461538461539 0.24890829694323144 0.06490384615384616
0 0.49344978165938863 0.6538461538461539 0.2445414847161572 0.06009615384615385
0 0.5021834061135371 0.7139423076923077 0.25327510917030566 0.0673076923076923
0 0.4978165938864629 0.7836538461538461 0.2576419213973799 0.07692307692307693
0 0.4890829694323144 0.8533653846153846 0.2663755458515284 0.07692307692307693
0 0.4890829694323144 0.9278846153846154 0.36681222707423583 0.08413461538461539