0 0.5589519650655022 0.8798076923076923 0.4497816593886463 0.09134615384615384
0 0.6550218340611353 0.8028846153846154 0.34497816593886466 0.06490384615384616
0 0.6681222707423581 0.7475961538461539 0.37117903930131 0.07451923076923077
0 0.6419213973799127 0.6778846153846154 0.3537117903930131 0.07692307692307693
0 0.5807860262008734 0.6153846153846154 0.2925764192139738 0.07211538461538461
0 0.5458515283842795 0.5528846153846154 0.314410480349345 0.06009615384615385
0 0.5414847161572053 0.4951923076923077 0.3231441048034934 0.0625
0 0.5283842794759825 0.4326923076923077 0.29694323144104806 0.0625
0 0.5283842794759825 0.375 0.314410480349345 0.0673076923076923
0 0.5283842794759825 0.3245192307692308 0.2925764192139738 0.0673076923076923
0 0.5414847161572053 0.2668269230769231 0.30131004366812225 0.0673076923076923
0 0.5589519650655022 0.21394230769230768 0.3624454148471616 0.052884615384615384
0 0.5502183406113537 0.16826923076923078 0.31004366812227074 0.06009615384615385
0 0.5720524017467249 0.1201923076923077 0.2794759825327511 0.052884615384615384
0 0.5938864628820961 0.07932692307692307 0.25327510917030566 0.04807692307692308
0 0.5938864628820961 0.040865384615384616 0.25327510917030566 0.04807692307692308