0 0.74235807860262 0.04326923076923077 0.22707423580786026 0.0625
0 0.6899563318777293 0.08653846153846154 0.24017467248908297 0.0673076923076923
0 0.6157205240174672 0.12980769230769232 0.2445414847161572 0.07451923076923077
0 0.5327510917030568 0.1658653846153846 0.2445414847161572 0.08173076923076923
0 0.44541484716157204 0.19951923076923078 0.2314410480349345 0.07932692307692307
0 0.37117903930131 0.23798076923076922 0.25327510917030566 0.08413461538461539
0 0.31004366812227074 0.27403846153846156 0.27074235807860264 0.08173076923076923
0 0.27510917030567683 0.3245192307692308 0.27510917030567683 0.08413461538461539
0 0.2445414847161572 0.375 0.24890829694323144 0.0673076923076923
0 0.22270742358078602 0.4375 0.2576419213973799 0.06490384615384616
0 0.22707423580786026 0.49759615384615385 0.2663755458515284 0.055288461538461536
0 0.2445414847161572 0.5408653846153846 0.29694323144104806 0.055288461538461536
0 0.2663755458515284 0.5865384615384616 0.2925764192139738 0.0673076923076923
0 0.30131004366812225 0.6322115384615384 0.30131004366812225 0.0673076923076923
0 0.3799126637554585 0.6875 0.2838427947598253 0.07451923076923077
0 0.4585152838427948 0.7331730769230769 0.30131004366812225 0.07932692307692307
0 0.537117903930131 0.7716346153846154 0.2925764192139738 0.08413461538461539
0 0.6157205240174672 0.8413461538461539 0.34497816593886466 0.10096153846153846
0 0.7117903930131004 0.9158653846153846 0.34934497816593885 0.08413461538461539