0 0.4148471615720524 0.8581730769230769 0.2314410480349345 0.07211538461538461
0 0.4672489082969432 0.7908653846153846 0.2794759825327511 0.0889423076923077
0 0.4847161572052402 0.71875 0.24890829694323144 0.0673076923076923
0 0.4847161572052402 0.6538461538461539 0.24017467248908297 0.07211538461538461
0 0.462882096069869 0.5841346153846154 0.2445414847161572 0.08413461538461539
0 0.4366812227074236 0.5240384615384616 0.2445414847161572 0.057692307692307696
0 0.43231441048034935 0.47115384615384615 0.2445414847161572 0.055288461538461536
0 0.43231441048034935 0.4230769230769231 0.2445414847161572 0.06490384615384616
0 0.44541484716157204 0.37740384615384615 0.25327510917030566 0.06971153846153846
0 0.44541484716157204 0.3293269230769231 0.25327510917030566 0.07211538461538461
0 0.4585152838427948 0.27884615384615385 0.2052401746724891 0.06009615384615385
0 0.4847161572052402 0.23076923076923078 0.2445414847161572 0.0625
0 0.5021834061135371 0.1875 0.2096069868995633 0.04567307692307692
0 0.5109170305676856 0.14903846153846154 0.20087336244541484 0.052884615384615384
0 0.5283842794759825 0.10817307692307693 0.18340611353711792 0.06009615384615385
0 0.5327510917030568 0.06490384615384616 0.17903930131004367 0.04807692307692308