0 0.6681222707423581 0.09375 0.2052401746724891 0.057692307692307696
0 0.6331877729257642 0.14182692307692307 0.1703056768558952 0.055288461538461536
0 0.5895196506550219 0.18269230769230768 0.2052401746724891 0.06971153846153846
0 0.5240174672489083 0.2283653846153846 0.18777292576419213 0.06490384615384616
0 0.4585152838427948 0.2644230769230769 0.1965065502183406 0.0625
0 0.3930131004366812 0.3076923076923077 0.22270742358078602 0.0673076923076923
0 0.3624454148471616 0.3557692307692308 0.22707423580786026 0.057692307692307696
0 0.37554585152838427 0.41346153846153844 0.22270742358078602 0.057692307692307696
0 0.43231441048034935 0.46634615384615385 0.22707423580786026 0.0673076923076923
0 0.5283842794759825 0.5120192307692307 0.2445414847161572 0.08173076923076923
0 0.6200873362445415 0.5576923076923077 0.26200873362445415 0.08413461538461539
0 0.7030567685589519 0.6177884615384616 0.29694323144104806 0.06490384615384616
0 0.7248908296943232 0.6923076923076923 0.2838427947598253 0.06971153846153846
0 0.6855895196506551 0.7620192307692307 0.314410480349345 0.06971153846153846
0 0.6375545851528385 0.8245192307692307 0.31004366812227074 0.07211538461538461
0 0.5240174672489083 0.8846153846153846 0.2925764192139738 0.06971153846153846