0 0.4497816593886463 0.8942307692307693 0.25327510917030566 0.055288461538461536
0 0.49344978165938863 0.8197115384615384 0.2445414847161572 0.06971153846153846
0 0.5458515283842795 0.7524038461538461 0.24017467248908297 0.057692307692307696
0 0.5982532751091703 0.6971153846153846 0.23580786026200873 0.06009615384615385
0 0.6026200873362445 0.6322115384615384 0.22707423580786026 0.057692307692307696
0 0.5938864628820961 0.5721153846153846 0.21397379912663755 0.052884615384615384
0 0.5589519650655022 0.5144230769230769 0.18777292576419213 0.052884615384615384
0 0.5414847161572053 0.4519230769230769 0.21397379912663755 0.052884615384615384
0 0.537117903930131 0.40384615384615385 0.2096069868995633 0.05048076923076923
0 0.5458515283842795 0.3605769230769231 0.19213973799126638 0.04326923076923077
0 0.5589519650655022 0.3076923076923077 0.18777292576419213 0.055288461538461536
0 0.5545851528384279 0.2620192307692308 0.1615720524017467 0.04807692307692308
0 0.5458515283842795 0.21634615384615385 0.1615720524017467 0.055288461538461536
0 0.537117903930131 0.16826923076923078 0.1572052401746725 0.04807692307692308
0 0.519650655021834 0.12980769230769232 0.14847161572052403 0.040865384615384616