0 0.5589519650655022 0.052884615384615384 0.2663755458515284 0.06490384615384616
0 0.5458515283842795 0.10336538461538461 0.24890829694323144 0.057692307692307696
0 0.5283842794759825 0.15865384615384615 0.2663755458515284 0.08413461538461539
0 0.5152838427947598 0.2091346153846154 0.29694323144104806 0.0673076923076923
0 0.4978165938864629 0.2620192307692308 0.32751091703056767 0.07211538461538461
0 0.4366812227074236 0.3076923076923077 0.2794759825327511 0.07692307692307693
0 0.388646288209607 0.3629807692307692 0.31877729257641924 0.07451923076923077
0 0.35807860262008734 0.41346153846153844 0.3318777292576419 0.07211538461538461
0 0.3799126637554585 0.46875 0.3318777292576419 0.07932692307692307
0 0.4148471615720524 0.53125 0.30131004366812225 0.09375
0 0.5109170305676856 0.5841346153846154 0.30131004366812225 0.08653846153846154
0 0.6026200873362445 0.6418269230769231 0.3231441048034934 0.09134615384615384
0 0.6550218340611353 0.7067307692307693 0.32751091703056767 0.07932692307692307
0 0.6419213973799127 0.78125 0.31877729257641924 0.0889423076923077
0 0.5851528384279476 0.8581730769230769 0.3318777292576419 0.0985576923076923
0 0.5065502183406113 0.9230769230769231 0.388646288209607 0.08413461538461539