0 0.5327510917030568 0.0985576923076923 0.2096069868995633 0.057692307692307696
0 0.5327510917030568 0.14423076923076922 0.27510917030567683 0.07211538461538461
0 0.5065502183406113 0.18269230769230768 0.24017467248908297 0.07451923076923077
0 0.4585152838427948 0.23317307692307693 0.22270742358078602 0.08653846153846154
0 0.40611353711790393 0.2764423076923077 0.2314410480349345 0.07692307692307693
0 0.37554585152838427 0.32211538461538464 0.25327510917030566 0.06971153846153846
0 0.34934497816593885 0.375 0.2576419213973799 0.0625
0 0.34934497816593885 0.4254807692307692 0.2663755458515284 0.06490384615384616
0 0.33624454148471616 0.4735576923076923 0.2445414847161572 0.06971153846153846
0 0.3537117903930131 0.5360576923076923 0.27074235807860264 0.07932692307692307
0 0.4017467248908297 0.5961538461538461 0.2576419213973799 0.07932692307692307
0 0.44541484716157204 0.6610576923076923 0.23580786026200873 0.08413461538461539
0 0.49344978165938863 0.7235576923076923 0.24890829694323144 0.0889423076923077
0 0.5327510917030568 0.7932692307692307 0.2663755458515284 0.07932692307692307
0 0.5414847161572053 0.8605769230769231 0.3056768558951965 0.07451923076923077