0 0.3406113537117904 0.3870192307692308 0.24017467248908297 0.055288461538461536
0 0.32751091703056767 0.43509615384615385 0.22707423580786026 0.05048076923076923
0 0.3406113537117904 0.4855769230769231 0.2314410480349345 0.05048076923076923
0 0.388646288209607 0.6586538461538461 0.24017467248908297 0.057692307692307696
0 0.5021834061135371 0.8461538461538461 0.2314410480349345 0.04807692307692308
0 0.4847161572052402 0.7932692307692307 0.19213973799126638 0.057692307692307696
0 0.4585152838427948 0.7403846153846154 0.19213973799126638 0.052884615384615384
0 0.40611353711790393 0.7043269230769231 0.19213973799126638 0.05048076923076923
0 0.3624454148471616 0.6081730769230769 0.2314410480349345 0.06490384615384616
0 0.34934497816593885 0.5480769230769231 0.22707423580786026 0.06490384615384616
0 0.388646288209607 0.34375 0.22707423580786026 0.057692307692307696
0 0.43231441048034935 0.3004807692307692 0.19213973799126638 0.052884615384615384
0 0.4672489082969432 0.25961538461538464 0.17467248908296942 0.055288461538461536
0 0.4978165938864629 0.20673076923076922 0.19213973799126638 0.057692307692307696
0 0.5152838427947598 0.1658653846153846 0.18777292576419213 0.057692307692307696
0 0.519650655021834 0.125 0.1615720524017467 0.04567307692307692