0 0.45414847161572053 0.8413461538461539 0.2445414847161572 0.07932692307692307
0 0.4978165938864629 0.7740384615384616 0.2183406113537118 0.0673076923076923
0 0.5240174672489083 0.7115384615384616 0.2096069868995633 0.057692307692307696
0 0.537117903930131 0.6490384615384616 0.2052401746724891 0.057692307692307696
0 0.4978165938864629 0.5865384615384616 0.2183406113537118 0.0625
0 0.44541484716157204 0.5264423076923077 0.20087336244541484 0.06971153846153846
0 0.4279475982532751 0.47115384615384615 0.1965065502183406 0.052884615384615384
0 0.4148471615720524 0.41346153846153844 0.18340611353711792 0.057692307692307696
0 0.40611353711790393 0.3629807692307692 0.18340611353711792 0.057692307692307696
0 0.43231441048034935 0.31009615384615385 0.17467248908296942 0.06009615384615385
0 0.4672489082969432 0.2644230769230769 0.18340611353711792 0.055288461538461536
0 0.4890829694323144 0.21394230769230768 0.1572052401746725 0.055288461538461536
0 0.5065502183406113 0.16826923076923078 0.13973799126637554 0.04807692307692308
0 0.519650655021834 0.12740384615384615 0.1222707423580786 0.038461538461538464
0 0.5109170305676856 0.08653846153846154 0.10043668122270742 0.036057692307692304
0 0.519650655021834 0.052884615384615384 0.14847161572052403 0.03125