0 0.537117903930131 0.07692307692307693 0.27074235807860264 0.06009615384615385
0 0.5021834061135371 0.1201923076923077 0.27510917030567683 0.0625
0 0.4366812227074236 0.15865384615384615 0.29694323144104806 0.06490384615384616
0 0.3318777292576419 0.20673076923076922 0.2445414847161572 0.08173076923076923
0 0.27510917030567683 0.24519230769230768 0.24017467248908297 0.06490384615384616
0 0.23580786026200873 0.28846153846153844 0.24017467248908297 0.0673076923076923
0 0.2314410480349345 0.34134615384615385 0.2445414847161572 0.06490384615384616
0 0.26200873362445415 0.39663461538461536 0.2445414847161572 0.06971153846153846
0 0.31877729257641924 0.4423076923076923 0.2663755458515284 0.08173076923076923
0 0.40611353711790393 0.4951923076923077 0.27074235807860264 0.0985576923076923
0 0.5021834061135371 0.5480769230769231 0.2663755458515284 0.0889423076923077
0 0.5895196506550219 0.6177884615384616 0.30131004366812225 0.07932692307692307
0 0.6200873362445415 0.6875 0.30131004366812225 0.07692307692307693
0 0.6069868995633187 0.7620192307692307 0.2925764192139738 0.07932692307692307
0 0.5764192139737991 0.8317307692307693 0.3318777292576419 0.08173076923076923
0 0.5152838427947598 0.9038461538461539 0.32751091703056767 0.08653846153846154