0 0.44541484716157204 0.04807692307692308 0.26200873362445415 0.052884615384615384
0 0.4672489082969432 0.09375 0.2794759825327511 0.06009615384615385
0 0.4759825327510917 0.14423076923076922 0.2925764192139738 0.0673076923076923
0 0.4759825327510917 0.1875 0.28820960698689957 0.0673076923076923
0 0.48034934497816595 0.24278846153846154 0.30131004366812225 0.0673076923076923
0 0.49344978165938863 0.2932692307692308 0.30131004366812225 0.07692307692307693
0 0.5152838427947598 0.35096153846153844 0.3056768558951965 0.0625
0 0.5240174672489083 0.40625 0.31877729257641924 0.07211538461538461
0 0.5283842794759825 0.46153846153846156 0.33624454148471616 0.07932692307692307
0 0.5414847161572053 0.5216346153846154 0.3406113537117904 0.07692307692307693
0 0.5502183406113537 0.5769230769230769 0.33624454148471616 0.08173076923076923
0 0.6026200873362445 0.6370192307692307 0.3624454148471616 0.07932692307692307
0 0.6375545851528385 0.6826923076923077 0.34497816593886466 0.08173076923076923
0 0.6943231441048034 0.7596153846153846 0.36681222707423583 0.08173076923076923
0 0.6681222707423581 0.8293269230769231 0.37554585152838427 0.08653846153846154