0 0.5764192139737991 0.040865384615384616 0.21397379912663755 0.055288461538461536
0 0.5807860262008734 0.08653846153846154 0.21397379912663755 0.055288461538461536
0 0.5851528384279476 0.12740384615384615 0.1965065502183406 0.0625
0 0.5676855895196506 0.17548076923076922 0.2183406113537118 0.06971153846153846
0 0.537117903930131 0.22355769230769232 0.21397379912663755 0.0625
0 0.5109170305676856 0.27163461538461536 0.20087336244541484 0.06971153846153846
0 0.48034934497816595 0.32211538461538464 0.21397379912663755 0.0673076923076923
0 0.44541484716157204 0.37259615384615385 0.22270742358078602 0.07211538461538461
0 0.37554585152838427 0.4110576923076923 0.2445414847161572 0.0889423076923077
0 0.31004366812227074 0.45913461538461536 0.24890829694323144 0.09375
0 0.2183406113537118 0.5096153846153846 0.24890829694323144 0.09134615384615384
0 0.18340611353711792 0.5673076923076923 0.27510917030567683 0.08173076923076923
0 0.1965065502183406 0.6394230769230769 0.28820960698689957 0.09615384615384616
0 0.24017467248908297 0.7043269230769231 0.2925764192139738 0.10817307692307693
0 0.35807860262008734 0.7716346153846154 0.2838427947598253 0.11298076923076923
0 0.4890829694323144 0.8365384615384616 0.30131004366812225 0.11538461538461539