0 0.4148471615720524 0.09134615384615384 0.23580786026200873 0.04807692307692308
0 0.4366812227074236 0.13221153846153846 0.22707423580786026 0.055288461538461536
0 0.462882096069869 0.17548076923076922 0.2052401746724891 0.057692307692307696
0 0.47161572052401746 0.2283653846153846 0.21397379912663755 0.07211538461538461
0 0.48034934497816595 0.28846153846153844 0.22707423580786026 0.0673076923076923
0 0.4759825327510917 0.3389423076923077 0.22707423580786026 0.06490384615384616
0 0.4585152838427948 0.4014423076923077 0.2445414847161572 0.07932692307692307
0 0.45414847161572053 0.4519230769230769 0.2663755458515284 0.06490384615384616
0 0.4192139737991266 0.5168269230769231 0.2794759825327511 0.07692307692307693
0 0.3624454148471616 0.5817307692307693 0.314410480349345 0.08173076923076923
0 0.34934497816593885 0.6490384615384616 0.31004366812227074 0.08173076923076923
0 0.34497816593886466 0.71875 0.30131004366812225 0.09375
0 0.4192139737991266 0.7788461538461539 0.31004366812227074 0.08653846153846154
0 0.5065502183406113 0.8653846153846154 0.34934497816593885 0.11298076923076923