0 0.44541484716157204 0.04326923076923077 0.2096069868995633 0.052884615384615384
0 0.48034934497816595 0.08413461538461539 0.2052401746724891 0.06490384615384616
0 0.519650655021834 0.12259615384615384 0.20087336244541484 0.057692307692307696
0 0.5327510917030568 0.1658653846153846 0.22270742358078602 0.05048076923076923
0 0.5283842794759825 0.20673076923076922 0.24890829694323144 0.055288461538461536
0 0.4759825327510917 0.2548076923076923 0.22707423580786026 0.057692307692307696
0 0.4497816593886463 0.3004807692307692 0.22270742358078602 0.06009615384615385
0 0.4366812227074236 0.3485576923076923 0.22270742358078602 0.0625
0 0.43231441048034935 0.39903846153846156 0.23580786026200873 0.055288461538461536
0 0.44541484716157204 0.44471153846153844 0.2576419213973799 0.06490384615384616
0 0.4672489082969432 0.5048076923076923 0.2576419213973799 0.0673076923076923
0 0.45414847161572053 0.5576923076923077 0.2576419213973799 0.06490384615384616
0 0.4366812227074236 0.6225961538461539 0.26200873362445415 0.07451923076923077
0 0.4279475982532751 0.6947115384615384 0.27510917030567683 0.06971153846153846
0 0.4279475982532751 0.7596153846153846 0.3056768558951965 0.07451923076923077
0 0.44541484716157204 0.84375 0.32751091703056767 0.08413461538461539