0 0.5807860262008734 0.7427884615384616 0.3406113537117904 0.06490384615384616
0 0.537117903930131 0.6706730769230769 0.30131004366812225 0.08173076923076923
0 0.5152838427947598 0.11778846153846154 0.23580786026200873 0.06009615384615385
0 0.4672489082969432 0.1658653846153846 0.2445414847161572 0.055288461538461536
0 0.4148471615720524 0.20673076923076922 0.24890829694323144 0.06009615384615385
0 0.3624454148471616 0.24759615384615385 0.24017467248908297 0.0673076923076923
0 0.314410480349345 0.28846153846153844 0.24890829694323144 0.06009615384615385
0 0.28820960698689957 0.3317307692307692 0.25327510917030566 0.057692307692307696
0 0.28820960698689957 0.3870192307692308 0.26200873362445415 0.05048076923076923
0 0.28820960698689957 0.4375 0.2663755458515284 0.055288461538461536
0 0.31004366812227074 0.4951923076923077 0.2838427947598253 0.052884615384615384
0 0.3930131004366812 0.5480769230769231 0.2925764192139738 0.07211538461538461
0 0.47161572052401746 0.6105769230769231 0.29694323144104806 0.07451923076923077
0 0.6026200873362445 0.8173076923076923 0.3406113537117904 0.09615384615384616
0 0.5720524017467249 0.08653846153846154 0.22270742358078602 0.052884615384615384