0 0.6375545851528385 0.8245192307692307 0.2663755458515284 0.0625
0 0.6026200873362445 0.7548076923076923 0.24017467248908297 0.07932692307692307
0 0.5109170305676856 0.6899038461538461 0.22270742358078602 0.08173076923076923
0 0.4279475982532751 0.6418269230769231 0.1965065502183406 0.09615384615384616
0 0.33624454148471616 0.5841346153846154 0.23580786026200873 0.08173076923076923
0 0.27510917030567683 0.5288461538461539 0.22707423580786026 0.07692307692307693
0 0.24017467248908297 0.47596153846153844 0.22707423580786026 0.06009615384615385
0 0.24017467248908297 0.4254807692307692 0.2052401746724891 0.052884615384615384
0 0.2314410480349345 0.37740384615384615 0.2096069868995633 0.06490384615384616
0 0.2576419213973799 0.3269230769230769 0.18777292576419213 0.06971153846153846
0 0.31004366812227074 0.28125 0.18777292576419213 0.055288461538461536
0 0.37554585152838427 0.2403846153846154 0.15283842794759825 0.055288461538461536
0 0.43231441048034935 0.20192307692307693 0.14847161572052403 0.052884615384615384
0 0.462882096069869 0.15865384615384615 0.1615720524017467 0.04807692307692308
0 0.4890829694323144 0.10817307692307693 0.15283842794759825 0.04807692307692308