0 0.49344978165938863 0.7884615384615384 0.37117903930131 0.06971153846153846
0 0.537117903930131 0.7235576923076923 0.28820960698689957 0.06490384615384616
0 0.5633187772925764 0.65625 0.2663755458515284 0.06971153846153846
0 0.5676855895196506 0.5913461538461539 0.27510917030567683 0.055288461538461536
0 0.5545851528384279 0.5360576923076923 0.25327510917030566 0.055288461538461536
0 0.5109170305676856 0.47596153846153844 0.22707423580786026 0.052884615384615384
0 0.4759825327510917 0.4230769230769231 0.23580786026200873 0.05048076923076923
0 0.4410480349344978 0.37740384615384615 0.23580786026200873 0.04807692307692308
0 0.4279475982532751 0.3269230769230769 0.24890829694323144 0.05048076923076923
0 0.4672489082969432 0.28125 0.23580786026200873 0.04567307692307692
0 0.4890829694323144 0.23317307692307693 0.23580786026200873 0.04567307692307692
0 0.5283842794759825 0.18990384615384615 0.2183406113537118 0.055288461538461536
0 0.5327510917030568 0.14423076923076922 0.2052401746724891 0.04807692307692308
0 0.5414847161572053 0.10576923076923077 0.18777292576419213 0.040865384615384616
0 0.537117903930131 0.0625 0.16593886462882096 0.036057692307692304