0 0.42358078602620086 0.78125 0.36681222707423583 0.055288461538461536
0 0.45414847161572053 0.8509615384615384 0.3624454148471616 0.04807692307692308
0 0.4148471615720524 0.7163461538461539 0.3406113537117904 0.07451923076923077
0 0.45414847161572053 0.6490384615384616 0.3318777292576419 0.07451923076923077
0 0.48034934497816595 0.5913461538461539 0.36681222707423583 0.08173076923076923
0 0.5283842794759825 0.5336538461538461 0.31877729257641924 0.06971153846153846
0 0.5851528384279476 0.4831730769230769 0.29694323144104806 0.0625
0 0.5938864628820961 0.43028846153846156 0.2794759825327511 0.055288461538461536
0 0.611353711790393 0.37740384615384615 0.28820960698689957 0.06490384615384616
0 0.5982532751091703 0.3269230769230769 0.2794759825327511 0.04567307692307692
0 0.5851528384279476 0.2860576923076923 0.27074235807860264 0.0625
0 0.5895196506550219 0.23798076923076922 0.24890829694323144 0.04326923076923077
0 0.6026200873362445 0.19471153846153846 0.2445414847161572 0.052884615384615384
0 0.611353711790393 0.15865384615384615 0.25327510917030566 0.040865384615384616
0 0.6157205240174672 0.11538461538461539 0.2576419213973799 0.040865384615384616
0 0.4978165938864629 0.9038461538461539 0.4017467248908297 0.0625