0 0.4279475982532751 0.05048076923076923 0.27510917030567683 0.0625
0 0.4104803493449782 0.10096153846153846 0.2663755458515284 0.0673076923076923
0 0.37117903930131 0.13942307692307693 0.24890829694323144 0.0673076923076923
0 0.3318777292576419 0.19471153846153846 0.26200873362445415 0.06971153846153846
0 0.2925764192139738 0.23557692307692307 0.2794759825327511 0.06490384615384616
0 0.26200873362445415 0.29086538461538464 0.31004366812227074 0.057692307692307696
0 0.2445414847161572 0.3317307692307692 0.30131004366812225 0.06490384615384616
0 0.24017467248908297 0.38461538461538464 0.2925764192139738 0.08413461538461539
0 0.27510917030567683 0.43509615384615385 0.27074235807860264 0.07692307692307693
0 0.3318777292576419 0.49278846153846156 0.3056768558951965 0.0889423076923077
0 0.4017467248908297 0.5480769230769231 0.3318777292576419 0.09375
0 0.4978165938864629 0.6009615384615384 0.3318777292576419 0.08653846153846154
0 0.6069868995633187 0.6658653846153846 0.34934497816593885 0.08413461538461539
0 0.6724890829694323 0.7307692307692307 0.36681222707423583 0.09134615384615384
0 0.6724890829694323 0.8125 0.4017467248908297 0.0889423076923077