0 0.5589519650655022 0.040865384615384616 0.2838427947598253 0.04807692307692308
0 0.5109170305676856 0.08173076923076923 0.23580786026200873 0.055288461538461536
0 0.462882096069869 0.12259615384615384 0.22270742358078602 0.055288461538461536
0 0.40611353711790393 0.16346153846153846 0.24017467248908297 0.06490384615384616
0 0.3537117903930131 0.20192307692307693 0.24890829694323144 0.07451923076923077
0 0.27074235807860264 0.24519230769230768 0.2663755458515284 0.06971153846153846
0 0.22270742358078602 0.2932692307692308 0.26200873362445415 0.0673076923076923
0 0.2445414847161572 0.34134615384615385 0.27074235807860264 0.057692307692307696
0 0.26200873362445415 0.38461538461538464 0.27510917030567683 0.0625
0 0.29694323144104806 0.43509615384615385 0.27074235807860264 0.06490384615384616
0 0.37554585152838427 0.4855769230769231 0.2838427947598253 0.0673076923076923
0 0.49344978165938863 0.5408653846153846 0.314410480349345 0.07451923076923077
0 0.5807860262008734 0.6033653846153846 0.30131004366812225 0.07932692307692307
0 0.6200873362445415 0.6826923076923077 0.3231441048034934 0.08173076923076923
0 0.611353711790393 0.7572115384615384 0.314410480349345 0.07932692307692307
0 0.5633187772925764 0.8245192307692307 0.30131004366812225 0.07451923076923077
0 0.5283842794759825 0.8846153846153846 0.31004366812227074 0.06971153846153846