0 0.4410480349344978 0.038461538461538464 0.25327510917030566 0.04326923076923077
0 0.462882096069869 0.07451923076923077 0.24890829694323144 0.04326923076923077
0 0.4759825327510917 0.10336538461538461 0.23580786026200873 0.052884615384615384
0 0.519650655021834 0.14423076923076922 0.23580786026200873 0.0625
0 0.5545851528384279 0.1971153846153846 0.26200873362445415 0.07211538461538461
0 0.6069868995633187 0.2403846153846154 0.2794759825327511 0.06971153846153846
0 0.6462882096069869 0.28365384615384615 0.28820960698689957 0.06971153846153846
0 0.6812227074235808 0.3485576923076923 0.3056768558951965 0.08173076923076923
0 0.6724890829694323 0.4110576923076923 0.29694323144104806 0.08413461538461539
0 0.6331877729257642 0.47836538461538464 0.31877729257641924 0.08173076923076923
0 0.5807860262008734 0.5432692307692307 0.314410480349345 0.08173076923076923
0 0.5240174672489083 0.6081730769230769 0.28820960698689957 0.07451923076923077
0 0.5065502183406113 0.6538461538461539 0.29694323144104806 0.06971153846153846
0 0.4847161572052402 0.6995192307692307 0.2838427947598253 0.06971153846153846
0 0.5021834061135371 0.7716346153846154 0.314410480349345 0.0889423076923077
0 0.5065502183406113 0.8461538461538461 0.31877729257641924 0.08653846153846154
0 0.5240174672489083 0.9158653846153846 0.3624454148471616 0.08173076923076923