0 0.6462882096069869 0.7668269230769231 0.3231441048034934 0.08653846153846154
0 0.6026200873362445 0.07211538461538461 0.24890829694323144 0.04807692307692308
0 0.5458515283842795 0.12740384615384615 0.25327510917030566 0.057692307692307696
0 0.519650655021834 0.16346153846153846 0.25327510917030566 0.055288461538461536
0 0.5021834061135371 0.2091346153846154 0.24017467248908297 0.055288461538461536
0 0.4978165938864629 0.2644230769230769 0.25327510917030566 0.0625
0 0.48034934497816595 0.31490384615384615 0.26200873362445415 0.052884615384615384
0 0.44541484716157204 0.36778846153846156 0.27074235807860264 0.052884615384615384
0 0.44541484716157204 0.41346153846153844 0.2925764192139738 0.057692307692307696
0 0.4672489082969432 0.46153846153846156 0.29694323144104806 0.0673076923076923
0 0.5240174672489083 0.5096153846153846 0.28820960698689957 0.06971153846153846
0 0.5851528384279476 0.5649038461538461 0.314410480349345 0.057692307692307696
0 0.6681222707423581 0.6274038461538461 0.33624454148471616 0.0673076923076923
0 0.6637554585152838 0.6899038461538461 0.33624454148471616 0.07932692307692307
0 0.5589519650655022 0.8389423076923077 0.32751091703056767 0.07451923076923077