0 0.5633187772925764 0.03125 0.23580786026200873 0.055288461538461536
0 0.5589519650655022 0.07692307692307693 0.22270742358078602 0.04807692307692308
0 0.5545851528384279 0.1201923076923077 0.2314410480349345 0.057692307692307696
0 0.5414847161572053 0.16105769230769232 0.2096069868995633 0.057692307692307696
0 0.5283842794759825 0.2091346153846154 0.22707423580786026 0.057692307692307696
0 0.5152838427947598 0.25721153846153844 0.22270742358078602 0.0625
0 0.5152838427947598 0.3125 0.23580786026200873 0.0625
0 0.5240174672489083 0.37259615384615385 0.26200873362445415 0.0673076923076923
0 0.5458515283842795 0.4230769230769231 0.27510917030567683 0.0673076923076923
0 0.5764192139737991 0.47596153846153844 0.27074235807860264 0.06009615384615385
0 0.62882096069869 0.53125 0.2838427947598253 0.07211538461538461
0 0.6681222707423581 0.5985576923076923 0.31877729257641924 0.07692307692307693
0 0.6637554585152838 0.6586538461538461 0.3318777292576419 0.07451923076923077
0 0.62882096069869 0.7235576923076923 0.30131004366812225 0.07932692307692307
0 0.5589519650655022 0.7788461538461539 0.3537117903930131 0.08413461538461539
0 0.462882096069869 0.84375 0.31877729257641924 0.08653846153846154
0 0.42358078602620086 0.9110576923076923 0.3537117903930131 0.09615384615384616