0 0.5720524017467249 0.08653846153846154 0.2576419213973799 0.06971153846153846
0 0.5152838427947598 0.12980769230769232 0.24017467248908297 0.07211538461538461
0 0.4672489082969432 0.1658653846153846 0.2445414847161572 0.06971153846153846
0 0.40611353711790393 0.20432692307692307 0.2183406113537118 0.07211538461538461
0 0.3406113537117904 0.2403846153846154 0.2314410480349345 0.06971153846153846
0 0.2925764192139738 0.28365384615384615 0.26200873362445415 0.06009615384615385
0 0.2663755458515284 0.3245192307692308 0.2663755458515284 0.0673076923076923
0 0.2576419213973799 0.37259615384615385 0.2576419213973799 0.07211538461538461
0 0.3056768558951965 0.42788461538461536 0.25327510917030566 0.07211538461538461
0 0.3624454148471616 0.4855769230769231 0.26200873362445415 0.07451923076923077
0 0.4279475982532751 0.5432692307692307 0.29694323144104806 0.08173076923076923
0 0.4978165938864629 0.6057692307692307 0.31004366812227074 0.07932692307692307
0 0.5502183406113537 0.6682692307692307 0.3056768558951965 0.07211538461538461
0 0.5414847161572053 0.7427884615384616 0.31004366812227074 0.07692307692307693
0 0.5109170305676856 0.8197115384615384 0.32751091703056767 0.08413461538461539