0 0.5764192139737991 0.040865384615384616 0.1965065502183406 0.04567307692307692
0 0.5676855895196506 0.08653846153846154 0.18340611353711792 0.04567307692307692
0 0.5502183406113537 0.13221153846153846 0.18777292576419213 0.04807692307692308
0 0.537117903930131 0.17548076923076922 0.18340611353711792 0.055288461538461536
0 0.5283842794759825 0.21634615384615385 0.17903930131004367 0.052884615384615384
0 0.5109170305676856 0.2620192307692308 0.1703056768558952 0.04567307692307692
0 0.4978165938864629 0.30528846153846156 0.18777292576419213 0.055288461538461536
0 0.5109170305676856 0.3557692307692308 0.18340611353711792 0.04807692307692308
0 0.5327510917030568 0.40384615384615385 0.19213973799126638 0.055288461538461536
0 0.5589519650655022 0.4543269230769231 0.21397379912663755 0.057692307692307696
0 0.6069868995633187 0.5096153846153846 0.24017467248908297 0.07451923076923077
0 0.6331877729257642 0.5649038461538461 0.23580786026200873 0.055288461538461536
0 0.6331877729257642 0.6274038461538461 0.2445414847161572 0.057692307692307696
0 0.6244541484716157 0.6875 0.2314410480349345 0.0673076923076923
0 0.5502183406113537 0.7524038461538461 0.2576419213973799 0.07932692307692307
0 0.47161572052401746 0.8173076923076923 0.27074235807860264 0.07211538461538461
0 0.42358078602620086 0.8725961538461539 0.30131004366812225 0.08173076923076923