0 0.4978165938864629 0.040865384615384616 0.2838427947598253 0.06009615384615385
0 0.4847161572052402 0.0889423076923077 0.27510917030567683 0.06490384615384616
0 0.4847161572052402 0.1346153846153846 0.27510917030567683 0.06009615384615385
0 0.4672489082969432 0.18028846153846154 0.29694323144104806 0.0673076923076923
0 0.3799126637554585 0.22115384615384615 0.29694323144104806 0.07932692307692307
0 0.3231441048034934 0.2668269230769231 0.27510917030567683 0.06971153846153846
0 0.2838427947598253 0.3173076923076923 0.2663755458515284 0.0625
0 0.27074235807860264 0.36778846153846156 0.27510917030567683 0.06971153846153846
0 0.2925764192139738 0.41586538461538464 0.30131004366812225 0.07451923076923077
0 0.3537117903930131 0.47596153846153844 0.34497816593886466 0.08653846153846154
0 0.3930131004366812 0.5360576923076923 0.33624454148471616 0.09134615384615384
0 0.4585152838427948 0.5913461538461539 0.3406113537117904 0.08653846153846154
0 0.519650655021834 0.65625 0.3537117903930131 0.0985576923076923
0 0.5589519650655022 0.7355769230769231 0.34497816593886466 0.08653846153846154
0 0.5807860262008734 0.8100961538461539 0.35807860262008734 0.08173076923076923
0 0.5895196506550219 0.8918269230769231 0.37554585152838427 0.0889423076923077