0 0.5982532751091703 0.028846153846153848 0.2096069868995633 0.052884615384615384
0 0.5502183406113537 0.0673076923076923 0.25327510917030566 0.06490384615384616
0 0.5152838427947598 0.10336538461538461 0.22707423580786026 0.057692307692307696
0 0.4759825327510917 0.14423076923076922 0.22707423580786026 0.0625
0 0.39737991266375544 0.18269230769230768 0.2183406113537118 0.0625
0 0.30131004366812225 0.2283653846153846 0.21397379912663755 0.052884615384615384
0 0.2314410480349345 0.27884615384615385 0.23580786026200873 0.06009615384615385
0 0.21397379912663755 0.3269230769230769 0.2445414847161572 0.06009615384615385
0 0.23580786026200873 0.3798076923076923 0.27074235807860264 0.07451923076923077
0 0.31004366812227074 0.42788461538461536 0.27074235807860264 0.07211538461538461
0 0.4104803493449782 0.47596153846153844 0.2663755458515284 0.07932692307692307
0 0.5021834061135371 0.5 0.22707423580786026 0.07211538461538461
0 0.5982532751091703 0.5264423076923077 0.23580786026200873 0.07451923076923077
0 0.6681222707423581 0.5625 0.2663755458515284 0.07692307692307693
0 0.7292576419213974 0.6346153846153846 0.29694323144104806 0.0889423076923077
0 0.7030567685589519 0.6995192307692307 0.3231441048034934 0.0889423076923077
0 0.611353711790393 0.7596153846153846 0.3056768558951965 0.08173076923076923
0 0.5152838427947598 0.8245192307692307 0.34934497816593885 0.08653846153846154
0 0.4017467248908297 0.875 0.37554585152838427 0.08653846153846154
0 0.3624454148471616 0.9254807692307693 0.36681222707423583 0.08653846153846154