0 0.5152838427947598 0.8629807692307693 0.27074235807860264 0.07451923076923077
0 0.5589519650655022 0.78125 0.24890829694323144 0.07932692307692307
0 0.5807860262008734 0.7043269230769231 0.22270742358078602 0.06490384615384616
0 0.5545851528384279 0.6346153846153846 0.22270742358078602 0.07451923076923077
0 0.47161572052401746 0.5745192307692307 0.19213973799126638 0.0625
0 0.36681222707423583 0.5288461538461539 0.2183406113537118 0.06971153846153846
0 0.2794759825327511 0.4831730769230769 0.20087336244541484 0.06490384615384616
0 0.2445414847161572 0.43028846153846156 0.2052401746724891 0.06971153846153846
0 0.24017467248908297 0.3701923076923077 0.1965065502183406 0.0625
0 0.2925764192139738 0.32211538461538464 0.18340611353711792 0.0673076923076923
0 0.3799126637554585 0.27884615384615385 0.16593886462882096 0.07451923076923077
0 0.4585152838427948 0.2403846153846154 0.15283842794759825 0.0625
0 0.519650655021834 0.1971153846153846 0.1615720524017467 0.06490384615384616
0 0.5458515283842795 0.13942307692307693 0.15283842794759825 0.06009615384615385
0 0.5414847161572053 0.08413461538461539 0.1965065502183406 0.052884615384615384
0 0.537117903930131 0.04326923076923077 0.18340611353711792 0.04567307692307692