0 0.4890829694323144 0.06971153846153846 0.22270742358078602 0.05048076923076923
0 0.4890829694323144 0.11057692307692307 0.2183406113537118 0.04567307692307692
0 0.49344978165938863 0.15625 0.22707423580786026 0.057692307692307696
0 0.4890829694323144 0.20192307692307693 0.2314410480349345 0.0673076923076923
0 0.4497816593886463 0.25 0.23580786026200873 0.06490384615384616
0 0.4104803493449782 0.2980769230769231 0.22270742358078602 0.06009615384615385
0 0.39737991266375544 0.34375 0.25327510917030566 0.06971153846153846
0 0.37117903930131 0.3918269230769231 0.26200873362445415 0.06490384615384616
0 0.3624454148471616 0.4375 0.2794759825327511 0.06490384615384616
0 0.37117903930131 0.4879807692307692 0.2663755458515284 0.07211538461538461
0 0.4148471615720524 0.5504807692307693 0.26200873362445415 0.08173076923076923
0 0.44541484716157204 0.6081730769230769 0.2576419213973799 0.07211538461538461
0 0.4890829694323144 0.6754807692307693 0.26200873362445415 0.08173076923076923
0 0.519650655021834 0.7451923076923077 0.26200873362445415 0.07211538461538461
0 0.5502183406113537 0.8173076923076923 0.2663755458515284 0.07451923076923077
0 0.5414847161572053 0.8918269230769231 0.28820960698689957 0.07692307692307693