0 0.4759825327510917 0.7596153846153846 0.2794759825327511 0.08413461538461539
0 0.5327510917030568 0.6899038461538461 0.2445414847161572 0.07211538461538461
0 0.5633187772925764 0.6322115384615384 0.2663755458515284 0.0673076923076923
0 0.5502183406113537 0.5673076923076923 0.27074235807860264 0.0673076923076923
0 0.5283842794759825 0.5096153846153846 0.2445414847161572 0.06971153846153846
0 0.5065502183406113 0.4519230769230769 0.25327510917030566 0.05048076923076923
0 0.4890829694323144 0.4014423076923077 0.2314410480349345 0.05048076923076923
0 0.48034934497816595 0.3485576923076923 0.22270742358078602 0.057692307692307696
0 0.4890829694323144 0.30528846153846156 0.2183406113537118 0.055288461538461536
0 0.49344978165938863 0.25961538461538464 0.1965065502183406 0.0625
0 0.519650655021834 0.21153846153846154 0.18340611353711792 0.055288461538461536
0 0.5414847161572053 0.15865384615384615 0.16593886462882096 0.04567307692307692
0 0.5633187772925764 0.1201923076923077 0.18340611353711792 0.05048076923076923
0 0.5589519650655022 0.07932692307692307 0.19213973799126638 0.04807692307692308
0 0.5589519650655022 0.038461538461538464 0.17903930131004367 0.05048076923076923
0 0.3930131004366812 0.8341346153846154 0.35807860262008734 0.08653846153846154