0 0.5458515283842795 0.9278846153846154 0.314410480349345 0.08173076923076923
0 0.5502183406113537 0.84375 0.29694323144104806 0.07451923076923077
0 0.5065502183406113 0.7644230769230769 0.27074235807860264 0.07211538461538461
0 0.4890829694323144 0.6995192307692307 0.28820960698689957 0.0673076923076923
0 0.4410480349344978 0.6418269230769231 0.28820960698689957 0.07211538461538461
0 0.3930131004366812 0.5793269230769231 0.2794759825327511 0.07692307692307693
0 0.314410480349345 0.5264423076923077 0.3231441048034934 0.07692307692307693
0 0.2445414847161572 0.47115384615384615 0.2838427947598253 0.08173076923076923
0 0.2096069868995633 0.40625 0.26200873362445415 0.07211538461538461
0 0.19213973799126638 0.34134615384615385 0.3056768558951965 0.07451923076923077
0 0.2183406113537118 0.28846153846153844 0.314410480349345 0.07451923076923077
0 0.25327510917030566 0.23798076923076922 0.3056768558951965 0.08653846153846154
0 0.34497816593886466 0.19230769230769232 0.2183406113537118 0.07692307692307693
0 0.3930131004366812 0.15144230769230768 0.18340611353711792 0.07211538461538461
0 0.45414847161572053 0.11538461538461539 0.18340611353711792 0.07451923076923077
0 0.49344978165938863 0.07692307692307693 0.17467248908296942 0.05048076923076923