0 0.5327510917030568 0.8485576923076923 0.26200873362445415 0.08173076923076923
0 0.5109170305676856 0.7644230769230769 0.2794759825327511 0.0673076923076923
0 0.4978165938864629 0.6850961538461539 0.27074235807860264 0.06009615384615385
0 0.5021834061135371 0.6225961538461539 0.25327510917030566 0.06490384615384616
0 0.5109170305676856 0.5600961538461539 0.2445414847161572 0.055288461538461536
0 0.5152838427947598 0.5 0.24017467248908297 0.055288461538461536
0 0.5021834061135371 0.40384615384615385 0.21397379912663755 0.05048076923076923
0 0.5152838427947598 0.4519230769230769 0.24017467248908297 0.055288461538461536
0 0.49344978165938863 0.3485576923076923 0.2052401746724891 0.04807692307692308
0 0.48034934497816595 0.30288461538461536 0.2314410480349345 0.04567307692307692
0 0.4759825327510917 0.25961538461538464 0.22707423580786026 0.04326923076923077
0 0.4585152838427948 0.2091346153846154 0.22707423580786026 0.04326923076923077
0 0.45414847161572053 0.1658653846153846 0.18777292576419213 0.04807692307692308
0 0.44541484716157204 0.1201923076923077 0.1965065502183406 0.04567307692307692
0 0.44541484716157204 0.07211538461538461 0.20087336244541484 0.04567307692307692