0 0.5109170305676856 0.11057692307692307 0.15283842794759825 0.04326923076923077
0 0.519650655021834 0.15625 0.14847161572052403 0.055288461538461536
0 0.5283842794759825 0.20192307692307693 0.1572052401746725 0.052884615384615384
0 0.537117903930131 0.2548076923076923 0.18340611353711792 0.06971153846153846
0 0.5502183406113537 0.31490384615384615 0.18340611353711792 0.06009615384615385
0 0.5633187772925764 0.36538461538461536 0.19213973799126638 0.057692307692307696
0 0.5851528384279476 0.4182692307692308 0.18777292576419213 0.0625
0 0.611353711790393 0.46875 0.2052401746724891 0.06009615384615385
0 0.62882096069869 0.5216346153846154 0.2052401746724891 0.0625
0 0.62882096069869 0.5769230769230769 0.2183406113537118 0.06009615384615385
0 0.6244541484716157 0.6322115384615384 0.21397379912663755 0.06971153846153846
0 0.5982532751091703 0.6971153846153846 0.2314410480349345 0.07211538461538461
0 0.5676855895196506 0.7644230769230769 0.2445414847161572 0.07692307692307693
0 0.537117903930131 0.8413461538461539 0.23580786026200873 0.07211538461538461