0 0.34934497816593885 0.7043269230769231 0.4497816593886463 0.0889423076923077
0 0.36681222707423583 0.6322115384615384 0.4104803493449782 0.08653846153846154
0 0.4148471615720524 0.5649038461538461 0.39737991266375544 0.08173076923076923
0 0.47161572052401746 0.5 0.36681222707423583 0.06490384615384616
0 0.5152838427947598 0.4423076923076923 0.35807860262008734 0.0625
0 0.537117903930131 0.3894230769230769 0.33624454148471616 0.06971153846153846
0 0.5720524017467249 0.34375 0.34497816593886466 0.06971153846153846
0 0.5807860262008734 0.2956730769230769 0.3231441048034934 0.055288461538461536
0 0.5982532751091703 0.25961538461538464 0.34934497816593885 0.06009615384615385
0 0.6026200873362445 0.19951923076923078 0.3537117903930131 0.07211538461538461
0 0.5938864628820961 0.14423076923076922 0.34497816593886466 0.040865384615384616
0 0.62882096069869 0.11057692307692307 0.36681222707423583 0.040865384615384616
0 0.6419213973799127 0.08173076923076923 0.34934497816593885 0.05048076923076923
0 0.6375545851528385 0.040865384615384616 0.36681222707423583 0.052884615384615384
0 0.37117903930131 0.8004807692307693 0.4978165938864629 0.08653846153846154