0 0.5152838427947598 0.03125 0.21397379912663755 0.04807692307692308
0 0.5414847161572053 0.0673076923076923 0.2096069868995633 0.04807692307692308
0 0.5545851528384279 0.11057692307692307 0.2096069868995633 0.055288461538461536
0 0.5589519650655022 0.15144230769230768 0.2096069868995633 0.05048076923076923
0 0.5458515283842795 0.20192307692307693 0.2096069868995633 0.06009615384615385
0 0.519650655021834 0.25 0.22707423580786026 0.0625
0 0.4759825327510917 0.2980769230769231 0.2183406113537118 0.0625
0 0.43231441048034935 0.34615384615384615 0.24017467248908297 0.06009615384615385
0 0.4148471615720524 0.39903846153846156 0.22270742358078602 0.06009615384615385
0 0.4366812227074236 0.4543269230769231 0.2576419213973799 0.06490384615384616
0 0.5065502183406113 0.5120192307692307 0.24017467248908297 0.07211538461538461
0 0.5807860262008734 0.5673076923076923 0.24017467248908297 0.07451923076923077
0 0.6462882096069869 0.6225961538461539 0.2663755458515284 0.07211538461538461
0 0.6724890829694323 0.6923076923076923 0.27510917030567683 0.08413461538461539
0 0.6419213973799127 0.7644230769230769 0.29694323144104806 0.07692307692307693
0 0.5633187772925764 0.8317307692307693 0.30131004366812225 0.08653846153846154
0 0.49344978165938863 0.8942307692307693 0.3318777292576419 0.08653846153846154