0 0.4497816593886463 0.12259615384615384 0.1703056768558952 0.04326923076923077
0 0.4497816593886463 0.17307692307692307 0.1703056768558952 0.04326923076923077
0 0.4366812227074236 0.21394230769230768 0.19213973799126638 0.040865384615384616
0 0.4104803493449782 0.2644230769230769 0.18777292576419213 0.04326923076923077
0 0.37554585152838427 0.3076923076923077 0.1965065502183406 0.04807692307692308
0 0.3537117903930131 0.35336538461538464 0.1703056768558952 0.055288461538461536
0 0.32751091703056767 0.39903846153846156 0.19213973799126638 0.04807692307692308
0 0.32751091703056767 0.4495192307692308 0.19213973799126638 0.055288461538461536
0 0.3318777292576419 0.5048076923076923 0.24890829694323144 0.04807692307692308
0 0.3318777292576419 0.5504807692307693 0.22707423580786026 0.05048076923076923
0 0.3624454148471616 0.6105769230769231 0.2314410480349345 0.055288461538461536
0 0.4104803493449782 0.6730769230769231 0.21397379912663755 0.06009615384615385
0 0.45414847161572053 0.7475961538461539 0.2183406113537118 0.0625
0 0.4978165938864629 0.8100961538461539 0.23580786026200873 0.055288461538461536
0 0.5283842794759825 0.8701923076923077 0.2096069868995633 0.057692307692307696
0 0.5502183406113537 0.9399038461538461 0.22270742358078602 0.0625