0 0.5982532751091703 0.052884615384615384 0.17903930131004367 0.038461538461538464
0 0.5982532751091703 0.08173076923076923 0.1703056768558952 0.04567307692307692
0 0.5895196506550219 0.125 0.17467248908296942 0.05048076923076923
0 0.5807860262008734 0.17067307692307693 0.1615720524017467 0.04807692307692308
0 0.5633187772925764 0.2091346153846154 0.1615720524017467 0.04807692307692308
0 0.5109170305676856 0.24278846153846154 0.17903930131004367 0.06009615384615385
0 0.45414847161572053 0.28365384615384615 0.16593886462882096 0.0625
0 0.40611353711790393 0.3293269230769231 0.19213973799126638 0.0673076923076923
0 0.3799126637554585 0.37259615384615385 0.1965065502183406 0.06490384615384616
0 0.38427947598253276 0.42788461538461536 0.2052401746724891 0.06009615384615385
0 0.40611353711790393 0.47596153846153844 0.21397379912663755 0.057692307692307696
0 0.4410480349344978 0.53125 0.2096069868995633 0.0673076923076923
0 0.48034934497816595 0.5913461538461539 0.24017467248908297 0.07211538461538461
0 0.5240174672489083 0.6466346153846154 0.2314410480349345 0.07451923076923077
0 0.5545851528384279 0.7211538461538461 0.25327510917030566 0.07211538461538461
0 0.5633187772925764 0.7908653846153846 0.24017467248908297 0.07451923076923077
0 0.5633187772925764 0.8605769230769231 0.24017467248908297 0.07692307692307693
0 0.5458515283842795 0.9254807692307693 0.27074235807860264 0.08173076923076923