0 0.39737991266375544 0.7668269230769231 0.33624454148471616 0.06971153846153846
0 0.37554585152838427 0.6971153846153846 0.2925764192139738 0.06490384615384616
0 0.4148471615720524 0.6346153846153846 0.2838427947598253 0.0673076923076923
0 0.47161572052401746 0.5793269230769231 0.2794759825327511 0.06490384615384616
0 0.5021834061135371 0.5240384615384616 0.26200873362445415 0.06490384615384616
0 0.537117903930131 0.47115384615384615 0.27510917030567683 0.057692307692307696
0 0.5545851528384279 0.4182692307692308 0.29694323144104806 0.055288461538461536
0 0.5502183406113537 0.3629807692307692 0.29694323144104806 0.0625
0 0.537117903930131 0.31490384615384615 0.2838427947598253 0.055288461538461536
0 0.519650655021834 0.2644230769230769 0.22270742358078602 0.052884615384615384
0 0.519650655021834 0.21394230769230768 0.22707423580786026 0.04567307692307692
0 0.5109170305676856 0.17067307692307693 0.19213973799126638 0.04326923076923077
0 0.5152838427947598 0.12980769230769232 0.2096069868995633 0.04807692307692308
0 0.5109170305676856 0.09134615384615384 0.21397379912663755 0.04567307692307692
0 0.519650655021834 0.052884615384615384 0.18777292576419213 0.04326923076923077