0 0.6200873362445415 0.0625 0.2183406113537118 0.04807692307692308
0 0.611353711790393 0.10817307692307693 0.21397379912663755 0.04807692307692308
0 0.5982532751091703 0.15865384615384615 0.2445414847161572 0.052884615384615384
0 0.519650655021834 0.19951923076923078 0.24890829694323144 0.06009615384615385
0 0.4192139737991266 0.24759615384615385 0.20087336244541484 0.06009615384615385
0 0.35807860262008734 0.2932692307692308 0.22707423580786026 0.057692307692307696
0 0.32751091703056767 0.3389423076923077 0.25327510917030566 0.0625
0 0.35807860262008734 0.39663461538461536 0.29694323144104806 0.07211538461538461
0 0.38427947598253276 0.4543269230769231 0.31004366812227074 0.07692307692307693
0 0.44541484716157204 0.5048076923076923 0.314410480349345 0.07211538461538461
0 0.5240174672489083 0.5697115384615384 0.3406113537117904 0.07211538461538461
0 0.6026200873362445 0.6274038461538461 0.37117903930131 0.07692307692307693
0 0.6244541484716157 0.6923076923076923 0.3624454148471616 0.09375
0 0.5764192139737991 0.7620192307692307 0.3930131004366812 0.08413461538461539
0 0.4978165938864629 0.8269230769230769 0.38427947598253276 0.0985576923076923
0 0.39737991266375544 0.8942307692307693 0.40611353711790393 0.0985576923076923