0 0.5109170305676856 0.03125 0.31877729257641924 0.04567307692307692
0 0.519650655021834 0.0673076923076923 0.2838427947598253 0.05048076923076923
0 0.5109170305676856 0.10576923076923077 0.2663755458515284 0.04807692307692308
0 0.4890829694323144 0.14423076923076922 0.26200873362445415 0.057692307692307696
0 0.47161572052401746 0.19471153846153846 0.2445414847161572 0.0625
0 0.43231441048034935 0.2403846153846154 0.24890829694323144 0.0673076923076923
0 0.4017467248908297 0.2956730769230769 0.27074235807860264 0.06009615384615385
0 0.3799126637554585 0.34615384615384615 0.28820960698689957 0.06490384615384616
0 0.388646288209607 0.3918269230769231 0.314410480349345 0.06490384615384616
0 0.42358078602620086 0.4567307692307692 0.32751091703056767 0.08173076923076923
0 0.4890829694323144 0.5096153846153846 0.31877729257641924 0.08173076923076923
0 0.5720524017467249 0.5697115384615384 0.31877729257641924 0.07451923076923077
0 0.6375545851528385 0.6322115384615384 0.31877729257641924 0.0673076923076923
0 0.6419213973799127 0.6923076923076923 0.31004366812227074 0.06490384615384616
0 0.6419213973799127 0.7475961538461539 0.31004366812227074 0.06971153846153846
0 0.6244541484716157 0.8125 0.34934497816593885 0.08653846153846154
0 0.5720524017467249 0.875 0.40611353711790393 0.0889423076923077