0 0.537117903930131 0.04326923076923077 0.3537117903930131 0.05048076923076923
0 0.5545851528384279 0.08653846153846154 0.34497816593886466 0.055288461538461536
0 0.5502183406113537 0.12740384615384615 0.34497816593886466 0.052884615384615384
0 0.537117903930131 0.17307692307692307 0.314410480349345 0.0673076923076923
0 0.4978165938864629 0.22355769230769232 0.29694323144104806 0.057692307692307696
0 0.462882096069869 0.2668269230769231 0.33624454148471616 0.06009615384615385
0 0.44541484716157204 0.31009615384615385 0.3231441048034934 0.0625
0 0.49344978165938863 0.3629807692307692 0.34934497816593885 0.06009615384615385
0 0.5327510917030568 0.41346153846153844 0.4192139737991266 0.057692307692307696
0 0.5545851528384279 0.4543269230769231 0.40611353711790393 0.0673076923076923
0 0.6069868995633187 0.5168269230769231 0.3930131004366812 0.07451923076923077
0 0.6331877729257642 0.5817307692307693 0.4148471615720524 0.0673076923076923
0 0.6419213973799127 0.6322115384615384 0.4192139737991266 0.07211538461538461
0 0.5807860262008734 0.6923076923076923 0.4148471615720524 0.07932692307692307
0 0.5283842794759825 0.7572115384615384 0.4104803493449782 0.08173076923076923
0 0.4497816593886463 0.8245192307692307 0.4410480349344978 0.0889423076923077
0 0.42358078602620086 0.9038461538461539 0.519650655021834 0.09375