0 0.49344978165938863 0.6514423076923077 0.2183406113537118 0.0889423076923077
0 0.5895196506550219 0.7163461538461539 0.2445414847161572 0.07932692307692307
0 0.6244541484716157 0.7908653846153846 0.31877729257641924 0.055288461538461536
0 0.34934497816593885 0.6009615384615384 0.2096069868995633 0.10336538461538461
0 0.23580786026200873 0.5504807692307693 0.2183406113537118 0.07211538461538461
0 0.20087336244541484 0.4879807692307692 0.2576419213973799 0.06971153846153846
0 0.2052401746724891 0.41586538461538464 0.24890829694323144 0.08173076923076923
0 0.26200873362445415 0.3701923076923077 0.18777292576419213 0.07932692307692307
0 0.3406113537117904 0.3245192307692308 0.1615720524017467 0.09375
0 0.4366812227074236 0.2932692307692308 0.1703056768558952 0.07211538461538461
0 0.5109170305676856 0.25 0.20087336244541484 0.0673076923076923
0 0.5414847161572053 0.19471153846153846 0.16593886462882096 0.05048076923076923
0 0.5283842794759825 0.15384615384615385 0.1703056768558952 0.04567307692307692
0 0.6157205240174672 0.8485576923076923 0.28820960698689957 0.05048076923076923
0 0.4847161572052402 0.10817307692307693 0.13973799126637554 0.04326923076923077