0 0.5458515283842795 0.8389423076923077 0.31004366812227074 0.06971153846153846
0 0.5895196506550219 0.7716346153846154 0.2445414847161572 0.057692307692307696
0 0.611353711790393 0.6995192307692307 0.2576419213973799 0.0625
0 0.6200873362445415 0.6274038461538461 0.30131004366812225 0.07451923076923077
0 0.537117903930131 0.5649038461538461 0.2838427947598253 0.08653846153846154
0 0.4410480349344978 0.5144230769230769 0.24017467248908297 0.07451923076923077
0 0.3624454148471616 0.46153846153846156 0.24017467248908297 0.07692307692307693
0 0.2838427947598253 0.4014423076923077 0.2445414847161572 0.06490384615384616
0 0.24017467248908297 0.35336538461538464 0.2314410480349345 0.0673076923076923
0 0.2314410480349345 0.31009615384615385 0.22270742358078602 0.0625
0 0.2576419213973799 0.25721153846153844 0.22707423580786026 0.06009615384615385
0 0.314410480349345 0.23557692307692307 0.24017467248908297 0.0625
0 0.35807860262008734 0.18269230769230768 0.18777292576419213 0.07211538461538461
0 0.4585152838427948 0.16826923076923078 0.19213973799126638 0.057692307692307696
0 0.4672489082969432 0.10576923076923077 0.21397379912663755 0.057692307692307696