0 0.519650655021834 0.12980769230769232 0.15283842794759825 0.04567307692307692
0 0.5109170305676856 0.1658653846153846 0.13973799126637554 0.04326923076923077
0 0.4978165938864629 0.20673076923076922 0.14410480349344978 0.057692307692307696
0 0.4890829694323144 0.25 0.1703056768558952 0.05048076923076923
0 0.4759825327510917 0.2980769230769231 0.1615720524017467 0.057692307692307696
0 0.462882096069869 0.34375 0.1615720524017467 0.055288461538461536
0 0.4672489082969432 0.3942307692307692 0.1615720524017467 0.06009615384615385
0 0.47161572052401746 0.43990384615384615 0.17467248908296942 0.0625
0 0.4890829694323144 0.49278846153846156 0.17903930131004367 0.055288461538461536
0 0.5109170305676856 0.5456730769230769 0.17467248908296942 0.057692307692307696
0 0.5152838427947598 0.6009615384615384 0.19213973799126638 0.06490384615384616
0 0.5021834061135371 0.6610576923076923 0.18777292576419213 0.07211538461538461
0 0.4672489082969432 0.71875 0.18777292576419213 0.07451923076923077
0 0.4148471615720524 0.7788461538461539 0.1965065502183406 0.07451923076923077
0 0.37554585152838427 0.8509615384615384 0.20087336244541484 0.07211538461538461