0 0.5414847161572053 0.055288461538461536 0.2183406113537118 0.05048076923076923
0 0.5676855895196506 0.09375 0.21397379912663755 0.04807692307692308
0 0.5676855895196506 0.12980769230769232 0.2183406113537118 0.052884615384615384
0 0.5240174672489083 0.18269230769230768 0.2183406113537118 0.0673076923076923
0 0.4890829694323144 0.22596153846153846 0.2925764192139738 0.07211538461538461
0 0.4366812227074236 0.27403846153846156 0.314410480349345 0.07211538461538461
0 0.388646288209607 0.3245192307692308 0.28820960698689957 0.0625
0 0.37554585152838427 0.37259615384615385 0.3056768558951965 0.06490384615384616
0 0.37117903930131 0.4326923076923077 0.2925764192139738 0.07692307692307693
0 0.3799126637554585 0.49759615384615385 0.26200873362445415 0.07211538461538461
0 0.4148471615720524 0.5528846153846154 0.2925764192139738 0.07692307692307693
0 0.4585152838427948 0.6153846153846154 0.29694323144104806 0.09134615384615384
0 0.519650655021834 0.6802884615384616 0.2794759825327511 0.0889423076923077
0 0.5633187772925764 0.7524038461538461 0.30131004366812225 0.08653846153846154
0 0.5807860262008734 0.8269230769230769 0.31877729257641924 0.07932692307692307
0 0.5807860262008734 0.8990384615384616 0.33624454148471616 0.07692307692307693