0 0.5240174672489083 0.021634615384615384 0.17903930131004367 0.036057692307692304
0 0.519650655021834 0.05048076923076923 0.17903930131004367 0.03365384615384615
0 0.5109170305676856 0.08413461538461539 0.16593886462882096 0.04567307692307692
0 0.5065502183406113 0.12980769230769232 0.17467248908296942 0.05048076923076923
0 0.5021834061135371 0.16826923076923078 0.1572052401746725 0.04567307692307692
0 0.4978165938864629 0.21153846153846154 0.1615720524017467 0.04807692307692308
0 0.4978165938864629 0.25721153846153844 0.1615720524017467 0.04807692307692308
0 0.4978165938864629 0.30288461538461536 0.17903930131004367 0.04807692307692308
0 0.5152838427947598 0.35096153846153844 0.17903930131004367 0.05048076923076923
0 0.537117903930131 0.39663461538461536 0.2052401746724891 0.04807692307692308
0 0.5851528384279476 0.44471153846153844 0.2183406113537118 0.057692307692307696
0 0.6331877729257642 0.4951923076923077 0.22707423580786026 0.055288461538461536
0 0.6550218340611353 0.5552884615384616 0.22270742358078602 0.06009615384615385
0 0.6637554585152838 0.6105769230769231 0.22707423580786026 0.06971153846153846
0 0.62882096069869 0.6658653846153846 0.2314410480349345 0.07692307692307693
0 0.5720524017467249 0.7235576923076923 0.23580786026200873 0.07692307692307693
0 0.5065502183406113 0.7836538461538461 0.27074235807860264 0.07692307692307693
0 0.462882096069869 0.84375 0.28820960698689957 0.08173076923076923
0 0.45414847161572053 0.9206730769230769 0.2925764192139738 0.09134615384615384