0 0.6943231441048034 0.8966346153846154 0.34497816593886466 0.08653846153846154
0 0.6375545851528385 0.8173076923076923 0.3406113537117904 0.0985576923076923
0 0.5414847161572053 0.75 0.2925764192139738 0.12259615384615384
0 0.4279475982532751 0.6923076923076923 0.27510917030567683 0.12259615384615384
0 0.29694323144104806 0.6346153846153846 0.2794759825327511 0.09134615384615384
0 0.19213973799126638 0.43028846153846156 0.24890829694323144 0.0673076923076923
0 0.1965065502183406 0.49759615384615385 0.27510917030567683 0.0673076923076923
0 0.2314410480349345 0.5697115384615384 0.314410480349345 0.07692307692307693
0 0.2096069868995633 0.375 0.24890829694323144 0.07451923076923077
0 0.2314410480349345 0.32211538461538464 0.24890829694323144 0.07932692307692307
0 0.2576419213973799 0.27403846153846156 0.2314410480349345 0.08173076923076923
0 0.314410480349345 0.23076923076923078 0.20087336244541484 0.06971153846153846
0 0.36681222707423583 0.19471153846153846 0.1703056768558952 0.057692307692307696
0 0.6069868995633187 0.0889423076923077 0.2096069868995633 0.05048076923076923
0 0.537117903930131 0.12740384615384615 0.21397379912663755 0.05048076923076923
0 0.47161572052401746 0.15384615384615385 0.17903930131004367 0.0625