0 0.5327510917030568 0.14903846153846154 0.2052401746724891 0.057692307692307696
0 0.5109170305676856 0.1875 0.19213973799126638 0.06009615384615385
0 0.4672489082969432 0.23557692307692307 0.19213973799126638 0.06490384615384616
0 0.4104803493449782 0.28125 0.22270742358078602 0.07451923076923077
0 0.3624454148471616 0.31490384615384615 0.22707423580786026 0.07451923076923077
0 0.33624454148471616 0.35336538461538464 0.23580786026200873 0.07932692307692307
0 0.32751091703056767 0.40625 0.26200873362445415 0.0673076923076923
0 0.31877729257641924 0.4423076923076923 0.24017467248908297 0.0625
0 0.33624454148471616 0.49759615384615385 0.22707423580786026 0.07932692307692307
0 0.388646288209607 0.5528846153846154 0.25327510917030566 0.09375
0 0.4192139737991266 0.5913461538461539 0.24017467248908297 0.08653846153846154
0 0.5021834061135371 0.6586538461538461 0.2314410480349345 0.11778846153846154
0 0.5807860262008734 0.7115384615384616 0.22707423580786026 0.0985576923076923
0 0.6069868995633187 0.7860576923076923 0.2314410480349345 0.0889423076923077
0 0.6157205240174672 0.8725961538461539 0.24017467248908297 0.0889423076923077