0 0.5720524017467249 0.10576923076923077 0.2314410480349345 0.057692307692307696
0 0.5502183406113537 0.14182692307692307 0.19213973799126638 0.06009615384615385
0 0.4890829694323144 0.18028846153846154 0.2096069868995633 0.06971153846153846
0 0.4148471615720524 0.21153846153846154 0.23580786026200873 0.07692307692307693
0 0.31877729257641924 0.24759615384615385 0.2445414847161572 0.09615384615384616
0 0.27074235807860264 0.28365384615384615 0.28820960698689957 0.08173076923076923
0 0.2576419213973799 0.3389423076923077 0.29694323144104806 0.0625
0 0.2576419213973799 0.3918269230769231 0.26200873362445415 0.07692307692307693
0 0.314410480349345 0.43990384615384615 0.24890829694323144 0.08653846153846154
0 0.3930131004366812 0.4951923076923077 0.2576419213973799 0.08653846153846154
0 0.45414847161572053 0.5480769230769231 0.26200873362445415 0.08173076923076923
0 0.4890829694323144 0.6009615384615384 0.2445414847161572 0.0889423076923077
0 0.5283842794759825 0.6658653846153846 0.2445414847161572 0.07932692307692307
0 0.5414847161572053 0.7379807692307693 0.2576419213973799 0.08173076923076923
0 0.5589519650655022 0.8125 0.2794759825327511 0.08413461538461539