0 0.4890829694323144 0.8581730769230769 0.3056768558951965 0.08173076923076923
0 0.5152838427947598 0.7884615384615384 0.2838427947598253 0.07932692307692307
0 0.5458515283842795 0.7235576923076923 0.30131004366812225 0.07451923076923077
0 0.5676855895196506 0.6514423076923077 0.29694323144104806 0.0625
0 0.5589519650655022 0.5889423076923077 0.2925764192139738 0.0625
0 0.5152838427947598 0.5288461538461539 0.26200873362445415 0.06971153846153846
0 0.49344978165938863 0.46875 0.24017467248908297 0.057692307692307696
0 0.4847161572052402 0.41346153846153844 0.2445414847161572 0.07451923076923077
0 0.5021834061135371 0.3605769230769231 0.25327510917030566 0.06009615384615385
0 0.5021834061135371 0.30288461538461536 0.22707423580786026 0.07451923076923077
0 0.5109170305676856 0.24278846153846154 0.22707423580786026 0.06009615384615385
0 0.5065502183406113 0.19471153846153846 0.1965065502183406 0.06009615384615385
0 0.519650655021834 0.14423076923076922 0.16593886462882096 0.06009615384615385
0 0.5283842794759825 0.10336538461538461 0.18777292576419213 0.05048076923076923
0 0.5109170305676856 0.0625 0.1703056768558952 0.036057692307692304