0 0.5633187772925764 0.9110576923076923 0.388646288209607 0.07451923076923077
0 0.6419213973799127 0.84375 0.34497816593886466 0.07932692307692307
0 0.7205240174672489 0.7740384615384616 0.33624454148471616 0.07932692307692307
0 0.7292576419213974 0.6947115384615384 0.31877729257641924 0.08173076923076923
0 0.6812227074235808 0.6346153846153846 0.29694323144104806 0.07932692307692307
0 0.5720524017467249 0.5649038461538461 0.32751091703056767 0.07692307692307693
0 0.42358078602620086 0.5120192307692307 0.31004366812227074 0.07932692307692307
0 0.30131004366812225 0.4519230769230769 0.3318777292576419 0.07692307692307693
0 0.22707423580786026 0.40625 0.30131004366812225 0.057692307692307696
0 0.2096069868995633 0.35096153846153844 0.2838427947598253 0.057692307692307696
0 0.18340611353711792 0.3004807692307692 0.24890829694323144 0.06009615384615385
0 0.2445414847161572 0.24519230769230768 0.29694323144104806 0.05048076923076923
0 0.37117903930131 0.19951923076923078 0.1965065502183406 0.05048076923076923
0 0.43231441048034935 0.15625 0.17467248908296942 0.05048076923076923
0 0.4497816593886463 0.10576923076923077 0.16593886462882096 0.04807692307692308
0 0.4759825327510917 0.07211538461538461 0.14410480349344978 0.04807692307692308