0 0.4148471615720524 0.8269230769230769 0.33624454148471616 0.07692307692307693
0 0.4890829694323144 0.7668269230769231 0.3231441048034934 0.07692307692307693
0 0.5895196506550219 0.7019230769230769 0.30131004366812225 0.07932692307692307
0 0.6244541484716157 0.6466346153846154 0.2838427947598253 0.07451923076923077
0 0.6069868995633187 0.5817307692307693 0.2838427947598253 0.0889423076923077
0 0.5720524017467249 0.5120192307692307 0.24890829694323144 0.0673076923076923
0 0.5065502183406113 0.45913461538461536 0.22270742358078602 0.06009615384615385
0 0.462882096069869 0.40625 0.22270742358078602 0.055288461538461536
0 0.42358078602620086 0.3629807692307692 0.20087336244541484 0.052884615384615384
0 0.42358078602620086 0.30528846153846156 0.22270742358078602 0.05048076923076923
0 0.4279475982532751 0.25721153846153844 0.1965065502183406 0.05048076923076923
0 0.4497816593886463 0.20432692307692307 0.20087336244541484 0.055288461538461536
0 0.4672489082969432 0.15865384615384615 0.1703056768558952 0.04567307692307692
0 0.4759825327510917 0.11778846153846154 0.19213973799126638 0.05048076923076923
0 0.5065502183406113 0.07932692307692307 0.15283842794759825 0.040865384615384616