0 0.5414847161572053 0.7884615384615384 0.27510917030567683 0.08653846153846154
0 0.5589519650655022 0.7115384615384616 0.2663755458515284 0.08173076923076923
0 0.5283842794759825 0.6442307692307693 0.23580786026200873 0.06009615384615385
0 0.4978165938864629 0.5769230769230769 0.21397379912663755 0.04807692307692308
0 0.44541484716157204 0.5288461538461539 0.2183406113537118 0.055288461538461536
0 0.40611353711790393 0.4735576923076923 0.2183406113537118 0.0673076923076923
0 0.388646288209607 0.4206730769230769 0.22270742358078602 0.057692307692307696
0 0.38427947598253276 0.375 0.2314410480349345 0.05048076923076923
0 0.4017467248908297 0.3245192307692308 0.1965065502183406 0.05048076923076923
0 0.4148471615720524 0.27403846153846156 0.21397379912663755 0.04807692307692308
0 0.44541484716157204 0.23557692307692307 0.19213973799126638 0.057692307692307696
0 0.4759825327510917 0.1875 0.17467248908296942 0.057692307692307696
0 0.5021834061135371 0.14423076923076922 0.17903930131004367 0.055288461538461536
0 0.5152838427947598 0.10336538461538461 0.17903930131004367 0.04567307692307692
0 0.5414847161572053 0.0625 0.17903930131004367 0.04807692307692308