0 0.5414847161572053 0.09615384615384616 0.20087336244541484 0.04807692307692308
0 0.5109170305676856 0.1466346153846154 0.19213973799126638 0.04807692307692308
0 0.4497816593886463 0.18990384615384615 0.23580786026200873 0.06490384615384616
0 0.36681222707423583 0.22115384615384615 0.22707423580786026 0.0625
0 0.3056768558951965 0.2548076923076923 0.21397379912663755 0.04567307692307692
0 0.28820960698689957 0.30528846153846156 0.2314410480349345 0.055288461538461536
0 0.2838427947598253 0.35096153846153844 0.2183406113537118 0.05048076923076923
0 0.314410480349345 0.40625 0.2445414847161572 0.04807692307692308
0 0.4017467248908297 0.4543269230769231 0.2096069868995633 0.0673076923076923
0 0.4847161572052402 0.5144230769230769 0.22707423580786026 0.057692307692307696
0 0.5109170305676856 0.5721153846153846 0.22707423580786026 0.07211538461538461
0 0.5283842794759825 0.6442307692307693 0.2794759825327511 0.07211538461538461
0 0.519650655021834 0.7091346153846154 0.24890829694323144 0.0673076923076923
0 0.47161572052401746 0.7788461538461539 0.27074235807860264 0.07932692307692307
0 0.4497816593886463 0.8461538461538461 0.2794759825327511 0.06971153846153846