0 0.5458515283842795 0.8197115384615384 0.314410480349345 0.08173076923076923
0 0.5982532751091703 0.7548076923076923 0.28820960698689957 0.07211538461538461
0 0.6375545851528385 0.6850961538461539 0.2794759825327511 0.06490384615384616
0 0.6375545851528385 0.6201923076923077 0.25327510917030566 0.05048076923076923
0 0.6026200873362445 0.5625 0.30131004366812225 0.07692307692307693
0 0.537117903930131 0.5048076923076923 0.33624454148471616 0.07211538461538461
0 0.5021834061135371 0.4543269230769231 0.2794759825327511 0.07451923076923077
0 0.45414847161572053 0.40625 0.2794759825327511 0.06971153846153846
0 0.42358078602620086 0.36778846153846156 0.28820960698689957 0.057692307692307696
0 0.42358078602620086 0.3269230769230769 0.3231441048034934 0.0625
0 0.4279475982532751 0.2764423076923077 0.3406113537117904 0.06009615384615385
0 0.4279475982532751 0.21634615384615385 0.30131004366812225 0.04567307692307692
0 0.4585152838427948 0.1778846153846154 0.27510917030567683 0.04326923076923077
0 0.4890829694323144 0.13221153846153846 0.24890829694323144 0.04807692307692308
0 0.5021834061135371 0.0889423076923077 0.2314410480349345 0.038461538461538464