0 0.5764192139737991 0.03365384615384615 0.2576419213973799 0.05048076923076923
0 0.5764192139737991 0.07451923076923077 0.24890829694323144 0.04567307692307692
0 0.5807860262008734 0.11778846153846154 0.24017467248908297 0.055288461538461536
0 0.5938864628820961 0.16346153846153846 0.22707423580786026 0.052884615384615384
0 0.5851528384279476 0.20673076923076922 0.22270742358078602 0.052884615384615384
0 0.5633187772925764 0.2548076923076923 0.22707423580786026 0.057692307692307696
0 0.5502183406113537 0.30528846153846156 0.24017467248908297 0.06490384615384616
0 0.5283842794759825 0.3581730769230769 0.29694323144104806 0.0673076923076923
0 0.5414847161572053 0.4014423076923077 0.3318777292576419 0.0673076923076923
0 0.5458515283842795 0.4543269230769231 0.30131004366812225 0.06490384615384616
0 0.5851528384279476 0.5144230769230769 0.3056768558951965 0.06971153846153846
0 0.6244541484716157 0.5745192307692307 0.314410480349345 0.0673076923076923
0 0.6550218340611353 0.6418269230769231 0.34934497816593885 0.08173076923076923
0 0.6506550218340611 0.7139423076923077 0.34497816593886466 0.08173076923076923
0 0.6026200873362445 0.7836538461538461 0.32751091703056767 0.08173076923076923
0 0.5152838427947598 0.8461538461538461 0.3318777292576419 0.08413461538461539
0 0.4279475982532751 0.9158653846153846 0.37554585152838427 0.08653846153846154