0 0.4672489082969432 0.04807692307692308 0.22707423580786026 0.04807692307692308
0 0.48034934497816595 0.09375 0.2183406113537118 0.05048076923076923
0 0.4847161572052402 0.13942307692307693 0.22270742358078602 0.052884615384615384
0 0.49344978165938863 0.18509615384615385 0.2096069868995633 0.052884615384615384
0 0.4978165938864629 0.2283653846153846 0.21397379912663755 0.05048076923076923
0 0.4890829694323144 0.2764423076923077 0.22707423580786026 0.06009615384615385
0 0.47161572052401746 0.3317307692307692 0.22707423580786026 0.06971153846153846
0 0.4672489082969432 0.3798076923076923 0.25327510917030566 0.0625
0 0.5109170305676856 0.43509615384615385 0.2576419213973799 0.06490384615384616
0 0.5807860262008734 0.4831730769230769 0.27510917030567683 0.06971153846153846
0 0.6462882096069869 0.5288461538461539 0.2576419213973799 0.0673076923076923
0 0.7292576419213974 0.5793269230769231 0.27074235807860264 0.07211538461538461
0 0.74235807860262 0.6370192307692307 0.24890829694323144 0.0673076923076923
0 0.6855895196506551 0.7043269230769231 0.27510917030567683 0.09134615384615384
0 0.5589519650655022 0.7644230769230769 0.30131004366812225 0.09375
0 0.44541484716157204 0.8245192307692307 0.33624454148471616 0.09375
0 0.3537117903930131 0.8870192307692307 0.3537117903930131 0.09615384615384616