0 0.5152838427947598 0.7331730769230769 0.22270742358078602 0.06490384615384616
0 0.5065502183406113 0.6610576923076923 0.22270742358078602 0.07211538461538461
0 0.4890829694323144 0.5817307692307693 0.22707423580786026 0.07692307692307693
0 0.4192139737991266 0.5120192307692307 0.20087336244541484 0.07211538461538461
0 0.3624454148471616 0.4519230769230769 0.17903930131004367 0.07692307692307693
0 0.31004366812227074 0.40865384615384615 0.18340611353711792 0.06009615384615385
0 0.27074235807860264 0.3605769230769231 0.2096069868995633 0.057692307692307696
0 0.23580786026200873 0.32211538461538464 0.16593886462882096 0.057692307692307696
0 0.2445414847161572 0.25721153846153844 0.2052401746724891 0.052884615384615384
0 0.27074235807860264 0.1971153846153846 0.20087336244541484 0.05048076923076923
0 0.5938864628820961 0.11298076923076923 0.2576419213973799 0.040865384615384616
0 0.5633187772925764 0.14182692307692307 0.29694323144104806 0.04326923076923077
0 0.5502183406113537 0.15865384615384615 0.2314410480349345 0.036057692307692304
0 0.35807860262008734 0.18028846153846154 0.18777292576419213 0.055288461538461536
0 0.4279475982532751 0.16346153846153846 0.19213973799126638 0.05048076923076923