0 0.5065502183406113 0.9086538461538461 0.4104803493449782 0.0889423076923077
0 0.537117903930131 0.8269230769230769 0.3537117903930131 0.07451923076923077
0 0.5502183406113537 0.7475961538461539 0.31004366812227074 0.07692307692307693
0 0.5414847161572053 0.6850961538461539 0.32751091703056767 0.055288461538461536
0 0.5502183406113537 0.6201923076923077 0.31004366812227074 0.07211538461538461
0 0.5502183406113537 0.3894230769230769 0.2663755458515284 0.06490384615384616
0 0.5545851528384279 0.4519230769230769 0.31004366812227074 0.06971153846153846
0 0.5327510917030568 0.33413461538461536 0.2576419213973799 0.0625
0 0.5240174672489083 0.2764423076923077 0.2445414847161572 0.06971153846153846
0 0.5109170305676856 0.22115384615384615 0.24890829694323144 0.0625
0 0.5021834061135371 0.16346153846153846 0.2445414847161572 0.07451923076923077
0 0.4978165938864629 0.10817307692307693 0.24017467248908297 0.04326923076923077
0 0.5021834061135371 0.07211538461538461 0.2445414847161572 0.036057692307692304
0 0.5065502183406113 0.04326923076923077 0.2663755458515284 0.03365384615384615
0 0.5414847161572053 0.5336538461538461 0.314410480349345 0.0889423076923077