0 0.5764192139737991 0.040865384615384616 0.22707423580786026 0.052884615384615384
0 0.5764192139737991 0.08173076923076923 0.23580786026200873 0.04326923076923077
0 0.5676855895196506 0.12740384615384615 0.22270742358078602 0.055288461538461536
0 0.5458515283842795 0.16826923076923078 0.23580786026200873 0.052884615384615384
0 0.519650655021834 0.20673076923076922 0.26200873362445415 0.06490384615384616
0 0.4847161572052402 0.25 0.24017467248908297 0.06971153846153846
0 0.45414847161572053 0.30288461538461536 0.25327510917030566 0.06490384615384616
0 0.44541484716157204 0.3557692307692308 0.26200873362445415 0.06490384615384616
0 0.4279475982532751 0.40625 0.2925764192139738 0.0625
0 0.4279475982532751 0.46153846153846156 0.28820960698689957 0.06490384615384616
0 0.4279475982532751 0.5216346153846154 0.30131004366812225 0.06971153846153846
0 0.44541484716157204 0.5793269230769231 0.31004366812227074 0.07211538461538461
0 0.4759825327510917 0.6442307692307693 0.33624454148471616 0.07932692307692307
0 0.5021834061135371 0.7163461538461539 0.32751091703056767 0.07451923076923077
0 0.5152838427947598 0.7932692307692307 0.34934497816593885 0.07932692307692307
0 0.5283842794759825 0.8629807692307693 0.3537117903930131 0.07451923076923077
0 0.5327510917030568 0.9254807692307693 0.3537117903930131 0.06009615384615385