0 0.44541484716157204 0.8533653846153846 0.31877729257641924 0.07211538461538461
0 0.4759825327510917 0.78125 0.30131004366812225 0.06009615384615385
0 0.537117903930131 0.71875 0.30131004366812225 0.0625
0 0.5502183406113537 0.65625 0.2838427947598253 0.055288461538461536
0 0.5327510917030568 0.5985576923076923 0.2838427947598253 0.0673076923076923
0 0.5065502183406113 0.5408653846153846 0.2663755458515284 0.057692307692307696
0 0.48034934497816595 0.4855769230769231 0.2445414847161572 0.0625
0 0.4410480349344978 0.43028846153846156 0.24017467248908297 0.055288461538461536
0 0.4017467248908297 0.375 0.2314410480349345 0.0625
0 0.39737991266375544 0.3269230769230769 0.24017467248908297 0.06490384615384616
0 0.4192139737991266 0.2764423076923077 0.2183406113537118 0.052884615384615384
0 0.48034934497816595 0.22115384615384615 0.22270742358078602 0.057692307692307696
0 0.47161572052401746 0.17307692307692307 0.1965065502183406 0.04567307692307692
0 0.4978165938864629 0.12980769230769232 0.21397379912663755 0.05048076923076923
0 0.4978165938864629 0.0889423076923077 0.21397379912663755 0.05048076923076923