0 0.4410480349344978 0.8269230769230769 0.30131004366812225 0.08413461538461539
0 0.4148471615720524 0.7596153846153846 0.2838427947598253 0.06490384615384616
0 0.40611353711790393 0.7115384615384616 0.2663755458515284 0.06490384615384616
0 0.4104803493449782 0.6394230769230769 0.2925764192139738 0.06971153846153846
0 0.42358078602620086 0.5625 0.2663755458515284 0.0625
0 0.42358078602620086 0.49278846153846156 0.2838427947598253 0.057692307692307696
0 0.4192139737991266 0.44711538461538464 0.27074235807860264 0.04567307692307692
0 0.4410480349344978 0.4014423076923077 0.2838427947598253 0.06490384615384616
0 0.4279475982532751 0.35096153846153844 0.26200873362445415 0.06009615384615385
0 0.4366812227074236 0.2980769230769231 0.2445414847161572 0.06490384615384616
0 0.4672489082969432 0.2548076923076923 0.21397379912663755 0.04807692307692308
0 0.5283842794759825 0.20673076923076922 0.19213973799126638 0.05048076923076923
0 0.5633187772925764 0.17067307692307693 0.21397379912663755 0.038461538461538464
0 0.5502183406113537 0.125 0.1965065502183406 0.038461538461538464
0 0.5109170305676856 0.08173076923076923 0.19213973799126638 0.055288461538461536
0 0.48034934497816595 0.040865384615384616 0.1965065502183406 0.04326923076923077