0 0.4890829694323144 0.8004807692307693 0.2576419213973799 0.04567307692307692
0 0.4672489082969432 0.7475961538461539 0.25327510917030566 0.04567307692307692
0 0.43231441048034935 0.6826923076923077 0.25327510917030566 0.06009615384615385
0 0.388646288209607 0.6153846153846154 0.2314410480349345 0.06009615384615385
0 0.3799126637554585 0.5576923076923077 0.2663755458515284 0.04567307692307692
0 0.37554585152838427 0.5072115384615384 0.25327510917030566 0.055288461538461536
0 0.388646288209607 0.4567307692307692 0.2314410480349345 0.052884615384615384
0 0.42358078602620086 0.4110576923076923 0.22270742358078602 0.057692307692307696
0 0.43231441048034935 0.3605769230769231 0.2183406113537118 0.057692307692307696
0 0.4497816593886463 0.3173076923076923 0.2052401746724891 0.052884615384615384
0 0.4759825327510917 0.27403846153846156 0.2183406113537118 0.057692307692307696
0 0.4890829694323144 0.2283653846153846 0.2052401746724891 0.04326923076923077
0 0.5152838427947598 0.18509615384615385 0.19213973799126638 0.06009615384615385
0 0.5109170305676856 0.14423076923076922 0.17467248908296942 0.04326923076923077
0 0.5109170305676856 0.10096153846153846 0.17467248908296942 0.040865384615384616