0 0.5021834061135371 0.038461538461538464 0.24890829694323144 0.04567307692307692
0 0.4978165938864629 0.07692307692307693 0.23580786026200873 0.06009615384615385
0 0.47161572052401746 0.11538461538461539 0.25327510917030566 0.04807692307692308
0 0.4497816593886463 0.15625 0.25327510917030566 0.057692307692307696
0 0.40611353711790393 0.19471153846153846 0.28820960698689957 0.0625
0 0.3406113537117904 0.25 0.2838427947598253 0.06490384615384616
0 0.31004366812227074 0.29086538461538464 0.29694323144104806 0.06009615384615385
0 0.30131004366812225 0.34375 0.2838427947598253 0.057692307692307696
0 0.314410480349345 0.3942307692307692 0.2838427947598253 0.057692307692307696
0 0.32751091703056767 0.44471153846153844 0.2838427947598253 0.07692307692307693
0 0.3799126637554585 0.5024038461538461 0.32751091703056767 0.07692307692307693
0 0.4279475982532751 0.5576923076923077 0.34934497816593885 0.07932692307692307
0 0.5021834061135371 0.6177884615384616 0.36681222707423583 0.07932692307692307
0 0.5502183406113537 0.6826923076923077 0.3799126637554585 0.07451923076923077
0 0.5589519650655022 0.7572115384615384 0.3799126637554585 0.07692307692307693
0 0.537117903930131 0.8269230769230769 0.37117903930131 0.08653846153846154