0 0.5327510917030568 0.14903846153846154 0.19213973799126638 0.06490384615384616
0 0.5327510917030568 0.19230769230769232 0.2096069868995633 0.07451923076923077
0 0.4672489082969432 0.23317307692307693 0.21397379912663755 0.0889423076923077
0 0.4148471615720524 0.2620192307692308 0.23580786026200873 0.09375
0 0.3537117903930131 0.28365384615384615 0.22707423580786026 0.09375
0 0.27074235807860264 0.3076923076923077 0.2052401746724891 0.08413461538461539
0 0.25327510917030566 0.34375 0.23580786026200873 0.0673076923076923
0 0.2183406113537118 0.3942307692307692 0.22707423580786026 0.0673076923076923
0 0.22707423580786026 0.4495192307692308 0.2183406113537118 0.07692307692307693
0 0.27074235807860264 0.5120192307692307 0.25327510917030566 0.0625
0 0.31004366812227074 0.5769230769230769 0.2052401746724891 0.08413461538461539
0 0.39737991266375544 0.6322115384615384 0.22707423580786026 0.09375
0 0.4847161572052402 0.6899038461538461 0.23580786026200873 0.09615384615384616
0 0.5633187772925764 0.7548076923076923 0.2183406113537118 0.09375
0 0.5807860262008734 0.8317307692307693 0.23580786026200873 0.0985576923076923