0 0.6244541484716157 0.8004807692307693 0.21397379912663755 0.06971153846153846
0 0.6069868995633187 0.7331730769230769 0.20087336244541484 0.05048076923076923
0 0.5545851528384279 0.6730769230769231 0.2052401746724891 0.06490384615384616
0 0.49344978165938863 0.6129807692307693 0.20087336244541484 0.06971153846153846
0 0.4410480349344978 0.5552884615384616 0.21397379912663755 0.06490384615384616
0 0.4192139737991266 0.49038461538461536 0.20087336244541484 0.06009615384615385
0 0.40611353711790393 0.43990384615384615 0.2052401746724891 0.06009615384615385
0 0.4017467248908297 0.3942307692307692 0.17467248908296942 0.052884615384615384
0 0.4148471615720524 0.34615384615384615 0.19213973799126638 0.06009615384615385
0 0.43231441048034935 0.2980769230769231 0.17903930131004367 0.06971153846153846
0 0.462882096069869 0.25961538461538464 0.14847161572052403 0.055288461538461536
0 0.48034934497816595 0.2091346153846154 0.18340611353711792 0.0625
0 0.5021834061135371 0.17067307692307693 0.15283842794759825 0.055288461538461536
0 0.5109170305676856 0.125 0.1572052401746725 0.040865384615384616
0 0.5021834061135371 0.08173076923076923 0.17467248908296942 0.04567307692307692
0 0.6026200873362445 0.875 0.26200873362445415 0.0673076923076923