0 0.5807860262008734 0.11298076923076923 0.22707423580786026 0.06971153846153846
0 0.537117903930131 0.1466346153846154 0.2794759825327511 0.0625
0 0.5065502183406113 0.1875 0.3056768558951965 0.0673076923076923
0 0.4847161572052402 0.24278846153846154 0.314410480349345 0.07211538461538461
0 0.48034934497816595 0.3004807692307692 0.2925764192139738 0.07451923076923077
0 0.5021834061135371 0.3581730769230769 0.2445414847161572 0.06971153846153846
0 0.5414847161572053 0.4182692307692308 0.25327510917030566 0.08173076923076923
0 0.611353711790393 0.4735576923076923 0.27510917030567683 0.0889423076923077
0 0.6812227074235808 0.5504807692307693 0.27074235807860264 0.08413461538461539
0 0.7467248908296943 0.6009615384615384 0.2925764192139738 0.08173076923076923
0 0.7467248908296943 0.6634615384615384 0.33624454148471616 0.07692307692307693
0 0.6812227074235808 0.7307692307692307 0.29694323144104806 0.09375
0 0.5895196506550219 0.7860576923076923 0.29694323144104806 0.09375
0 0.45414847161572053 0.84375 0.3231441048034934 0.10576923076923077
0 0.38427947598253276 0.8894230769230769 0.31877729257641924 0.08173076923076923