0 0.5851528384279476 0.8461538461538461 0.24017467248908297 0.057692307692307696
0 0.5938864628820961 0.7740384615384616 0.2445414847161572 0.07451923076923077
0 0.5807860262008734 0.7019230769230769 0.2052401746724891 0.0625
0 0.4978165938864629 0.6298076923076923 0.23580786026200873 0.06971153846153846
0 0.42358078602620086 0.5793269230769231 0.24890829694323144 0.06009615384615385
0 0.33624454148471616 0.5216346153846154 0.2052401746724891 0.07451923076923077
0 0.26200873362445415 0.4639423076923077 0.2096069868995633 0.07932692307692307
0 0.21397379912663755 0.41586538461538464 0.21397379912663755 0.055288461538461536
0 0.2052401746724891 0.3605769230769231 0.22707423580786026 0.06009615384615385
0 0.18340611353711792 0.3076923076923077 0.2052401746724891 0.057692307692307696
0 0.24017467248908297 0.25721153846153844 0.2052401746724891 0.04807692307692308
0 0.29694323144104806 0.2091346153846154 0.17903930131004367 0.06009615384615385
0 0.34497816593886466 0.1658653846153846 0.1965065502183406 0.0625
0 0.38427947598253276 0.11538461538461539 0.17903930131004367 0.04567307692307692
0 0.4366812227074236 0.07211538461538461 0.1703056768558952 0.05048076923076923
0 0.4759825327510917 0.038461538461538464 0.16593886462882096 0.04567307692307692
0 0.5589519650655022 0.9158653846153846 0.26200873362445415 0.0625