0 0.5065502183406113 0.07451923076923077 0.2445414847161572 0.04807692307692308
0 0.5021834061135371 0.11298076923076923 0.2314410480349345 0.05048076923076923
0 0.5152838427947598 0.15625 0.21397379912663755 0.04807692307692308
0 0.5109170305676856 0.20192307692307693 0.22707423580786026 0.055288461538461536
0 0.4978165938864629 0.25240384615384615 0.24017467248908297 0.0673076923076923
0 0.4978165938864629 0.30528846153846156 0.24017467248908297 0.0625
0 0.4978165938864629 0.3581730769230769 0.24890829694323144 0.057692307692307696
0 0.4890829694323144 0.4110576923076923 0.25327510917030566 0.06490384615384616
0 0.5021834061135371 0.4639423076923077 0.2925764192139738 0.0673076923076923
0 0.48034934497816595 0.5288461538461539 0.3056768558951965 0.07932692307692307
0 0.48034934497816595 0.5985576923076923 0.3056768558951965 0.06490384615384616
0 0.4759825327510917 0.6514423076923077 0.2925764192139738 0.0673076923076923
0 0.4759825327510917 0.71875 0.30131004366812225 0.06971153846153846
0 0.48034934497816595 0.78125 0.31877729257641924 0.07211538461538461
0 0.4759825327510917 0.8461538461538461 0.314410480349345 0.07451923076923077
0 0.4847161572052402 0.9230769230769231 0.31877729257641924 0.07932692307692307