0 0.49344978165938863 0.8701923076923077 0.3406113537117904 0.07211538461538461
0 0.5021834061135371 0.7956730769230769 0.31877729257641924 0.057692307692307696
0 0.5021834061135371 0.7283653846153846 0.2794759825327511 0.07211538461538461
0 0.5021834061135371 0.6586538461538461 0.314410480349345 0.06490384615384616
0 0.4847161572052402 0.5865384615384616 0.314410480349345 0.07692307692307693
0 0.4672489082969432 0.5240384615384616 0.27510917030567683 0.0673076923076923
0 0.462882096069869 0.46634615384615385 0.28820960698689957 0.06009615384615385
0 0.4279475982532751 0.40625 0.25327510917030566 0.05048076923076923
0 0.4104803493449782 0.36538461538461536 0.2925764192139738 0.04567307692307692
0 0.43231441048034935 0.31490384615384615 0.28820960698689957 0.04567307692307692
0 0.4585152838427948 0.2668269230769231 0.2445414847161572 0.052884615384615384
0 0.4978165938864629 0.22596153846153846 0.2663755458515284 0.057692307692307696
0 0.5021834061135371 0.17307692307692307 0.22707423580786026 0.057692307692307696
0 0.537117903930131 0.12740384615384615 0.22270742358078602 0.06009615384615385
0 0.537117903930131 0.07932692307692307 0.21397379912663755 0.04807692307692308