0 0.537117903930131 0.8173076923076923 0.25327510917030566 0.0673076923076923
0 0.519650655021834 0.7572115384615384 0.2314410480349345 0.055288461538461536
0 0.48034934497816595 0.6947115384615384 0.22270742358078602 0.0625
0 0.4497816593886463 0.6370192307692307 0.2314410480349345 0.055288461538461536
0 0.4279475982532751 0.5721153846153846 0.2052401746724891 0.0625
0 0.4279475982532751 0.5096153846153846 0.2183406113537118 0.0625
0 0.43231441048034935 0.4495192307692308 0.2183406113537118 0.06009615384615385
0 0.4410480349344978 0.3942307692307692 0.2183406113537118 0.0625
0 0.45414847161572053 0.3389423076923077 0.1965065502183406 0.055288461538461536
0 0.4497816593886463 0.29086538461538464 0.20087336244541484 0.057692307692307696
0 0.4410480349344978 0.23557692307692307 0.18777292576419213 0.04807692307692308
0 0.43231441048034935 0.18509615384615385 0.17903930131004367 0.04567307692307692
0 0.42358078602620086 0.14182692307692307 0.1703056768558952 0.04326923076923077
0 0.4148471615720524 0.10576923076923077 0.17467248908296942 0.04567307692307692
0 0.3930131004366812 0.0625 0.13537117903930132 0.03125