0 0.5676855895196506 0.11538461538461539 0.2052401746724891 0.06009615384615385
0 0.5502183406113537 0.16105769230769232 0.22270742358078602 0.07932692307692307
0 0.4978165938864629 0.21394230769230768 0.2314410480349345 0.07451923076923077
0 0.44541484716157204 0.25721153846153844 0.24890829694323144 0.07932692307692307
0 0.37117903930131 0.30288461538461536 0.23580786026200873 0.06971153846153846
0 0.34497816593886466 0.35336538461538464 0.24890829694323144 0.0673076923076923
0 0.34497816593886466 0.40384615384615385 0.27074235807860264 0.07692307692307693
0 0.36681222707423583 0.46634615384615385 0.24890829694323144 0.08653846153846154
0 0.4148471615720524 0.5216346153846154 0.2663755458515284 0.08413461538461539
0 0.5065502183406113 0.5745192307692307 0.2445414847161572 0.10576923076923077
0 0.5851528384279476 0.6394230769230769 0.28820960698689957 0.07932692307692307
0 0.5807860262008734 0.6947115384615384 0.32751091703056767 0.09375
0 0.5676855895196506 0.7644230769230769 0.3537117903930131 0.09375
0 0.4978165938864629 0.8317307692307693 0.34497816593886466 0.10817307692307693
0 0.40611353711790393 0.9038461538461539 0.388646288209607 0.10817307692307693