0 0.47161572052401746 0.11298076923076923 0.18777292576419213 0.06009615384615385
0 0.47161572052401746 0.16105769230769232 0.1965065502183406 0.057692307692307696
0 0.4672489082969432 0.2091346153846154 0.22707423580786026 0.06490384615384616
0 0.4672489082969432 0.25721153846153844 0.2314410480349345 0.0673076923076923
0 0.462882096069869 0.31009615384615385 0.2314410480349345 0.06490384615384616
0 0.4672489082969432 0.36778846153846156 0.2096069868995633 0.0673076923076923
0 0.4672489082969432 0.4182692307692308 0.2052401746724891 0.06009615384615385
0 0.47161572052401746 0.46875 0.20087336244541484 0.0673076923076923
0 0.4759825327510917 0.5264423076923077 0.2096069868995633 0.06490384615384616
0 0.4759825327510917 0.5817307692307693 0.2052401746724891 0.0673076923076923
0 0.4890829694323144 0.6394230769230769 0.2314410480349345 0.06971153846153846
0 0.4847161572052402 0.7043269230769231 0.2445414847161572 0.07451923076923077
0 0.48034934497816595 0.7668269230769231 0.2445414847161572 0.07211538461538461
0 0.47161572052401746 0.8293269230769231 0.24890829694323144 0.06490384615384616
0 0.4585152838427948 0.8846153846153846 0.2576419213973799 0.07211538461538461