0 0.6026200873362445 0.8173076923076923 0.2838427947598253 0.09375
0 0.5502183406113537 0.75 0.2663755458515284 0.07692307692307693
0 0.4847161572052402 0.6995192307692307 0.2794759825327511 0.052884615384615384
0 0.462882096069869 0.6394230769230769 0.2838427947598253 0.0673076923076923
0 0.4672489082969432 0.5841346153846154 0.31877729257641924 0.0625
0 0.5283842794759825 0.5288461538461539 0.2838427947598253 0.06971153846153846
0 0.5545851528384279 0.47596153846153844 0.22707423580786026 0.0625
0 0.5764192139737991 0.41586538461538464 0.2314410480349345 0.06009615384615385
0 0.5720524017467249 0.36538461538461536 0.2052401746724891 0.06009615384615385
0 0.5545851528384279 0.31490384615384615 0.19213973799126638 0.055288461538461536
0 0.5545851528384279 0.2692307692307692 0.17903930131004367 0.052884615384615384
0 0.5589519650655022 0.21634615384615385 0.1703056768558952 0.057692307692307696
0 0.5545851528384279 0.17067307692307693 0.1703056768558952 0.055288461538461536
0 0.5502183406113537 0.12259615384615384 0.1703056768558952 0.05048076923076923
0 0.5502183406113537 0.07692307692307693 0.1703056768558952 0.04807692307692308
0 0.7074235807860262 0.8870192307692307 0.38427947598253276 0.06971153846153846