0 0.5109170305676856 0.055288461538461536 0.24017467248908297 0.052884615384615384
0 0.5414847161572053 0.09375 0.2314410480349345 0.057692307692307696
0 0.5589519650655022 0.13942307692307693 0.24017467248908297 0.0625
0 0.5327510917030568 0.17307692307692307 0.22707423580786026 0.06490384615384616
0 0.519650655021834 0.21634615384615385 0.21397379912663755 0.06490384615384616
0 0.48034934497816595 0.2644230769230769 0.22270742358078602 0.0673076923076923
0 0.4497816593886463 0.31009615384615385 0.24017467248908297 0.0673076923076923
0 0.4366812227074236 0.3557692307692308 0.2314410480349345 0.057692307692307696
0 0.4410480349344978 0.40384615384615385 0.2663755458515284 0.0673076923076923
0 0.4497816593886463 0.4567307692307692 0.25327510917030566 0.0673076923076923
0 0.4585152838427948 0.5120192307692307 0.24890829694323144 0.0625
0 0.48034934497816595 0.5649038461538461 0.24890829694323144 0.0625
0 0.5021834061135371 0.6274038461538461 0.27074235807860264 0.07692307692307693
0 0.5021834061135371 0.6995192307692307 0.2663755458515284 0.0673076923076923
0 0.49344978165938863 0.7692307692307693 0.27074235807860264 0.07932692307692307
0 0.4759825327510917 0.8413461538461539 0.2794759825327511 0.07932692307692307
0 0.4672489082969432 0.9086538461538461 0.31877729257641924 0.07211538461538461