0 0.5240174672489083 0.8870192307692307 0.30131004366812225 0.07211538461538461
0 0.537117903930131 0.8125 0.28820960698689957 0.0625
0 0.5676855895196506 0.7451923076923077 0.24017467248908297 0.0625
0 0.5502183406113537 0.6682692307692307 0.24017467248908297 0.06490384615384616
0 0.5109170305676856 0.6033653846153846 0.23580786026200873 0.06009615384615385
0 0.45414847161572053 0.5432692307692307 0.2663755458515284 0.06490384615384616
0 0.4148471615720524 0.4879807692307692 0.24890829694323144 0.06490384615384616
0 0.3799126637554585 0.43509615384615385 0.25327510917030566 0.06490384615384616
0 0.3318777292576419 0.3894230769230769 0.24890829694323144 0.057692307692307696
0 0.3537117903930131 0.33653846153846156 0.22707423580786026 0.06009615384615385
0 0.37554585152838427 0.2860576923076923 0.24017467248908297 0.052884615384615384
0 0.4148471615720524 0.24519230769230768 0.21397379912663755 0.04807692307692308
0 0.47161572052401746 0.20192307692307693 0.2576419213973799 0.04807692307692308
0 0.519650655021834 0.16826923076923078 0.23580786026200873 0.040865384615384616
0 0.5545851528384279 0.125 0.2314410480349345 0.052884615384615384