0 0.5938864628820961 0.8822115384615384 0.3799126637554585 0.055288461538461536
0 0.5545851528384279 0.8173076923076923 0.3406113537117904 0.06971153846153846
0 0.5152838427947598 0.75 0.35807860262008734 0.06009615384615385
0 0.5109170305676856 0.6826923076923077 0.3406113537117904 0.07692307692307693
0 0.5240174672489083 0.5961538461538461 0.3406113537117904 0.06490384615384616
0 0.5152838427947598 0.5336538461538461 0.31004366812227074 0.057692307692307696
0 0.5109170305676856 0.4807692307692308 0.27074235807860264 0.052884615384615384
0 0.5327510917030568 0.4206730769230769 0.2663755458515284 0.057692307692307696
0 0.5152838427947598 0.36538461538461536 0.27074235807860264 0.052884615384615384
0 0.5021834061135371 0.31971153846153844 0.25327510917030566 0.05048076923076923
0 0.5240174672489083 0.2692307692307692 0.2663755458515284 0.038461538461538464
0 0.5327510917030568 0.21634615384615385 0.23580786026200873 0.052884615384615384
0 0.5414847161572053 0.17307692307692307 0.2096069868995633 0.04807692307692308
0 0.5327510917030568 0.125 0.23580786026200873 0.04807692307692308
0 0.5545851528384279 0.08413461538461539 0.24017467248908297 0.04567307692307692