0 0.4672489082969432 0.040865384615384616 0.2576419213973799 0.040865384615384616
0 0.4978165938864629 0.07451923076923077 0.24017467248908297 0.040865384615384616
0 0.5327510917030568 0.11057692307692307 0.2576419213973799 0.04326923076923077
0 0.537117903930131 0.15384615384615385 0.2576419213973799 0.06490384615384616
0 0.5240174672489083 0.1971153846153846 0.26200873362445415 0.06009615384615385
0 0.5021834061135371 0.24519230769230768 0.24890829694323144 0.06009615384615385
0 0.45414847161572053 0.2932692307692308 0.2838427947598253 0.07211538461538461
0 0.3930131004366812 0.33413461538461536 0.2576419213973799 0.0625
0 0.34934497816593885 0.38221153846153844 0.2838427947598253 0.0673076923076923
0 0.34497816593886466 0.44471153846153844 0.28820960698689957 0.08173076923076923
0 0.3537117903930131 0.5072115384615384 0.31004366812227074 0.07451923076923077
0 0.388646288209607 0.5625 0.3056768558951965 0.07692307692307693
0 0.4104803493449782 0.6274038461538461 0.31004366812227074 0.07932692307692307
0 0.45414847161572053 0.6923076923076923 0.3318777292576419 0.06490384615384616
0 0.4759825327510917 0.7596153846153846 0.3318777292576419 0.07692307692307693
0 0.4890829694323144 0.8365384615384616 0.33624454148471616 0.07451923076923077
0 0.4978165938864629 0.9038461538461539 0.37554585152838427 0.08413461538461539