0 0.5240174672489083 0.10576923076923077 0.19213973799126638 0.057692307692307696
0 0.5240174672489083 0.14903846153846154 0.2052401746724891 0.04807692307692308
0 0.5065502183406113 0.18509615384615385 0.19213973799126638 0.05048076923076923
0 0.4890829694323144 0.22596153846153846 0.17467248908296942 0.0625
0 0.4497816593886463 0.2620192307692308 0.18777292576419213 0.06490384615384616
0 0.40611353711790393 0.31009615384615385 0.1965065502183406 0.07211538461538461
0 0.36681222707423583 0.35336538461538464 0.20087336244541484 0.06009615384615385
0 0.35807860262008734 0.4014423076923077 0.2314410480349345 0.06009615384615385
0 0.3537117903930131 0.44711538461538464 0.22270742358078602 0.06490384615384616
0 0.388646288209607 0.5024038461538461 0.2445414847161572 0.0673076923076923
0 0.4104803493449782 0.5625 0.2445414847161572 0.06009615384615385
0 0.43231441048034935 0.6225961538461539 0.24017467248908297 0.07692307692307693
0 0.44541484716157204 0.6802884615384616 0.24890829694323144 0.07451923076923077
0 0.44541484716157204 0.75 0.25327510917030566 0.06971153846153846
0 0.4279475982532751 0.8100961538461539 0.27074235807860264 0.06490384615384616
0 0.4104803493449782 0.8701923076923077 0.30131004366812225 0.07692307692307693