0 0.4759825327510917 0.08653846153846154 0.1965065502183406 0.057692307692307696
0 0.462882096069869 0.13221153846153846 0.20087336244541484 0.057692307692307696
0 0.4847161572052402 0.18509615384615385 0.20087336244541484 0.07451923076923077
0 0.5283842794759825 0.2283653846153846 0.2183406113537118 0.07692307692307693
0 0.5764192139737991 0.2764423076923077 0.18777292576419213 0.07932692307692307
0 0.6200873362445415 0.31971153846153844 0.19213973799126638 0.07692307692307693
0 0.6724890829694323 0.3629807692307692 0.18777292576419213 0.07932692307692307
0 0.7292576419213974 0.40625 0.20087336244541484 0.09134615384615384
0 0.7729257641921398 0.4567307692307692 0.23580786026200873 0.07932692307692307
0 0.7685589519650655 0.5120192307692307 0.2445414847161572 0.08173076923076923
0 0.74235807860262 0.5769230769230769 0.22707423580786026 0.09134615384615384
0 0.6943231441048034 0.6322115384615384 0.22707423580786026 0.09375
0 0.5895196506550219 0.6850961538461539 0.2314410480349345 0.11057692307692307
0 0.49344978165938863 0.7403846153846154 0.2314410480349345 0.10576923076923077
0 0.40611353711790393 0.8125 0.23580786026200873 0.09615384615384616