0 0.48034934497816595 0.9254807692307693 0.34497816593886466 0.08173076923076923
0 0.5458515283842795 0.8581730769230769 0.36681222707423583 0.07932692307692307
0 0.6069868995633187 0.7788461538461539 0.27074235807860264 0.07451923076923077
0 0.6331877729257642 0.7019230769230769 0.31004366812227074 0.07211538461538461
0 0.6331877729257642 0.6394230769230769 0.2925764192139738 0.0625
0 0.5895196506550219 0.5769230769230769 0.2925764192139738 0.07211538461538461
0 0.5414847161572053 0.5192307692307693 0.28820960698689957 0.06490384615384616
0 0.5109170305676856 0.45913461538461536 0.2794759825327511 0.0625
0 0.4847161572052402 0.40625 0.2925764192139738 0.052884615384615384
0 0.49344978165938863 0.3581730769230769 0.26200873362445415 0.052884615384615384
0 0.49344978165938863 0.3076923076923077 0.24890829694323144 0.04807692307692308
0 0.5109170305676856 0.25240384615384615 0.25327510917030566 0.052884615384615384
0 0.5327510917030568 0.21153846153846154 0.2445414847161572 0.038461538461538464
0 0.5327510917030568 0.17067307692307693 0.22707423580786026 0.04567307692307692
0 0.5021834061135371 0.125 0.18777292576419213 0.038461538461538464
0 0.4978165938864629 0.07451923076923077 0.19213973799126638 0.040865384615384616
0 0.4978165938864629 0.04567307692307692 0.18777292576419213 0.040865384615384616