0 0.5283842794759825 0.11538461538461539 0.20087336244541484 0.0673076923076923
0 0.5633187772925764 0.14903846153846154 0.19213973799126638 0.0625
0 0.6026200873362445 0.17548076923076922 0.2052401746724891 0.06490384615384616
0 0.6506550218340611 0.20432692307692307 0.20087336244541484 0.0625
0 0.6899563318777293 0.23557692307692307 0.2096069868995633 0.0673076923076923
0 0.74235807860262 0.2692307692307692 0.22707423580786026 0.06009615384615385
0 0.7685589519650655 0.30528846153846156 0.22270742358078602 0.055288461538461536
0 0.7729257641921398 0.34375 0.2314410480349345 0.06490384615384616
0 0.777292576419214 0.40384615384615385 0.2183406113537118 0.07451923076923077
0 0.759825327510917 0.4519230769230769 0.23580786026200873 0.0889423076923077
0 0.6768558951965066 0.4951923076923077 0.2096069868995633 0.0889423076923077
0 0.5458515283842795 0.5288461538461539 0.21397379912663755 0.09375
0 0.43231441048034935 0.5697115384615384 0.23580786026200873 0.09134615384615384
0 0.34497816593886466 0.6225961538461539 0.25327510917030566 0.08653846153846154
0 0.2794759825327511 0.6778846153846154 0.2445414847161572 0.07692307692307693
0 0.25327510917030566 0.7475961538461539 0.26200873362445415 0.06971153846153846
0 0.24890829694323144 0.8173076923076923 0.2838427947598253 0.07451923076923077