0 0.5502183406113537 0.1658653846153846 0.19213973799126638 0.055288461538461536
0 0.5327510917030568 0.20673076923076922 0.18340611353711792 0.057692307692307696
0 0.5152838427947598 0.25240384615384615 0.19213973799126638 0.06490384615384616
0 0.49344978165938863 0.30528846153846156 0.2183406113537118 0.06971153846153846
0 0.462882096069869 0.3485576923076923 0.24017467248908297 0.06009615384615385
0 0.44541484716157204 0.39903846153846156 0.23580786026200873 0.0625
0 0.4366812227074236 0.4543269230769231 0.2314410480349345 0.0625
0 0.45414847161572053 0.5096153846153846 0.2445414847161572 0.06971153846153846
0 0.4759825327510917 0.5721153846153846 0.23580786026200873 0.08413461538461539
0 0.5283842794759825 0.6370192307692307 0.2314410480349345 0.08413461538461539
0 0.5633187772925764 0.7067307692307693 0.23580786026200873 0.07692307692307693
0 0.5851528384279476 0.7716346153846154 0.24017467248908297 0.07451923076923077
0 0.5895196506550219 0.84375 0.2576419213973799 0.07932692307692307
0 0.5633187772925764 0.9230769230769231 0.27074235807860264 0.0889423076923077