0 0.537117903930131 0.10576923076923077 0.1615720524017467 0.05048076923076923
0 0.5152838427947598 0.1466346153846154 0.17903930131004367 0.055288461538461536
0 0.5021834061135371 0.19471153846153846 0.17467248908296942 0.05048076923076923
0 0.4847161572052402 0.23798076923076922 0.22707423580786026 0.05048076923076923
0 0.4585152838427948 0.27884615384615385 0.2314410480349345 0.04807692307692308
0 0.44541484716157204 0.3245192307692308 0.22707423580786026 0.05048076923076923
0 0.4279475982532751 0.3701923076923077 0.24017467248908297 0.04807692307692308
0 0.4279475982532751 0.41586538461538464 0.2445414847161572 0.04567307692307692
0 0.4410480349344978 0.46634615384615385 0.26200873362445415 0.07211538461538461
0 0.49344978165938863 0.5168269230769231 0.2576419213973799 0.057692307692307696
0 0.5502183406113537 0.5673076923076923 0.27074235807860264 0.06490384615384616
0 0.5851528384279476 0.6322115384615384 0.29694323144104806 0.06009615384615385
0 0.5938864628820961 0.6899038461538461 0.29694323144104806 0.0673076923076923
0 0.5764192139737991 0.7596153846153846 0.3056768558951965 0.06009615384615385
0 0.5502183406113537 0.06971153846153846 0.1965065502183406 0.04326923076923077