0 0.49344978165938863 0.10817307692307693 0.20087336244541484 0.055288461538461536
0 0.462882096069869 0.14903846153846154 0.2052401746724891 0.057692307692307696
0 0.4279475982532751 0.18990384615384615 0.2052401746724891 0.055288461538461536
0 0.388646288209607 0.23317307692307693 0.21397379912663755 0.057692307692307696
0 0.3537117903930131 0.27403846153846156 0.22707423580786026 0.06009615384615385
0 0.3318777292576419 0.31971153846153844 0.2314410480349345 0.055288461538461536
0 0.3231441048034934 0.3629807692307692 0.24017467248908297 0.06490384615384616
0 0.3318777292576419 0.41346153846153844 0.23580786026200873 0.07451923076923077
0 0.37117903930131 0.4567307692307692 0.24890829694323144 0.0889423076923077
0 0.4366812227074236 0.5120192307692307 0.25327510917030566 0.08653846153846154
0 0.519650655021834 0.5576923076923077 0.26200873362445415 0.09134615384615384
0 0.5851528384279476 0.6177884615384616 0.27510917030567683 0.07692307692307693
0 0.6200873362445415 0.6826923076923077 0.24890829694323144 0.06971153846153846
0 0.6069868995633187 0.7524038461538461 0.25327510917030566 0.08173076923076923
0 0.5545851528384279 0.8269230769230769 0.28820960698689957 0.08653846153846154