0 0.5240174672489083 0.04567307692307692 0.22707423580786026 0.055288461538461536
0 0.5065502183406113 0.08413461538461539 0.22270742358078602 0.057692307692307696
0 0.4847161572052402 0.12740384615384615 0.2314410480349345 0.057692307692307696
0 0.4847161572052402 0.16826923076923078 0.2314410480349345 0.057692307692307696
0 0.44541484716157204 0.2091346153846154 0.2096069868995633 0.055288461538461536
0 0.388646288209607 0.24278846153846154 0.22707423580786026 0.057692307692307696
0 0.32751091703056767 0.28125 0.20087336244541484 0.0625
0 0.2838427947598253 0.32211538461538464 0.2183406113537118 0.057692307692307696
0 0.2794759825327511 0.3798076923076923 0.26200873362445415 0.0673076923076923
0 0.31004366812227074 0.4254807692307692 0.2838427947598253 0.06490384615384616
0 0.3799126637554585 0.46875 0.31877729257641924 0.08173076923076923
0 0.462882096069869 0.5288461538461539 0.35807860262008734 0.09615384615384616
0 0.5327510917030568 0.5889423076923077 0.3406113537117904 0.08653846153846154
0 0.6026200873362445 0.6538461538461539 0.30131004366812225 0.0673076923076923
0 0.6200873362445415 0.7211538461538461 0.3056768558951965 0.08653846153846154
0 0.5938864628820961 0.7980769230769231 0.33624454148471616 0.0889423076923077
0 0.537117903930131 0.8581730769230769 0.39737991266375544 0.0889423076923077