0 0.5545851528384279 0.8365384615384616 0.2663755458515284 0.08413461538461539
0 0.5458515283842795 0.7596153846153846 0.24017467248908297 0.0673076923076923
0 0.5283842794759825 0.6899038461538461 0.27510917030567683 0.06971153846153846
0 0.519650655021834 0.6370192307692307 0.24017467248908297 0.055288461538461536
0 0.48034934497816595 0.5721153846153846 0.27510917030567683 0.0673076923076923
0 0.4497816593886463 0.5144230769230769 0.2838427947598253 0.06971153846153846
0 0.4148471615720524 0.4495192307692308 0.2576419213973799 0.055288461538461536
0 0.4104803493449782 0.3942307692307692 0.2052401746724891 0.04807692307692308
0 0.40611353711790393 0.34615384615384615 0.21397379912663755 0.04807692307692308
0 0.4279475982532751 0.3004807692307692 0.23580786026200873 0.04326923076923077
0 0.4497816593886463 0.25240384615384615 0.17903930131004367 0.052884615384615384
0 0.4847161572052402 0.19951923076923078 0.19213973799126638 0.04567307692307692
0 0.5109170305676856 0.16105769230769232 0.19213973799126638 0.040865384615384616
0 0.5109170305676856 0.11778846153846154 0.2052401746724891 0.05048076923076923
0 0.4890829694323144 0.07211538461538461 0.19213973799126638 0.04807692307692308
0 0.4672489082969432 0.03365384615384615 0.17903930131004367 0.04326923076923077
0 0.5545851528384279 0.90625 0.2663755458515284 0.06009615384615385