0 0.48034934497816595 0.9014423076923077 0.3406113537117904 0.07211538461538461
0 0.5458515283842795 0.8365384615384616 0.29694323144104806 0.07211538461538461
0 0.5807860262008734 0.7692307692307693 0.2794759825327511 0.06490384615384616
0 0.6331877729257642 0.7091346153846154 0.28820960698689957 0.0625
0 0.6462882096069869 0.6466346153846154 0.2838427947598253 0.06490384615384616
0 0.6244541484716157 0.59375 0.30131004366812225 0.0673076923076923
0 0.519650655021834 0.11298076923076923 0.23580786026200873 0.04807692307692308
0 0.47161572052401746 0.21634615384615385 0.26200873362445415 0.0625
0 0.5109170305676856 0.1658653846153846 0.2663755458515284 0.057692307692307696
0 0.5502183406113537 0.5408653846153846 0.29694323144104806 0.055288461538461536
0 0.4192139737991266 0.2692307692307692 0.2183406113537118 0.057692307692307696
0 0.40611353711790393 0.32211538461538464 0.23580786026200873 0.055288461538461536
0 0.39737991266375544 0.375 0.24890829694323144 0.057692307692307696
0 0.40611353711790393 0.42788461538461536 0.24017467248908297 0.057692307692307696
0 0.4759825327510917 0.4879807692307692 0.3056768558951965 0.0673076923076923