0 0.48034934497816595 0.8846153846153846 0.26200873362445415 0.08173076923076923
0 0.5458515283842795 0.8221153846153846 0.27074235807860264 0.08173076923076923
0 0.5764192139737991 0.7475961538461539 0.24017467248908297 0.07211538461538461
0 0.611353711790393 0.6778846153846154 0.22270742358078602 0.0673076923076923
0 0.5851528384279476 0.6201923076923077 0.22707423580786026 0.06971153846153846
0 0.5414847161572053 0.5625 0.1965065502183406 0.06490384615384616
0 0.4978165938864629 0.5072115384615384 0.18340611353711792 0.0673076923076923
0 0.43231441048034935 0.4567307692307692 0.17467248908296942 0.07451923076923077
0 0.38427947598253276 0.40384615384615385 0.1703056768558952 0.055288461538461536
0 0.35807860262008734 0.3605769230769231 0.18777292576419213 0.052884615384615384
0 0.3537117903930131 0.3125 0.14410480349344978 0.04326923076923077
0 0.36681222707423583 0.2692307692307692 0.18340611353711792 0.052884615384615384
0 0.39737991266375544 0.22115384615384615 0.1703056768558952 0.06009615384615385
0 0.4366812227074236 0.17548076923076922 0.13973799126637554 0.055288461538461536
0 0.47161572052401746 0.13221153846153846 0.15283842794759825 0.0625
0 0.5065502183406113 0.09375 0.16593886462882096 0.05048076923076923