0 0.4847161572052402 0.8221153846153846 0.3056768558951965 0.09134615384615384
0 0.5676855895196506 0.7475961538461539 0.28820960698689957 0.08173076923076923
0 0.6506550218340611 0.6706730769230769 0.27510917030567683 0.07692307692307693
0 0.6855895196506551 0.6033653846153846 0.27510917030567683 0.07451923076923077
0 0.6419213973799127 0.53125 0.28820960698689957 0.0625
0 0.5764192139737991 0.4807692307692308 0.2576419213973799 0.057692307692307696
0 0.48034934497816595 0.4230769230769231 0.2445414847161572 0.06490384615384616
0 0.40611353711790393 0.37740384615384615 0.26200873362445415 0.036057692307692304
0 0.37554585152838427 0.3317307692307692 0.24017467248908297 0.055288461538461536
0 0.37117903930131 0.28365384615384615 0.21397379912663755 0.055288461538461536
0 0.4017467248908297 0.23798076923076922 0.23580786026200873 0.057692307692307696
0 0.4497816593886463 0.19471153846153846 0.19213973799126638 0.0625
0 0.5109170305676856 0.15625 0.19213973799126638 0.05048076923076923
0 0.5458515283842795 0.11057692307692307 0.1965065502183406 0.04807692307692308
0 0.5676855895196506 0.07451923076923077 0.18777292576419213 0.04326923076923077
0 0.5676855895196506 0.036057692307692304 0.18340611353711792 0.04807692307692308