0 0.4890829694323144 0.055288461538461536 0.16593886462882096 0.036057692307692304
0 0.5021834061135371 0.08653846153846154 0.17903930131004367 0.03125
0 0.5152838427947598 0.12259615384615384 0.1572052401746725 0.040865384615384616
0 0.537117903930131 0.1658653846153846 0.14847161572052403 0.04567307692307692
0 0.5414847161572053 0.20673076923076922 0.1703056768558952 0.04807692307692308
0 0.5502183406113537 0.25240384615384615 0.17467248908296942 0.040865384615384616
0 0.5545851528384279 0.3004807692307692 0.2096069868995633 0.05048076923076923
0 0.5502183406113537 0.35096153846153844 0.20087336244541484 0.055288461538461536
0 0.5502183406113537 0.4014423076923077 0.21397379912663755 0.04807692307692308
0 0.5502183406113537 0.4495192307692308 0.2052401746724891 0.052884615384615384
0 0.5633187772925764 0.5072115384615384 0.21397379912663755 0.057692307692307696
0 0.611353711790393 0.5649038461538461 0.23580786026200873 0.06490384615384616
0 0.6506550218340611 0.6274038461538461 0.24017467248908297 0.057692307692307696
0 0.6768558951965066 0.6947115384615384 0.26200873362445415 0.0625
0 0.6899563318777293 0.7572115384615384 0.30131004366812225 0.06971153846153846
0 0.6593886462882096 0.8245192307692307 0.2925764192139738 0.07692307692307693
0 0.6200873362445415 0.8942307692307693 0.27074235807860264 0.06971153846153846