0 0.48034934497816595 0.11057692307692307 0.13100436681222707 0.028846153846153848
0 0.4847161572052402 0.15144230769230768 0.13973799126637554 0.04567307692307692
0 0.4759825327510917 0.20192307692307693 0.13537117903930132 0.04567307692307692
0 0.4759825327510917 0.25 0.13537117903930132 0.04807692307692308
0 0.4672489082969432 0.31009615384615385 0.13973799126637554 0.05048076923076923
0 0.462882096069869 0.35336538461538464 0.1615720524017467 0.04807692307692308
0 0.4672489082969432 0.40625 0.18340611353711792 0.06490384615384616
0 0.45414847161572053 0.46153846153846156 0.1615720524017467 0.04807692307692308
0 0.462882096069869 0.5192307692307693 0.18777292576419213 0.052884615384615384
0 0.4672489082969432 0.5769230769230769 0.17467248908296942 0.052884615384615384
0 0.44541484716157204 0.6442307692307693 0.18777292576419213 0.06009615384615385
0 0.4410480349344978 0.7067307692307693 0.1965065502183406 0.04807692307692308
0 0.4366812227074236 0.7644230769230769 0.2052401746724891 0.06009615384615385
0 0.462882096069869 0.8365384615384616 0.2052401746724891 0.0625
0 0.49344978165938863 0.9038461538461539 0.2314410480349345 0.057692307692307696