0 0.4759825327510917 0.11057692307692307 0.21397379912663755 0.057692307692307696
0 0.4410480349344978 0.14903846153846154 0.18340611353711792 0.0625
0 0.4192139737991266 0.1971153846153846 0.19213973799126638 0.0625
0 0.34497816593886466 0.23798076923076922 0.2052401746724891 0.0673076923076923
0 0.27510917030567683 0.27403846153846156 0.2052401746724891 0.06009615384615385
0 0.2576419213973799 0.3245192307692308 0.22270742358078602 0.057692307692307696
0 0.24890829694323144 0.375 0.24890829694323144 0.0625
0 0.27510917030567683 0.4254807692307692 0.23580786026200873 0.07211538461538461
0 0.3231441048034934 0.4831730769230769 0.2576419213973799 0.07932692307692307
0 0.37117903930131 0.5408653846153846 0.26200873362445415 0.07692307692307693
0 0.4148471615720524 0.6033653846153846 0.24017467248908297 0.07451923076923077
0 0.45414847161572053 0.6706730769230769 0.27510917030567683 0.07211538461538461
0 0.462882096069869 0.7379807692307693 0.2925764192139738 0.07692307692307693
0 0.462882096069869 0.8149038461538461 0.314410480349345 0.07692307692307693
0 0.4585152838427948 0.8870192307692307 0.37554585152838427 0.07211538461538461