0 0.5152838427947598 0.8966346153846154 0.2445414847161572 0.07692307692307693
0 0.5458515283842795 0.8413461538461539 0.21397379912663755 0.06009615384615385
0 0.537117903930131 0.7716346153846154 0.24017467248908297 0.0625
0 0.5240174672489083 0.7067307692307693 0.22707423580786026 0.06490384615384616
0 0.4890829694323144 0.6370192307692307 0.2096069868995633 0.06971153846153846
0 0.4366812227074236 0.5769230769230769 0.1965065502183406 0.0625
0 0.4148471615720524 0.5120192307692307 0.21397379912663755 0.0673076923076923
0 0.4148471615720524 0.4567307692307692 0.19213973799126638 0.06009615384615385
0 0.4148471615720524 0.39903846153846156 0.21397379912663755 0.055288461538461536
0 0.4279475982532751 0.35336538461538464 0.2096069868995633 0.06009615384615385
0 0.4585152838427948 0.3125 0.22270742358078602 0.06009615384615385
0 0.4890829694323144 0.2668269230769231 0.17903930131004367 0.0625
0 0.5152838427947598 0.22355769230769232 0.16593886462882096 0.04807692307692308
0 0.537117903930131 0.18028846153846154 0.17903930131004367 0.052884615384615384
0 0.5458515283842795 0.1346153846153846 0.18340611353711792 0.05048076923076923
0 0.537117903930131 0.09615384615384616 0.15283842794759825 0.04807692307692308