0 0.462882096069869 0.8076923076923077 0.35807860262008734 0.07451923076923077
0 0.5152838427947598 0.7451923076923077 0.38427947598253276 0.07932692307692307
0 0.5545851528384279 0.6634615384615384 0.2794759825327511 0.07451923076923077
0 0.62882096069869 0.6105769230769231 0.3406113537117904 0.0673076923076923
0 0.6331877729257642 0.5504807692307693 0.31004366812227074 0.0673076923076923
0 0.6157205240174672 0.4879807692307692 0.3056768558951965 0.0673076923076923
0 0.5982532751091703 0.43028846153846156 0.30131004366812225 0.06009615384615385
0 0.5895196506550219 0.37259615384615385 0.32751091703056767 0.052884615384615384
0 0.5720524017467249 0.32211538461538464 0.33624454148471616 0.06971153846153846
0 0.5807860262008734 0.25721153846153844 0.32751091703056767 0.055288461538461536
0 0.5982532751091703 0.2091346153846154 0.24890829694323144 0.052884615384615384
0 0.6375545851528385 0.16826923076923078 0.2314410480349345 0.0625
0 0.6724890829694323 0.12740384615384615 0.27510917030567683 0.04326923076923077
0 0.6724890829694323 0.07932692307692307 0.27074235807860264 0.04807692307692308
0 0.6637554585152838 0.036057692307692304 0.29694323144104806 0.04807692307692308
0 0.4410480349344978 0.8918269230769231 0.42358078602620086 0.07451923076923077