0 0.5109170305676856 0.8461538461538461 0.2794759825327511 0.07932692307692307
0 0.5021834061135371 0.7692307692307693 0.26200873362445415 0.06490384615384616
0 0.4672489082969432 0.6995192307692307 0.24890829694323144 0.06490384615384616
0 0.4497816593886463 0.6346153846153846 0.2183406113537118 0.0625
0 0.45414847161572053 0.5793269230769231 0.2445414847161572 0.07451923076923077
0 0.4148471615720524 0.5096153846153846 0.2183406113537118 0.055288461538461536
0 0.36681222707423583 0.47115384615384615 0.20087336244541484 0.057692307692307696
0 0.35807860262008734 0.4182692307692308 0.1965065502183406 0.06009615384615385
0 0.3624454148471616 0.36538461538461536 0.20087336244541484 0.055288461538461536
0 0.3799126637554585 0.3173076923076923 0.2052401746724891 0.057692307692307696
0 0.39737991266375544 0.2764423076923077 0.2052401746724891 0.04326923076923077
0 0.4017467248908297 0.22596153846153846 0.2096069868995633 0.04567307692307692
0 0.4279475982532751 0.18269230769230768 0.17903930131004367 0.04567307692307692
0 0.4279475982532751 0.13701923076923078 0.1615720524017467 0.04326923076923077
0 0.4366812227074236 0.10096153846153846 0.16593886462882096 0.04567307692307692
0 0.4192139737991266 0.057692307692307696 0.1572052401746725 0.040865384615384616