0 0.5021834061135371 0.11538461538461539 0.2096069868995633 0.055288461538461536
0 0.5021834061135371 0.15865384615384615 0.18777292576419213 0.057692307692307696
0 0.5021834061135371 0.20192307692307693 0.2052401746724891 0.0625
0 0.519650655021834 0.24519230769230768 0.20087336244541484 0.0625
0 0.5327510917030568 0.29086538461538464 0.2052401746724891 0.0625
0 0.5414847161572053 0.33653846153846156 0.2052401746724891 0.06490384615384616
0 0.5545851528384279 0.38221153846153844 0.21397379912663755 0.0673076923076923
0 0.5589519650655022 0.43509615384615385 0.22707423580786026 0.06490384615384616
0 0.5633187772925764 0.4855769230769231 0.2445414847161572 0.07451923076923077
0 0.5676855895196506 0.5408653846153846 0.26200873362445415 0.07692307692307693
0 0.5589519650655022 0.6009615384615384 0.2663755458515284 0.07451923076923077
0 0.5283842794759825 0.6610576923076923 0.24017467248908297 0.06971153846153846
0 0.5021834061135371 0.7259615384615384 0.2838427947598253 0.07451923076923077
0 0.48034934497816595 0.7884615384615384 0.29694323144104806 0.07451923076923077