0 0.5458515283842795 0.8509615384615384 0.28820960698689957 0.0889423076923077
0 0.47161572052401746 0.7788461538461539 0.3056768558951965 0.07932692307692307
0 0.4017467248908297 0.7115384615384616 0.31877729257641924 0.07451923076923077
0 0.3406113537117904 0.6442307692307693 0.29694323144104806 0.0673076923076923
0 0.30131004366812225 0.5769230769230769 0.31004366812227074 0.06971153846153846
0 0.3056768558951965 0.5216346153846154 0.27074235807860264 0.0673076923076923
0 0.33624454148471616 0.4639423076923077 0.27510917030567683 0.055288461538461536
0 0.39737991266375544 0.4110576923076923 0.24017467248908297 0.06009615384615385
0 0.44541484716157204 0.3557692307692308 0.22707423580786026 0.06009615384615385
0 0.47161572052401746 0.30288461538461536 0.2183406113537118 0.05048076923076923
0 0.4978165938864629 0.2548076923076923 0.2096069868995633 0.05048076923076923
0 0.4847161572052402 0.20432692307692307 0.18340611353711792 0.04326923076923077
0 0.47161572052401746 0.16105769230769232 0.18777292576419213 0.052884615384615384
0 0.4497816593886463 0.11298076923076923 0.1965065502183406 0.04567307692307692
0 0.4366812227074236 0.07692307692307693 0.2183406113537118 0.04326923076923077