0 0.44541484716157204 0.026442307692307692 0.19213973799126638 0.036057692307692304
0 0.45414847161572053 0.06009615384615385 0.18340611353711792 0.04326923076923077
0 0.4672489082969432 0.09615384615384616 0.2052401746724891 0.057692307692307696
0 0.4366812227074236 0.14423076923076922 0.2314410480349345 0.055288461538461536
0 0.37554585152838427 0.18509615384615385 0.2052401746724891 0.0625
0 0.3318777292576419 0.22115384615384615 0.22270742358078602 0.0625
0 0.2794759825327511 0.2620192307692308 0.24890829694323144 0.07211538461538461
0 0.27074235807860264 0.31009615384615385 0.2663755458515284 0.06490384615384616
0 0.27510917030567683 0.3605769230769231 0.27510917030567683 0.06490384615384616
0 0.33624454148471616 0.40625 0.2838427947598253 0.07211538461538461
0 0.39737991266375544 0.4519230769230769 0.27510917030567683 0.07692307692307693
0 0.48034934497816595 0.5048076923076923 0.27510917030567683 0.08173076923076923
0 0.5589519650655022 0.5528846153846154 0.23580786026200873 0.06490384615384616
0 0.6026200873362445 0.6129807692307693 0.2576419213973799 0.07932692307692307
0 0.62882096069869 0.6802884615384616 0.27510917030567683 0.07211538461538461
0 0.6200873362445415 0.7548076923076923 0.2794759825327511 0.07211538461538461
0 0.6026200873362445 0.8221153846153846 0.3318777292576419 0.07932692307692307