0 0.5327510917030568 0.9110576923076923 0.2663755458515284 0.07932692307692307
0 0.5545851528384279 0.8605769230769231 0.2663755458515284 0.0673076923076923
0 0.6244541484716157 0.7932692307692307 0.22707423580786026 0.06009615384615385
0 0.6681222707423581 0.7163461538461539 0.20087336244541484 0.06490384615384616
0 0.6506550218340611 0.65625 0.1965065502183406 0.0625
0 0.6069868995633187 0.5865384615384616 0.2052401746724891 0.06971153846153846
0 0.5414847161572053 0.5408653846153846 0.21397379912663755 0.06971153846153846
0 0.4847161572052402 0.49038461538461536 0.20087336244541484 0.06490384615384616
0 0.4410480349344978 0.43028846153846156 0.18340611353711792 0.055288461538461536
0 0.43231441048034935 0.37740384615384615 0.16593886462882096 0.06490384615384616
0 0.4410480349344978 0.3293269230769231 0.17903930131004367 0.055288461538461536
0 0.45414847161572053 0.2764423076923077 0.18340611353711792 0.06490384615384616
0 0.48034934497816595 0.23317307692307693 0.17903930131004367 0.052884615384615384
0 0.5152838427947598 0.18990384615384615 0.13537117903930132 0.052884615384615384
0 0.5283842794759825 0.1466346153846154 0.12663755458515283 0.05048076923076923
0 0.5414847161572053 0.10336538461538461 0.12663755458515283 0.040865384615384616