0 0.5720524017467249 0.036057692307692304 0.23580786026200873 0.04807692307692308
0 0.5895196506550219 0.07692307692307693 0.22270742358078602 0.04567307692307692
0 0.5982532751091703 0.11778846153846154 0.23580786026200873 0.052884615384615384
0 0.5982532751091703 0.16826923076923078 0.24017467248908297 0.0625
0 0.5938864628820961 0.21394230769230768 0.22270742358078602 0.055288461538461536
0 0.5807860262008734 0.25961538461538464 0.24017467248908297 0.06490384615384616
0 0.5676855895196506 0.31490384615384615 0.2183406113537118 0.0625
0 0.5676855895196506 0.3701923076923077 0.2445414847161572 0.0625
0 0.5807860262008734 0.4182692307692308 0.2576419213973799 0.06490384615384616
0 0.5982532751091703 0.4735576923076923 0.25327510917030566 0.0673076923076923
0 0.6200873362445415 0.5288461538461539 0.28820960698689957 0.0673076923076923
0 0.6681222707423581 0.5961538461538461 0.2838427947598253 0.06971153846153846
0 0.6681222707423581 0.6538461538461539 0.27510917030567683 0.06971153846153846
0 0.6331877729257642 0.7235576923076923 0.28820960698689957 0.07451923076923077
0 0.5764192139737991 0.8004807692307693 0.314410480349345 0.08653846153846154
0 0.4978165938864629 0.8701923076923077 0.3318777292576419 0.10096153846153846
0 0.4279475982532751 0.9302884615384616 0.3406113537117904 0.08653846153846154