0 0.6943231441048034 0.06490384615384616 0.3231441048034934 0.06971153846153846
0 0.6462882096069869 0.10576923076923077 0.35807860262008734 0.0673076923076923
0 0.5807860262008734 0.13942307692307693 0.3406113537117904 0.06490384615384616
0 0.5327510917030568 0.18509615384615385 0.36681222707423583 0.0673076923076923
0 0.4978165938864629 0.22355769230769232 0.40611353711790393 0.07211538461538461
0 0.4890829694323144 0.2860576923076923 0.39737991266375544 0.07932692307692307
0 0.4890829694323144 0.34615384615384615 0.3406113537117904 0.08653846153846154
0 0.5109170305676856 0.40625 0.34934497816593885 0.08413461538461539
0 0.5676855895196506 0.47596153846153844 0.3318777292576419 0.08653846153846154
0 0.5938864628820961 0.53125 0.33624454148471616 0.09134615384615384
0 0.6157205240174672 0.6057692307692307 0.35807860262008734 0.08173076923076923
0 0.6419213973799127 0.65625 0.39737991266375544 0.08653846153846154
0 0.6419213973799127 0.7307692307692307 0.388646288209607 0.0889423076923077
0 0.5938864628820961 0.7860576923076923 0.4017467248908297 0.0889423076923077
0 0.5065502183406113 0.8533653846153846 0.38427947598253276 0.08413461538461539
0 0.43231441048034935 0.9134615384615384 0.42358078602620086 0.09375