0 0.5327510917030568 0.07692307692307693 0.1703056768558952 0.052884615384615384
0 0.519650655021834 0.11778846153846154 0.1615720524017467 0.052884615384615384
0 0.4890829694323144 0.16826923076923078 0.16593886462882096 0.0673076923076923
0 0.4497816593886463 0.20432692307692307 0.1703056768558952 0.06009615384615385
0 0.40611353711790393 0.25 0.16593886462882096 0.0625
0 0.38427947598253276 0.2956730769230769 0.2183406113537118 0.055288461538461536
0 0.37117903930131 0.33653846153846156 0.21397379912663755 0.06009615384615385
0 0.37554585152838427 0.3870192307692308 0.20087336244541484 0.055288461538461536
0 0.4104803493449782 0.4326923076923077 0.2183406113537118 0.06971153846153846
0 0.4585152838427948 0.4855769230769231 0.21397379912663755 0.07451923076923077
0 0.5065502183406113 0.5288461538461539 0.22707423580786026 0.07451923076923077
0 0.537117903930131 0.5913461538461539 0.23580786026200873 0.06971153846153846
0 0.5458515283842795 0.6586538461538461 0.23580786026200873 0.07211538461538461
0 0.5283842794759825 0.7307692307692307 0.24890829694323144 0.07932692307692307
0 0.5065502183406113 0.8076923076923077 0.2663755458515284 0.07692307692307693
0 0.48034934497816595 0.8870192307692307 0.27510917030567683 0.08653846153846154