0 0.5327510917030568 0.04567307692307692 0.21397379912663755 0.040865384615384616
0 0.5240174672489083 0.07932692307692307 0.2314410480349345 0.04326923076923077
0 0.519650655021834 0.11298076923076923 0.22270742358078602 0.055288461538461536
0 0.5240174672489083 0.15144230769230768 0.22270742358078602 0.052884615384615384
0 0.5152838427947598 0.18990384615384615 0.2096069868995633 0.055288461538461536
0 0.5283842794759825 0.23798076923076922 0.2314410480349345 0.06490384615384616
0 0.519650655021834 0.2860576923076923 0.22270742358078602 0.06009615384615385
0 0.519650655021834 0.33653846153846156 0.22707423580786026 0.0625
0 0.5109170305676856 0.375 0.2314410480349345 0.06490384615384616
0 0.5109170305676856 0.4254807692307692 0.23580786026200873 0.06490384615384616
0 0.5065502183406113 0.4807692307692308 0.2445414847161572 0.07211538461538461
0 0.5065502183406113 0.5408653846153846 0.24890829694323144 0.08173076923076923
0 0.5021834061135371 0.6057692307692307 0.2445414847161572 0.06490384615384616
0 0.4978165938864629 0.6730769230769231 0.2445414847161572 0.07211538461538461
0 0.49344978165938863 0.7427884615384616 0.25327510917030566 0.06971153846153846
0 0.5109170305676856 0.8125 0.2838427947598253 0.08173076923076923
0 0.519650655021834 0.8870192307692307 0.29694323144104806 0.07932692307692307