0 0.5851528384279476 0.84375 0.28820960698689957 0.07451923076923077
0 0.5720524017467249 0.7668269230769231 0.26200873362445415 0.0673076923076923
0 0.5240174672489083 0.6947115384615384 0.22270742358078602 0.06490384615384616
0 0.44541484716157204 0.6346153846153846 0.2052401746724891 0.06971153846153846
0 0.4017467248908297 0.5721153846153846 0.2314410480349345 0.06971153846153846
0 0.34934497816593885 0.5120192307692307 0.20087336244541484 0.0673076923076923
0 0.3231441048034934 0.45913461538461536 0.2052401746724891 0.06971153846153846
0 0.3231441048034934 0.40384615384615385 0.2052401746724891 0.06490384615384616
0 0.3406113537117904 0.3485576923076923 0.17903930131004367 0.0625
0 0.3799126637554585 0.2932692307692308 0.1572052401746725 0.057692307692307696
0 0.4148471615720524 0.25240384615384615 0.1222707423580786 0.055288461538461536
0 0.4672489082969432 0.21634615384615385 0.1222707423580786 0.05048076923076923
0 0.5065502183406113 0.17307692307692307 0.15283842794759825 0.055288461538461536
0 0.5458515283842795 0.12740384615384615 0.15283842794759825 0.04567307692307692
0 0.5633187772925764 0.08413461538461539 0.13537117903930132 0.04567307692307692
0 0.5676855895196506 0.038461538461538464 0.1703056768558952 0.04567307692307692