0 0.48034934497816595 0.0673076923076923 0.2445414847161572 0.04567307692307692
0 0.4890829694323144 0.10336538461538461 0.24017467248908297 0.04326923076923077
0 0.4978165938864629 0.14182692307692307 0.23580786026200873 0.04567307692307692
0 0.4847161572052402 0.1778846153846154 0.22707423580786026 0.05048076923076923
0 0.48034934497816595 0.22596153846153846 0.22270742358078602 0.05048076923076923
0 0.4759825327510917 0.27403846153846156 0.2314410480349345 0.04807692307692308
0 0.4759825327510917 0.31490384615384615 0.24017467248908297 0.05048076923076923
0 0.4978165938864629 0.36778846153846156 0.26200873362445415 0.06009615384615385
0 0.49344978165938863 0.4206730769230769 0.27074235807860264 0.057692307692307696
0 0.4847161572052402 0.4807692307692308 0.3056768558951965 0.06009615384615385
0 0.4585152838427948 0.53125 0.34934497816593885 0.06971153846153846
0 0.43231441048034935 0.5889423076923077 0.32751091703056767 0.055288461538461536
0 0.44541484716157204 0.6346153846153846 0.314410480349345 0.06490384615384616
0 0.462882096069869 0.6875 0.2925764192139738 0.06009615384615385
0 0.48034934497816595 0.7475961538461539 0.2838427947598253 0.055288461538461536
0 0.49344978165938863 0.8125 0.30131004366812225 0.06490384615384616
0 0.4890829694323144 0.8846153846153846 0.33624454148471616 0.06971153846153846