0 0.5240174672489083 0.038461538461538464 0.22707423580786026 0.04807692307692308
0 0.5065502183406113 0.07932692307692307 0.21397379912663755 0.052884615384615384
0 0.48034934497816595 0.12740384615384615 0.18340611353711792 0.0625
0 0.42358078602620086 0.17067307692307693 0.1703056768558952 0.0673076923076923
0 0.34934497816593885 0.21153846153846154 0.1965065502183406 0.06971153846153846
0 0.2663755458515284 0.24759615384615385 0.2052401746724891 0.0625
0 0.2314410480349345 0.2932692307692308 0.2096069868995633 0.0673076923076923
0 0.1965065502183406 0.34134615384615385 0.16593886462882096 0.057692307692307696
0 0.21397379912663755 0.3918269230769231 0.2096069868995633 0.0673076923076923
0 0.2576419213973799 0.4423076923076923 0.2183406113537118 0.08653846153846154
0 0.3318777292576419 0.4951923076923077 0.2314410480349345 0.09134615384615384
0 0.4410480349344978 0.5432692307692307 0.24017467248908297 0.09375
0 0.5502183406113537 0.5985576923076923 0.28820960698689957 0.09375
0 0.6244541484716157 0.6658653846153846 0.2794759825327511 0.08413461538461539
0 0.6506550218340611 0.7427884615384616 0.2925764192139738 0.07692307692307693
0 0.6375545851528385 0.8197115384615384 0.30131004366812225 0.08173076923076923
0 0.6157205240174672 0.9038461538461539 0.3231441048034934 0.07692307692307693