0 0.5502183406113537 0.8629807692307693 0.3406113537117904 0.08173076923076923
0 0.6593886462882096 0.7884615384615384 0.34497816593886466 0.08173076923076923
0 0.6986899563318777 0.7115384615384616 0.31877729257641924 0.08413461538461539
0 0.6899563318777293 0.6442307692307693 0.2925764192139738 0.07692307692307693
0 0.6593886462882096 0.5745192307692307 0.30131004366812225 0.08413461538461539
0 0.5982532751091703 0.5216346153846154 0.2838427947598253 0.06009615384615385
0 0.5764192139737991 0.4639423076923077 0.2925764192139738 0.05048076923076923
0 0.5414847161572053 0.41586538461538464 0.31004366812227074 0.052884615384615384
0 0.5283842794759825 0.3605769230769231 0.27074235807860264 0.04567307692307692
0 0.5502183406113537 0.31009615384615385 0.26200873362445415 0.04567307692307692
0 0.5633187772925764 0.2644230769230769 0.2663755458515284 0.055288461538461536
0 0.5764192139737991 0.21634615384615385 0.24017467248908297 0.04807692307692308
0 0.5764192139737991 0.17307692307692307 0.2445414847161572 0.04567307692307692
0 0.4890829694323144 0.9278846153846154 0.38427947598253276 0.0889423076923077
0 0.5545851528384279 0.1201923076923077 0.1965065502183406 0.04567307692307692
0 0.5458515283842795 0.07211538461538461 0.24890829694323144 0.040865384615384616
0 0.5545851528384279 0.036057692307692304 0.2576419213973799 0.038461538461538464