0 0.48034934497816595 0.8677884615384616 0.2663755458515284 0.06009615384615385
0 0.5065502183406113 0.8028846153846154 0.2663755458515284 0.06971153846153846
0 0.5240174672489083 0.7307692307692307 0.24017467248908297 0.07211538461538461
0 0.5152838427947598 0.6610576923076923 0.23580786026200873 0.07211538461538461
0 0.4847161572052402 0.5889423076923077 0.24890829694323144 0.0625
0 0.4585152838427948 0.53125 0.24017467248908297 0.052884615384615384
0 0.4410480349344978 0.47596153846153844 0.21397379912663755 0.055288461538461536
0 0.44541484716157204 0.4254807692307692 0.24017467248908297 0.057692307692307696
0 0.4847161572052402 0.3701923076923077 0.25327510917030566 0.057692307692307696
0 0.5021834061135371 0.3173076923076923 0.22270742358078602 0.052884615384615384
0 0.5327510917030568 0.2620192307692308 0.19213973799126638 0.055288461538461536
0 0.5720524017467249 0.21634615384615385 0.20087336244541484 0.052884615384615384
0 0.5895196506550219 0.17067307692307693 0.1703056768558952 0.04807692307692308
0 0.5851528384279476 0.12740384615384615 0.16593886462882096 0.04567307692307692
0 0.5938864628820961 0.08413461538461539 0.15283842794759825 0.04567307692307692
0 0.5982532751091703 0.04807692307692308 0.1703056768558952 0.040865384615384616