0 0.4672489082969432 0.038461538461538464 0.27074235807860264 0.04807692307692308
0 0.49344978165938863 0.07932692307692307 0.26200873362445415 0.04567307692307692
0 0.5065502183406113 0.11778846153846154 0.23580786026200873 0.057692307692307696
0 0.5109170305676856 0.1658653846153846 0.22270742358078602 0.06009615384615385
0 0.5152838427947598 0.21875 0.2445414847161572 0.07451923076923077
0 0.49344978165938863 0.27884615384615385 0.22270742358078602 0.0625
0 0.4890829694323144 0.33413461538461536 0.2183406113537118 0.0625
0 0.4847161572052402 0.3870192307692308 0.24017467248908297 0.057692307692307696
0 0.4759825327510917 0.4423076923076923 0.2576419213973799 0.055288461538461536
0 0.462882096069869 0.49759615384615385 0.2925764192139738 0.06490384615384616
0 0.4497816593886463 0.5625 0.31877729257641924 0.07932692307692307
0 0.43231441048034935 0.6153846153846154 0.32751091703056767 0.07451923076923077
0 0.4192139737991266 0.6778846153846154 0.30131004366812225 0.07692307692307693
0 0.40611353711790393 0.7355769230769231 0.3231441048034934 0.06490384615384616
0 0.4192139737991266 0.7908653846153846 0.3624454148471616 0.07451923076923077
0 0.43231441048034935 0.8485576923076923 0.37117903930131 0.07211538461538461
0 0.4672489082969432 0.9086538461538461 0.4410480349344978 0.07451923076923077