0 0.4410480349344978 0.8942307692307693 0.24890829694323144 0.07211538461538461
0 0.462882096069869 0.8197115384615384 0.26200873362445415 0.07451923076923077
0 0.519650655021834 0.7572115384615384 0.2052401746724891 0.06490384615384616
0 0.5458515283842795 0.6971153846153846 0.24017467248908297 0.04807692307692308
0 0.5502183406113537 0.6442307692307693 0.27510917030567683 0.0673076923076923
0 0.537117903930131 0.5745192307692307 0.2052401746724891 0.057692307692307696
0 0.519650655021834 0.5120192307692307 0.22707423580786026 0.055288461538461536
0 0.5240174672489083 0.4639423076923077 0.2183406113537118 0.057692307692307696
0 0.5152838427947598 0.40865384615384615 0.22270742358078602 0.055288461538461536
0 0.5109170305676856 0.36538461538461536 0.22707423580786026 0.06009615384615385
0 0.5152838427947598 0.3125 0.17903930131004367 0.04567307692307692
0 0.537117903930131 0.27163461538461536 0.16593886462882096 0.052884615384615384
0 0.5545851528384279 0.22596153846153846 0.15283842794759825 0.052884615384615384
0 0.5458515283842795 0.1778846153846154 0.17467248908296942 0.052884615384615384
0 0.5152838427947598 0.1346153846153846 0.16593886462882096 0.04807692307692308
0 0.5021834061135371 0.09375 0.16593886462882096 0.038461538461538464
0 0.4890829694323144 0.0625 0.17467248908296942 0.04567307692307692