0 0.6200873362445415 0.036057692307692304 0.314410480349345 0.04567307692307692
0 0.5938864628820961 0.06971153846153846 0.314410480349345 0.052884615384615384
0 0.5545851528384279 0.11538461538461539 0.3318777292576419 0.0625
0 0.5021834061135371 0.16346153846153846 0.3624454148471616 0.06490384615384616
0 0.4104803493449782 0.20673076923076922 0.34497816593886466 0.07451923076923077
0 0.32751091703056767 0.2548076923076923 0.37117903930131 0.07451923076923077
0 0.2445414847161572 0.30288461538461536 0.3231441048034934 0.07211538461538461
0 0.22707423580786026 0.3557692307692308 0.33624454148471616 0.057692307692307696
0 0.23580786026200873 0.4110576923076923 0.3231441048034934 0.07692307692307693
0 0.31004366812227074 0.46634615384615385 0.33624454148471616 0.08413461538461539
0 0.4192139737991266 0.5264423076923077 0.3537117903930131 0.0985576923076923
0 0.5327510917030568 0.5841346153846154 0.3231441048034934 0.09375
0 0.6244541484716157 0.6466346153846154 0.4017467248908297 0.09134615384615384
0 0.6724890829694323 0.71875 0.3624454148471616 0.08173076923076923
0 0.6637554585152838 0.7860576923076923 0.35807860262008734 0.09134615384615384
0 0.5938864628820961 0.8701923076923077 0.4017467248908297 0.09134615384615384