0 0.519650655021834 0.7908653846153846 0.27074235807860264 0.07451923076923077
0 0.4672489082969432 0.7043269230769231 0.2314410480349345 0.08653846153846154
0 0.36681222707423583 0.6370192307692307 0.2183406113537118 0.07932692307692307
0 0.3231441048034934 0.5913461538461539 0.22270742358078602 0.07451923076923077
0 0.24017467248908297 0.5336538461538461 0.1965065502183406 0.07692307692307693
0 0.2096069868995633 0.4879807692307692 0.18340611353711792 0.08173076923076923
0 0.1965065502183406 0.3004807692307692 0.2052401746724891 0.0625
0 0.1572052401746725 0.35096153846153844 0.1965065502183406 0.0625
0 0.2052401746724891 0.24759615384615385 0.1615720524017467 0.0625
0 0.2576419213973799 0.22355769230769232 0.1572052401746725 0.08173076923076923
0 0.3231441048034934 0.17548076923076922 0.1572052401746725 0.07451923076923077
0 0.38427947598253276 0.14182692307692307 0.16593886462882096 0.07692307692307693
0 0.4497816593886463 0.10817307692307693 0.14410480349344978 0.06971153846153846
0 0.5152838427947598 0.06971153846153846 0.19213973799126638 0.0625
0 0.16593886462882096 0.41586538461538464 0.2183406113537118 0.07451923076923077