0 0.519650655021834 0.8774038461538461 0.2183406113537118 0.057692307692307696
0 0.5851528384279476 0.8100961538461539 0.2096069868995633 0.057692307692307696
0 0.6375545851528385 0.7548076923076923 0.23580786026200873 0.06971153846153846
0 0.6637554585152838 0.6778846153846154 0.2052401746724891 0.06490384615384616
0 0.6419213973799127 0.6201923076923077 0.22270742358078602 0.0673076923076923
0 0.6026200873362445 0.5576923076923077 0.22707423580786026 0.07451923076923077
0 0.5327510917030568 0.5 0.2096069868995633 0.0673076923076923
0 0.49344978165938863 0.44471153846153844 0.18340611353711792 0.06490384615384616
0 0.462882096069869 0.3942307692307692 0.18777292576419213 0.057692307692307696
0 0.4672489082969432 0.34375 0.18777292576419213 0.057692307692307696
0 0.4497816593886463 0.2980769230769231 0.18340611353711792 0.052884615384615384
0 0.47161572052401746 0.2548076923076923 0.17903930131004367 0.038461538461538464
0 0.48034934497816595 0.2091346153846154 0.15283842794759825 0.036057692307692304
0 0.5065502183406113 0.17548076923076922 0.14847161572052403 0.04567307692307692
0 0.5414847161572053 0.1346153846153846 0.15283842794759825 0.04567307692307692
0 0.5545851528384279 0.09375 0.1615720524017467 0.052884615384615384