0 0.47161572052401746 0.06009615384615385 0.22707423580786026 0.03365384615384615
0 0.4759825327510917 0.08173076923076923 0.2314410480349345 0.03365384615384615
0 0.49344978165938863 0.11298076923076923 0.2052401746724891 0.040865384615384616
0 0.5021834061135371 0.15144230769230768 0.19213973799126638 0.040865384615384616
0 0.5240174672489083 0.19471153846153846 0.19213973799126638 0.04807692307692308
0 0.5065502183406113 0.2403846153846154 0.20087336244541484 0.05048076923076923
0 0.4978165938864629 0.2860576923076923 0.2096069868995633 0.052884615384615384
0 0.5109170305676856 0.34375 0.21397379912663755 0.055288461538461536
0 0.5327510917030568 0.39663461538461536 0.22270742358078602 0.0673076923076923
0 0.5545851528384279 0.44711538461538464 0.24890829694323144 0.0673076923076923
0 0.5764192139737991 0.5024038461538461 0.2576419213973799 0.057692307692307696
0 0.6026200873362445 0.5600961538461539 0.25327510917030566 0.06971153846153846
0 0.5938864628820961 0.6274038461538461 0.27074235807860264 0.06009615384615385
0 0.5633187772925764 0.6850961538461539 0.25327510917030566 0.07451923076923077
0 0.4890829694323144 0.7475961538461539 0.2445414847161572 0.0673076923076923
0 0.42358078602620086 0.8125 0.26200873362445415 0.08653846153846154
0 0.3799126637554585 0.8774038461538461 0.31877729257641924 0.08413461538461539
0 0.35807860262008734 0.9375 0.31004366812227074 0.07451923076923077