0 0.5065502183406113 0.7644230769230769 0.2096069868995633 0.07692307692307693
0 0.4890829694323144 0.6971153846153846 0.2052401746724891 0.07692307692307693
0 0.4672489082969432 0.6298076923076923 0.1965065502183406 0.06971153846153846
0 0.4366812227074236 0.5745192307692307 0.18777292576419213 0.06490384615384616
0 0.4148471615720524 0.5264423076923077 0.2096069868995633 0.04807692307692308
0 0.36681222707423583 0.4735576923076923 0.18340611353711792 0.055288461538461536
0 0.34934497816593885 0.4254807692307692 0.2052401746724891 0.05048076923076923
0 0.33624454148471616 0.375 0.21397379912663755 0.055288461538461536
0 0.3406113537117904 0.31971153846153844 0.1965065502183406 0.055288461538461536
0 0.36681222707423583 0.2764423076923077 0.1965065502183406 0.07211538461538461
0 0.4017467248908297 0.23076923076923078 0.18340611353711792 0.07211538461538461
0 0.4279475982532751 0.18269230769230768 0.18340611353711792 0.06971153846153846
0 0.4497816593886463 0.13701923076923078 0.18340611353711792 0.05048076923076923
0 0.4978165938864629 0.09375 0.1615720524017467 0.055288461538461536
0 0.5283842794759825 0.052884615384615384 0.18340611353711792 0.04567307692307692
0 0.5327510917030568 0.8389423076923077 0.2183406113537118 0.05048076923076923
0 0.5545851528384279 0.8918269230769231 0.25327510917030566 0.052884615384615384