0 0.5109170305676856 0.8653846153846154 0.3056768558951965 0.0889423076923077
0 0.4366812227074236 0.7980769230769231 0.28820960698689957 0.08173076923076923
0 0.3624454148471616 0.7331730769230769 0.31004366812227074 0.09134615384615384
0 0.28820960698689957 0.65625 0.2925764192139738 0.06971153846153846
0 0.27510917030567683 0.59375 0.28820960698689957 0.06971153846153846
0 0.2794759825327511 0.5264423076923077 0.2794759825327511 0.06490384615384616
0 0.31877729257641924 0.4735576923076923 0.27510917030567683 0.06490384615384616
0 0.37117903930131 0.4254807692307692 0.27510917030567683 0.0625
0 0.388646288209607 0.37259615384615385 0.26200873362445415 0.0673076923076923
0 0.4279475982532751 0.31971153846153844 0.2445414847161572 0.0625
0 0.4410480349344978 0.27163461538461536 0.22270742358078602 0.0625
0 0.44541484716157204 0.21634615384615385 0.22707423580786026 0.057692307692307696
0 0.4366812227074236 0.16826923076923078 0.2052401746724891 0.052884615384615384
0 0.42358078602620086 0.12259615384615384 0.2096069868995633 0.052884615384615384
0 0.4148471615720524 0.07932692307692307 0.2096069868995633 0.05048076923076923
0 0.3930131004366812 0.038461538461538464 0.2183406113537118 0.04326923076923077