0 0.6331877729257642 0.9230769230769231 0.36681222707423583 0.09375
0 0.6724890829694323 0.84375 0.31877729257641924 0.08653846153846154
0 0.6768558951965066 0.7596153846153846 0.29694323144104806 0.07451923076923077
0 0.6244541484716157 0.6778846153846154 0.25327510917030566 0.10096153846153846
0 0.47161572052401746 0.15384615384615385 0.2183406113537118 0.05048076923076923
0 0.4366812227074236 0.20673076923076922 0.21397379912663755 0.0625
0 0.388646288209607 0.2548076923076923 0.25327510917030566 0.052884615384615384
0 0.3056768558951965 0.2980769230769231 0.2445414847161572 0.06971153846153846
0 0.23580786026200873 0.34134615384615385 0.2445414847161572 0.06490384615384616
0 0.2052401746724891 0.4014423076923077 0.2663755458515284 0.055288461538461536
0 0.2183406113537118 0.4639423076923077 0.27510917030567683 0.06490384615384616
0 0.24017467248908297 0.5192307692307693 0.26200873362445415 0.0889423076923077
0 0.3231441048034934 0.5625 0.3056768558951965 0.09134615384615384
0 0.4192139737991266 0.5913461538461539 0.24017467248908297 0.07932692307692307
0 0.5283842794759825 0.6298076923076923 0.27074235807860264 0.0985576923076923