0 0.5720524017467249 0.9110576923076923 0.26200873362445415 0.055288461538461536
0 0.5807860262008734 0.8485576923076923 0.25327510917030566 0.06009615384615385
0 0.5502183406113537 0.7836538461538461 0.24890829694323144 0.08413461538461539
0 0.5065502183406113 0.7019230769230769 0.2052401746724891 0.07451923076923077
0 0.45414847161572053 0.6394230769230769 0.24890829694323144 0.07692307692307693
0 0.40611353711790393 0.5721153846153846 0.2183406113537118 0.0673076923076923
0 0.34497816593886466 0.5168269230769231 0.2183406113537118 0.09375
0 0.24890829694323144 0.46153846153846156 0.2445414847161572 0.08653846153846154
0 0.2096069868995633 0.40625 0.22707423580786026 0.0673076923076923
0 0.18777292576419213 0.35336538461538464 0.22707423580786026 0.06490384615384616
0 0.18777292576419213 0.30528846153846156 0.21397379912663755 0.07211538461538461
0 0.22270742358078602 0.24519230769230768 0.2096069868995633 0.07211538461538461
0 0.29694323144104806 0.2091346153846154 0.1965065502183406 0.08173076923076923
0 0.37117903930131 0.15625 0.17467248908296942 0.06971153846153846
0 0.43231441048034935 0.125 0.17467248908296942 0.0673076923076923
0 0.48034934497816595 0.08173076923076923 0.1615720524017467 0.052884615384615384