0 0.519650655021834 0.07932692307692307 0.17903930131004367 0.04326923076923077
0 0.5283842794759825 0.11778846153846154 0.2096069868995633 0.04807692307692308
0 0.5283842794759825 0.16105769230769232 0.2096069868995633 0.04807692307692308
0 0.5021834061135371 0.21153846153846154 0.20087336244541484 0.040865384615384616
0 0.47161572052401746 0.25961538461538464 0.19213973799126638 0.057692307692307696
0 0.4366812227074236 0.31009615384615385 0.21397379912663755 0.06009615384615385
0 0.37117903930131 0.35336538461538464 0.2183406113537118 0.06009615384615385
0 0.3624454148471616 0.40384615384615385 0.26200873362445415 0.055288461538461536
0 0.3930131004366812 0.4639423076923077 0.22707423580786026 0.06490384615384616
0 0.462882096069869 0.5096153846153846 0.27074235807860264 0.07451923076923077
0 0.5545851528384279 0.5697115384615384 0.30131004366812225 0.09375
0 0.6157205240174672 0.6274038461538461 0.3231441048034934 0.07211538461538461
0 0.6462882096069869 0.7019230769230769 0.314410480349345 0.08173076923076923
0 0.6200873362445415 0.7644230769230769 0.314410480349345 0.0985576923076923
0 0.5283842794759825 0.8341346153846154 0.2794759825327511 0.0889423076923077