0 0.4017467248908297 0.8653846153846154 0.39737991266375544 0.06490384615384616
0 0.537117903930131 0.8004807692307693 0.388646288209607 0.07692307692307693
0 0.6069868995633187 0.7307692307692307 0.3930131004366812 0.055288461538461536
0 0.6419213973799127 0.6682692307692307 0.3318777292576419 0.0625
0 0.6200873362445415 0.59375 0.37117903930131 0.06490384615384616
0 0.5676855895196506 0.5336538461538461 0.33624454148471616 0.057692307692307696
0 0.5109170305676856 0.4807692307692308 0.3056768558951965 0.05048076923076923
0 0.4497816593886463 0.43028846153846156 0.2794759825327511 0.052884615384615384
0 0.4279475982532751 0.38461538461538464 0.24890829694323144 0.04807692307692308
0 0.4410480349344978 0.3317307692307692 0.24890829694323144 0.055288461538461536
0 0.47161572052401746 0.28846153846153844 0.25327510917030566 0.04326923076923077
0 0.5109170305676856 0.24519230769230768 0.25327510917030566 0.06490384615384616
0 0.5414847161572053 0.20192307692307693 0.22270742358078602 0.04807692307692308
0 0.5720524017467249 0.15384615384615385 0.19213973799126638 0.03125
0 0.5502183406113537 0.10817307692307693 0.2445414847161572 0.03365384615384615
0 0.5414847161572053 0.06971153846153846 0.2794759825327511 0.028846153846153848