0 0.4759825327510917 0.03125 0.30131004366812225 0.04807692307692308
0 0.47161572052401746 0.06971153846153846 0.2925764192139738 0.04567307692307692
0 0.49344978165938863 0.11778846153846154 0.27074235807860264 0.055288461538461536
0 0.4890829694323144 0.1658653846153846 0.26200873362445415 0.06009615384615385
0 0.4759825327510917 0.21875 0.2576419213973799 0.057692307692307696
0 0.44541484716157204 0.2764423076923077 0.26200873362445415 0.06490384615384616
0 0.42358078602620086 0.32211538461538464 0.2445414847161572 0.0625
0 0.38427947598253276 0.37259615384615385 0.27074235807860264 0.06490384615384616
0 0.3624454148471616 0.4206730769230769 0.27510917030567683 0.06009615384615385
0 0.3624454148471616 0.4735576923076923 0.28820960698689957 0.057692307692307696
0 0.3624454148471616 0.5336538461538461 0.28820960698689957 0.057692307692307696
0 0.3930131004366812 0.5961538461538461 0.30131004366812225 0.0673076923076923
0 0.4279475982532751 0.6610576923076923 0.28820960698689957 0.07211538461538461
0 0.4759825327510917 0.7259615384615384 0.28820960698689957 0.06490384615384616
0 0.5065502183406113 0.8004807692307693 0.3056768558951965 0.07451923076923077
0 0.5240174672489083 0.8701923076923077 0.35807860262008734 0.07932692307692307
0 0.5152838427947598 0.9471153846153846 0.42358078602620086 0.08653846153846154