0 0.4847161572052402 0.028846153846153848 0.2576419213973799 0.028846153846153848
0 0.4890829694323144 0.052884615384615384 0.25327510917030566 0.036057692307692304
0 0.5021834061135371 0.08173076923076923 0.24017467248908297 0.040865384615384616
0 0.5283842794759825 0.12259615384615384 0.24017467248908297 0.04567307692307692
0 0.5414847161572053 0.16105769230769232 0.21397379912663755 0.04567307692307692
0 0.5327510917030568 0.20673076923076922 0.2183406113537118 0.057692307692307696
0 0.537117903930131 0.25961538461538464 0.2052401746724891 0.057692307692307696
0 0.5283842794759825 0.31009615384615385 0.2052401746724891 0.04807692307692308
0 0.5502183406113537 0.3581730769230769 0.23580786026200873 0.057692307692307696
0 0.5414847161572053 0.4110576923076923 0.22707423580786026 0.06971153846153846
0 0.5414847161572053 0.46634615384615385 0.24017467248908297 0.06490384615384616
0 0.5545851528384279 0.5264423076923077 0.24017467248908297 0.06971153846153846
0 0.5458515283842795 0.5913461538461539 0.25327510917030566 0.07692307692307693
0 0.5152838427947598 0.6538461538461539 0.2576419213973799 0.07692307692307693
0 0.4890829694323144 0.7139423076923077 0.2445414847161572 0.07692307692307693
0 0.4410480349344978 0.7764423076923077 0.2663755458515284 0.08653846153846154
0 0.38427947598253276 0.8461538461538461 0.2925764192139738 0.09615384615384616