0 0.5938864628820961 0.038461538461538464 0.24890829694323144 0.04567307692307692
0 0.5807860262008734 0.07451923076923077 0.22707423580786026 0.05048076923076923
0 0.5458515283842795 0.12259615384615384 0.23580786026200873 0.057692307692307696
0 0.5065502183406113 0.16826923076923078 0.23580786026200873 0.06009615384615385
0 0.47161572052401746 0.21875 0.2576419213973799 0.052884615384615384
0 0.4497816593886463 0.25961538461538464 0.22707423580786026 0.06009615384615385
0 0.45414847161572053 0.3125 0.27074235807860264 0.057692307692307696
0 0.45414847161572053 0.36778846153846156 0.2838427947598253 0.0625
0 0.4847161572052402 0.4206730769230769 0.314410480349345 0.07211538461538461
0 0.519650655021834 0.47836538461538464 0.30131004366812225 0.07932692307692307
0 0.5502183406113537 0.5432692307692307 0.3056768558951965 0.07451923076923077
0 0.5502183406113537 0.6153846153846154 0.314410480349345 0.07932692307692307
0 0.5502183406113537 0.6850961538461539 0.31877729257641924 0.07211538461538461
0 0.5502183406113537 0.7451923076923077 0.3231441048034934 0.07211538461538461
0 0.5676855895196506 0.8221153846153846 0.3624454148471616 0.0985576923076923
0 0.5283842794759825 0.8942307692307693 0.4192139737991266 0.08653846153846154