0 0.48034934497816595 0.0889423076923077 0.2096069868995633 0.05048076923076923
0 0.48034934497816595 0.13942307692307693 0.21397379912663755 0.057692307692307696
0 0.4759825327510917 0.18269230769230768 0.22707423580786026 0.055288461538461536
0 0.4847161572052402 0.2283653846153846 0.2794759825327511 0.0625
0 0.4585152838427948 0.2764423076923077 0.24017467248908297 0.06009615384615385
0 0.4672489082969432 0.3269230769230769 0.2576419213973799 0.06009615384615385
0 0.4585152838427948 0.38461538461538464 0.25327510917030566 0.055288461538461536
0 0.4585152838427948 0.4326923076923077 0.2314410480349345 0.06490384615384616
0 0.4759825327510917 0.4879807692307692 0.23580786026200873 0.0625
0 0.49344978165938863 0.5480769230769231 0.2445414847161572 0.07451923076923077
0 0.5283842794759825 0.6057692307692307 0.2663755458515284 0.07692307692307693
0 0.5545851528384279 0.6658653846153846 0.28820960698689957 0.08413461538461539
0 0.5676855895196506 0.7331730769230769 0.2794759825327511 0.07932692307692307
0 0.5676855895196506 0.8028846153846154 0.2925764192139738 0.07932692307692307
0 0.5502183406113537 0.8774038461538461 0.3056768558951965 0.08173076923076923