0 0.49344978165938863 0.84375 0.2445414847161572 0.08413461538461539
0 0.5240174672489083 0.7740384615384616 0.25327510917030566 0.07211538461538461
0 0.5589519650655022 0.6971153846153846 0.26200873362445415 0.07692307692307693
0 0.5764192139737991 0.6346153846153846 0.22270742358078602 0.0625
0 0.5589519650655022 0.5721153846153846 0.2576419213973799 0.07211538461538461
0 0.5240174672489083 0.5120192307692307 0.24017467248908297 0.06971153846153846
0 0.519650655021834 0.4567307692307692 0.2096069868995633 0.055288461538461536
0 0.5021834061135371 0.40625 0.22707423580786026 0.04807692307692308
0 0.49344978165938863 0.3581730769230769 0.20087336244541484 0.052884615384615384
0 0.5021834061135371 0.31009615384615385 0.1965065502183406 0.05048076923076923
0 0.5109170305676856 0.2644230769230769 0.17903930131004367 0.057692307692307696
0 0.5414847161572053 0.21634615384615385 0.18777292576419213 0.052884615384615384
0 0.5633187772925764 0.17067307692307693 0.14847161572052403 0.04567307692307692
0 0.5545851528384279 0.125 0.17467248908296942 0.04326923076923077
0 0.48034934497816595 0.9254807692307693 0.3537117903930131 0.06971153846153846