0 0.4410480349344978 0.9230769230769231 0.3537117903930131 0.09134615384615384
0 0.5152838427947598 0.8557692307692307 0.2925764192139738 0.07692307692307693
0 0.5720524017467249 0.8004807692307693 0.26200873362445415 0.07692307692307693
0 0.6157205240174672 0.7427884615384616 0.2794759825327511 0.08653846153846154
0 0.6419213973799127 0.6826923076923077 0.25327510917030566 0.07211538461538461
0 0.6506550218340611 0.6274038461538461 0.2445414847161572 0.06490384615384616
0 0.6069868995633187 0.5552884615384616 0.2663755458515284 0.08173076923076923
0 0.5633187772925764 0.4807692307692308 0.26200873362445415 0.06971153846153846
0 0.5240174672489083 0.4230769230769231 0.27074235807860264 0.0673076923076923
0 0.519650655021834 0.3557692307692308 0.24890829694323144 0.07451923076923077
0 0.5458515283842795 0.30288461538461536 0.22707423580786026 0.0625
0 0.5676855895196506 0.2548076923076923 0.1965065502183406 0.0673076923076923
0 0.5720524017467249 0.18509615384615385 0.17467248908296942 0.05048076923076923
0 0.5982532751091703 0.14423076923076922 0.1572052401746725 0.05048076923076923
0 0.62882096069869 0.11298076923076923 0.19213973799126638 0.052884615384615384