0 0.4978165938864629 0.04567307692307692 0.2183406113537118 0.04807692307692308
0 0.4847161572052402 0.07932692307692307 0.21397379912663755 0.04567307692307692
0 0.49344978165938863 0.125 0.24017467248908297 0.057692307692307696
0 0.5109170305676856 0.17548076923076922 0.22707423580786026 0.0625
0 0.537117903930131 0.22355769230769232 0.2314410480349345 0.06490384615384616
0 0.5720524017467249 0.2692307692307692 0.2314410480349345 0.0625
0 0.6244541484716157 0.31490384615384615 0.26200873362445415 0.0673076923076923
0 0.6812227074235808 0.35336538461538464 0.2663755458515284 0.07211538461538461
0 0.74235807860262 0.39663461538461536 0.24890829694323144 0.06490384615384616
0 0.7860262008733624 0.4519230769230769 0.27510917030567683 0.0673076923076923
0 0.8034934497816594 0.5120192307692307 0.27510917030567683 0.07692307692307693
0 0.777292576419214 0.5721153846153846 0.28820960698689957 0.07451923076923077
0 0.7030567685589519 0.6346153846153846 0.2925764192139738 0.09375
0 0.6069868995633187 0.6850961538461539 0.2794759825327511 0.10336538461538461
0 0.4890829694323144 0.7451923076923077 0.2925764192139738 0.09615384615384616
0 0.4104803493449782 0.8125 0.31004366812227074 0.09615384615384616
0 0.3624454148471616 0.875 0.33624454148471616 0.07692307692307693