0 0.6200873362445415 0.6346153846153846 0.27510917030567683 0.06490384615384616
0 0.4978165938864629 0.8461538461538461 0.3231441048034934 0.08413461538461539
0 0.5720524017467249 0.7668269230769231 0.28820960698689957 0.07932692307692307
0 0.611353711790393 0.7043269230769231 0.2794759825327511 0.08173076923076923
0 0.4978165938864629 0.45913461538461536 0.2663755458515284 0.06490384615384616
0 0.45414847161572053 0.40625 0.2096069868995633 0.0625
0 0.4759825327510917 0.3581730769230769 0.23580786026200873 0.052884615384615384
0 0.5283842794759825 0.30528846153846156 0.23580786026200873 0.04807692307692308
0 0.5938864628820961 0.25721153846153844 0.24017467248908297 0.052884615384615384
0 0.6069868995633187 0.2091346153846154 0.20087336244541484 0.055288461538461536
0 0.6157205240174672 0.16826923076923078 0.19213973799126638 0.05048076923076923
0 0.611353711790393 0.11778846153846154 0.19213973799126638 0.04807692307692308
0 0.5938864628820961 0.07932692307692307 0.2052401746724891 0.038461538461538464
0 0.5458515283842795 0.5072115384615384 0.2663755458515284 0.0673076923076923
0 0.5982532751091703 0.5697115384615384 0.27074235807860264 0.07451923076923077