0 0.6724890829694323 0.8293269230769231 0.29694323144104806 0.0673076923076923
0 0.5807860262008734 0.7620192307692307 0.24017467248908297 0.08413461538461539
0 0.48034934497816595 0.7091346153846154 0.25327510917030566 0.0985576923076923
0 0.37117903930131 0.6514423076923077 0.2576419213973799 0.06971153846153846
0 0.33624454148471616 0.5841346153846154 0.24890829694323144 0.0625
0 0.32751091703056767 0.5240384615384616 0.24890829694323144 0.06009615384615385
0 0.36681222707423583 0.46875 0.22707423580786026 0.06490384615384616
0 0.4017467248908297 0.4182692307692308 0.2663755458515284 0.06009615384615385
0 0.42358078602620086 0.3701923076923077 0.23580786026200873 0.052884615384615384
0 0.4410480349344978 0.31971153846153844 0.22707423580786026 0.04807692307692308
0 0.462882096069869 0.27403846153846156 0.20087336244541484 0.0625
0 0.4672489082969432 0.22115384615384615 0.2052401746724891 0.057692307692307696
0 0.47161572052401746 0.17307692307692307 0.1965065502183406 0.04807692307692308
0 0.4585152838427948 0.125 0.1703056768558952 0.04807692307692308
0 0.45414847161572053 0.09134615384615384 0.2052401746724891 0.055288461538461536