0 0.5589519650655022 0.057692307692307696 0.23580786026200873 0.052884615384615384
0 0.5458515283842795 0.09615384615384616 0.21397379912663755 0.0625
0 0.5021834061135371 0.13942307692307693 0.24017467248908297 0.0673076923076923
0 0.45414847161572053 0.1778846153846154 0.24017467248908297 0.07211538461538461
0 0.388646288209607 0.21634615384615385 0.22707423580786026 0.07211538461538461
0 0.31004366812227074 0.25721153846153844 0.2183406113537118 0.07211538461538461
0 0.23580786026200873 0.3004807692307692 0.23580786026200873 0.07451923076923077
0 0.2096069868995633 0.34375 0.2445414847161572 0.06490384615384616
0 0.20087336244541484 0.3918269230769231 0.2663755458515284 0.06490384615384616
0 0.22707423580786026 0.4423076923076923 0.2663755458515284 0.06490384615384616
0 0.31877729257641924 0.49759615384615385 0.2925764192139738 0.08413461538461539
0 0.40611353711790393 0.5384615384615384 0.30131004366812225 0.08653846153846154
0 0.519650655021834 0.59375 0.27510917030567683 0.09375
0 0.62882096069869 0.6466346153846154 0.2838427947598253 0.07692307692307693
0 0.6768558951965066 0.7115384615384616 0.2925764192139738 0.07932692307692307
0 0.7161572052401747 0.7788461538461539 0.2925764192139738 0.07211538461538461
0 0.7379912663755459 0.8533653846153846 0.3231441048034934 0.08173076923076923