0 0.4890829694323144 0.8461538461538461 0.25327510917030566 0.0625
0 0.49344978165938863 0.7932692307692307 0.22707423580786026 0.052884615384615384
0 0.5109170305676856 0.7379807692307693 0.2183406113537118 0.052884615384615384
0 0.5240174672489083 0.6730769230769231 0.2183406113537118 0.06490384615384616
0 0.5240174672489083 0.6033653846153846 0.24017467248908297 0.06009615384615385
0 0.5152838427947598 0.5408653846153846 0.23580786026200873 0.057692307692307696
0 0.5152838427947598 0.4855769230769231 0.20087336244541484 0.06009615384615385
0 0.5109170305676856 0.4326923076923077 0.17467248908296942 0.06009615384615385
0 0.5021834061135371 0.38461538461538464 0.18777292576419213 0.0625
0 0.5021834061135371 0.3317307692307692 0.21397379912663755 0.055288461538461536
0 0.49344978165938863 0.2764423076923077 0.2052401746724891 0.052884615384615384
0 0.49344978165938863 0.23076923076923078 0.2183406113537118 0.052884615384615384
0 0.5021834061135371 0.18028846153846154 0.2183406113537118 0.055288461538461536
0 0.4978165938864629 0.14182692307692307 0.22270742358078602 0.0673076923076923
0 0.5021834061135371 0.09375 0.2445414847161572 0.05048076923076923