0 0.44541484716157204 0.8846153846153846 0.31877729257641924 0.07932692307692307
0 0.5240174672489083 0.8173076923076923 0.3318777292576419 0.06971153846153846
0 0.6157205240174672 0.7475961538461539 0.29694323144104806 0.06971153846153846
0 0.6550218340611353 0.6875 0.2445414847161572 0.0625
0 0.6637554585152838 0.625 0.27510917030567683 0.06490384615384616
0 0.62882096069869 0.5552884615384616 0.2794759825327511 0.07211538461538461
0 0.5633187772925764 0.5096153846153846 0.29694323144104806 0.0673076923076923
0 0.47161572052401746 0.46153846153846156 0.2663755458515284 0.06490384615384616
0 0.40611353711790393 0.4110576923076923 0.21397379912663755 0.055288461538461536
0 0.40611353711790393 0.36778846153846156 0.2794759825327511 0.07211538461538461
0 0.4192139737991266 0.3125 0.27510917030567683 0.06490384615384616
0 0.44541484716157204 0.2548076923076923 0.26200873362445415 0.05048076923076923
0 0.4759825327510917 0.23076923076923078 0.22707423580786026 0.06009615384615385
0 0.5152838427947598 0.18269230769230768 0.22707423580786026 0.06490384615384616
0 0.519650655021834 0.1346153846153846 0.1703056768558952 0.04807692307692308
0 0.537117903930131 0.0985576923076923 0.14847161572052403 0.038461538461538464