0 0.5021834061135371 0.9182692307692307 0.2445414847161572 0.07692307692307693
0 0.4890829694323144 0.8557692307692307 0.2576419213973799 0.0625
0 0.4759825327510917 0.7956730769230769 0.2445414847161572 0.0625
0 0.47161572052401746 0.7307692307692307 0.2096069868995633 0.06971153846153846
0 0.49344978165938863 0.6634615384615384 0.21397379912663755 0.06009615384615385
0 0.5021834061135371 0.6033653846153846 0.2314410480349345 0.0673076923076923
0 0.5327510917030568 0.5408653846153846 0.21397379912663755 0.07451923076923077
0 0.5589519650655022 0.4855769230769231 0.2096069868995633 0.07451923076923077
0 0.5764192139737991 0.4230769230769231 0.17467248908296942 0.055288461538461536
0 0.5895196506550219 0.37740384615384615 0.17467248908296942 0.057692307692307696
0 0.5807860262008734 0.3245192307692308 0.1703056768558952 0.055288461538461536
0 0.5720524017467249 0.27884615384615385 0.16593886462882096 0.05048076923076923
0 0.5545851528384279 0.2283653846153846 0.17903930131004367 0.04326923076923077
0 0.537117903930131 0.1778846153846154 0.1615720524017467 0.05048076923076923
0 0.519650655021834 0.12740384615384615 0.14847161572052403 0.03125
0 0.5065502183406113 0.08653846153846154 0.14410480349344978 0.03365384615384615