0 0.6593886462882096 0.8341346153846154 0.3406113537117904 0.08173076923076923
0 0.7205240174672489 0.7596153846153846 0.2838427947598253 0.07211538461538461
0 0.6986899563318777 0.6802884615384616 0.2663755458515284 0.0673076923076923
0 0.62882096069869 0.6177884615384616 0.3056768558951965 0.08653846153846154
0 0.4847161572052402 0.5600961538461539 0.27510917030567683 0.08653846153846154
0 0.37117903930131 0.5192307692307693 0.24890829694323144 0.07932692307692307
0 0.28820960698689957 0.46634615384615385 0.2794759825327511 0.06971153846153846
0 0.24017467248908297 0.40865384615384615 0.2663755458515284 0.0673076923076923
0 0.2096069868995633 0.3557692307692308 0.26200873362445415 0.06490384615384616
0 0.2314410480349345 0.30288461538461536 0.2663755458515284 0.057692307692307696
0 0.2838427947598253 0.25721153846153844 0.2183406113537118 0.057692307692307696
0 0.35807860262008734 0.21394230769230768 0.1965065502183406 0.0625
0 0.4279475982532751 0.16826923076923078 0.19213973799126638 0.057692307692307696
0 0.4672489082969432 0.12740384615384615 0.2096069868995633 0.0673076923076923
0 0.5109170305676856 0.07932692307692307 0.2096069868995633 0.057692307692307696