0 0.4759825327510917 0.8677884615384616 0.24890829694323144 0.07692307692307693
0 0.5109170305676856 0.7956730769230769 0.2096069868995633 0.0673076923076923
0 0.5458515283842795 0.7283653846153846 0.1965065502183406 0.06971153846153846
0 0.5676855895196506 0.6658653846153846 0.21397379912663755 0.0625
0 0.5720524017467249 0.5961538461538461 0.22270742358078602 0.06009615384615385
0 0.5414847161572053 0.5360576923076923 0.21397379912663755 0.06009615384615385
0 0.5021834061135371 0.4855769230769231 0.18777292576419213 0.052884615384615384
0 0.48034934497816595 0.4375 0.21397379912663755 0.055288461538461536
0 0.4759825327510917 0.38461538461538464 0.18340611353711792 0.04807692307692308
0 0.47161572052401746 0.34134615384615385 0.20087336244541484 0.055288461538461536
0 0.4759825327510917 0.28125 0.1965065502183406 0.05048076923076923
0 0.4890829694323144 0.24519230769230768 0.1703056768558952 0.057692307692307696
0 0.5065502183406113 0.19230769230769232 0.15283842794759825 0.04567307692307692
0 0.5283842794759825 0.14903846153846154 0.14847161572052403 0.04807692307692308
0 0.5414847161572053 0.10817307692307693 0.14847161572052403 0.05048076923076923
0 0.537117903930131 0.07211538461538461 0.16593886462882096 0.03365384615384615