0 0.4585152838427948 0.04567307692307692 0.25327510917030566 0.057692307692307696
0 0.4585152838427948 0.07211538461538461 0.27510917030567683 0.04567307692307692
0 0.462882096069869 0.10096153846153846 0.25327510917030566 0.04807692307692308
0 0.48034934497816595 0.1346153846153846 0.24890829694323144 0.05048076923076923
0 0.4978165938864629 0.16826923076923078 0.22270742358078602 0.04567307692307692
0 0.5152838427947598 0.21153846153846154 0.24890829694323144 0.055288461538461536
0 0.4978165938864629 0.2548076923076923 0.2663755458515284 0.07451923076923077
0 0.49344978165938863 0.30528846153846156 0.24890829694323144 0.057692307692307696
0 0.4847161572052402 0.3581730769230769 0.23580786026200873 0.06971153846153846
0 0.47161572052401746 0.40865384615384615 0.26200873362445415 0.0673076923076923
0 0.4585152838427948 0.46634615384615385 0.2794759825327511 0.07451923076923077
0 0.4410480349344978 0.5168269230769231 0.2794759825327511 0.07211538461538461
0 0.39737991266375544 0.5817307692307693 0.28820960698689957 0.0673076923076923
0 0.388646288209607 0.6225961538461539 0.28820960698689957 0.06009615384615385
0 0.3930131004366812 0.6658653846153846 0.27510917030567683 0.06009615384615385
0 0.42358078602620086 0.7163461538461539 0.2794759825327511 0.055288461538461536
0 0.4279475982532751 0.7692307692307693 0.28820960698689957 0.052884615384615384
0 0.4279475982532751 0.8173076923076923 0.2794759825327511 0.057692307692307696
0 0.4366812227074236 0.8701923076923077 0.28820960698689957 0.055288461538461536
0 0.4366812227074236 0.9254807692307693 0.31877729257641924 0.057692307692307696