0 0.5938864628820961 0.8389423076923077 0.27510917030567683 0.07451923076923077
0 0.62882096069869 0.78125 0.27510917030567683 0.07451923076923077
0 0.62882096069869 0.7115384615384616 0.2925764192139738 0.06009615384615385
0 0.62882096069869 0.65625 0.2663755458515284 0.06490384615384616
0 0.6026200873362445 0.6033653846153846 0.28820960698689957 0.06490384615384616
0 0.5589519650655022 0.5480769230769231 0.24890829694323144 0.0625
0 0.5283842794759825 0.4951923076923077 0.24017467248908297 0.055288461538461536
0 0.4978165938864629 0.4543269230769231 0.25327510917030566 0.057692307692307696
0 0.4847161572052402 0.39903846153846156 0.24017467248908297 0.06009615384615385
0 0.48034934497816595 0.34615384615384615 0.22707423580786026 0.052884615384615384
0 0.47161572052401746 0.3004807692307692 0.21397379912663755 0.055288461538461536
0 0.5065502183406113 0.25240384615384615 0.17903930131004367 0.055288461538461536
0 0.519650655021834 0.20673076923076922 0.15283842794759825 0.052884615384615384
0 0.537117903930131 0.16346153846153846 0.1572052401746725 0.055288461538461536
0 0.5502183406113537 0.1201923076923077 0.17903930131004367 0.04807692307692308
0 0.5589519650655022 0.07692307692307693 0.18340611353711792 0.04567307692307692
0 0.5982532751091703 0.04807692307692308 0.18777292576419213 0.040865384615384616
0 0.5502183406113537 0.9110576923076923 0.31004366812227074 0.06490384615384616