0 0.5152838427947598 0.8533653846153846 0.3318777292576419 0.08173076923076923
0 0.5021834061135371 0.78125 0.2925764192139738 0.06490384615384616
0 0.4759825327510917 0.7115384615384616 0.2663755458515284 0.07932692307692307
0 0.4585152838427948 0.6514423076923077 0.25327510917030566 0.0625
0 0.4585152838427948 0.5817307692307693 0.2445414847161572 0.07451923076923077
0 0.4585152838427948 0.5192307692307693 0.24890829694323144 0.08173076923076923
0 0.4890829694323144 0.44711538461538464 0.24017467248908297 0.06009615384615385
0 0.5065502183406113 0.3918269230769231 0.25327510917030566 0.0673076923076923
0 0.5152838427947598 0.34134615384615385 0.2314410480349345 0.0673076923076923
0 0.5109170305676856 0.27884615384615385 0.25327510917030566 0.06971153846153846
0 0.5109170305676856 0.22355769230769232 0.22707423580786026 0.055288461538461536
0 0.5021834061135371 0.1778846153846154 0.21397379912663755 0.052884615384615384
0 0.5152838427947598 0.1346153846153846 0.2183406113537118 0.04567307692307692
0 0.5021834061135371 0.09134615384615384 0.22270742358078602 0.04326923076923077
0 0.4890829694323144 0.04807692307692308 0.2052401746724891 0.038461538461538464