0 0.5502183406113537 0.8581730769230769 0.3056768558951965 0.09134615384615384
0 0.4890829694323144 0.7860576923076923 0.2838427947598253 0.09615384615384616
0 0.4279475982532751 0.7211538461538461 0.31004366812227074 0.09375
0 0.3799126637554585 0.6490384615384616 0.2838427947598253 0.07692307692307693
0 0.3537117903930131 0.5673076923076923 0.2838427947598253 0.07211538461538461
0 0.37117903930131 0.5216346153846154 0.23580786026200873 0.06009615384615385
0 0.3930131004366812 0.4567307692307692 0.22707423580786026 0.055288461538461536
0 0.4279475982532751 0.40865384615384615 0.20087336244541484 0.057692307692307696
0 0.4497816593886463 0.3581730769230769 0.21397379912663755 0.052884615384615384
0 0.47161572052401746 0.3125 0.18777292576419213 0.057692307692307696
0 0.4978165938864629 0.2644230769230769 0.18777292576419213 0.055288461538461536
0 0.4978165938864629 0.21153846153846154 0.18340611353711792 0.04567307692307692
0 0.4847161572052402 0.1658653846153846 0.18340611353711792 0.055288461538461536
0 0.4672489082969432 0.125 0.18340611353711792 0.04326923076923077
0 0.4497816593886463 0.07932692307692307 0.17467248908296942 0.04807692307692308
0 0.4410480349344978 0.038461538461538464 0.1965065502183406 0.04326923076923077