0 0.5240174672489083 0.10817307692307693 0.18777292576419213 0.052884615384615384
0 0.5545851528384279 0.14903846153846154 0.18777292576419213 0.0625
0 0.5807860262008734 0.19230769230769232 0.22270742358078602 0.057692307692307696
0 0.5589519650655022 0.24278846153846154 0.2052401746724891 0.06009615384615385
0 0.5283842794759825 0.2932692307692308 0.23580786026200873 0.0625
0 0.4978165938864629 0.34375 0.23580786026200873 0.0625
0 0.4672489082969432 0.3894230769230769 0.22707423580786026 0.0673076923076923
0 0.45414847161572053 0.4423076923076923 0.2445414847161572 0.07211538461538461
0 0.45414847161572053 0.5 0.2663755458515284 0.0625
0 0.4585152838427948 0.5504807692307693 0.23580786026200873 0.06971153846153846
0 0.4759825327510917 0.6105769230769231 0.2445414847161572 0.07451923076923077
0 0.4890829694323144 0.6754807692307693 0.24890829694323144 0.07932692307692307
0 0.4890829694323144 0.7475961538461539 0.25327510917030566 0.07451923076923077
0 0.4759825327510917 0.8173076923076923 0.24890829694323144 0.07451923076923077