0 0.5676855895196506 0.040865384615384616 0.26200873362445415 0.057692307692307696
0 0.5458515283842795 0.07932692307692307 0.25327510917030566 0.052884615384615384
0 0.5240174672489083 0.12259615384615384 0.24890829694323144 0.057692307692307696
0 0.4759825327510917 0.17067307692307693 0.23580786026200873 0.057692307692307696
0 0.4497816593886463 0.21634615384615385 0.25327510917030566 0.06009615384615385
0 0.42358078602620086 0.25961538461538464 0.25327510917030566 0.057692307692307696
0 0.40611353711790393 0.31009615384615385 0.2576419213973799 0.052884615384615384
0 0.4148471615720524 0.35096153846153844 0.25327510917030566 0.057692307692307696
0 0.45414847161572053 0.39903846153846156 0.2794759825327511 0.06490384615384616
0 0.4890829694323144 0.44711538461538464 0.25327510917030566 0.0673076923076923
0 0.5458515283842795 0.5024038461538461 0.28820960698689957 0.07932692307692307
0 0.6026200873362445 0.5600961538461539 0.29694323144104806 0.07211538461538461
0 0.62882096069869 0.6225961538461539 0.2925764192139738 0.06971153846153846
0 0.6375545851528385 0.6899038461538461 0.3056768558951965 0.08653846153846154
0 0.6069868995633187 0.7596153846153846 0.29694323144104806 0.07692307692307693
0 0.5414847161572053 0.8269230769230769 0.31877729257641924 0.07451923076923077
0 0.5109170305676856 0.9014423076923077 0.37117903930131 0.07692307692307693
0 0.49344978165938863 0.9543269230769231 0.4497816593886463 0.0889423076923077