0 0.5807860262008734 0.09375 0.16593886462882096 0.0625
0 0.5676855895196506 0.1346153846153846 0.14847161572052403 0.06490384615384616
0 0.5327510917030568 0.17548076923076922 0.1615720524017467 0.0625
0 0.4890829694323144 0.20673076923076922 0.17467248908296942 0.07211538461538461
0 0.4192139737991266 0.25 0.20087336244541484 0.07451923076923077
0 0.38427947598253276 0.2932692307692308 0.18340611353711792 0.0673076923076923
0 0.3799126637554585 0.33653846153846156 0.19213973799126638 0.06971153846153846
0 0.388646288209607 0.38461538461538464 0.2052401746724891 0.06490384615384616
0 0.4148471615720524 0.43509615384615385 0.1965065502183406 0.08173076923076923
0 0.4672489082969432 0.4951923076923077 0.1965065502183406 0.08413461538461539
0 0.5458515283842795 0.5504807692307693 0.22270742358078602 0.0889423076923077
0 0.6026200873362445 0.6105769230769231 0.21397379912663755 0.08173076923076923
0 0.6375545851528385 0.6754807692307693 0.1965065502183406 0.07211538461538461
0 0.6462882096069869 0.7524038461538461 0.21397379912663755 0.07932692307692307
0 0.6200873362445415 0.8221153846153846 0.2314410480349345 0.07932692307692307