0 0.5764192139737991 0.057692307692307696 0.20087336244541484 0.06490384615384616
0 0.5502183406113537 0.10336538461538461 0.18340611353711792 0.0673076923076923
0 0.5021834061135371 0.14423076923076922 0.17903930131004367 0.0673076923076923
0 0.4585152838427948 0.18509615384615385 0.18340611353711792 0.0673076923076923
0 0.3930131004366812 0.22355769230769232 0.16593886462882096 0.0673076923076923
0 0.3231441048034934 0.2620192307692308 0.17467248908296942 0.06971153846153846
0 0.25327510917030566 0.30288461538461536 0.19213973799126638 0.07211538461538461
0 0.20087336244541484 0.34615384615384615 0.1965065502183406 0.06971153846153846
0 0.17467248908296942 0.40625 0.19213973799126638 0.0673076923076923
0 0.17903930131004367 0.4639423076923077 0.19213973799126638 0.07451923076923077
0 0.2096069868995633 0.5240384615384616 0.21397379912663755 0.07932692307692307
0 0.2794759825327511 0.5841346153846154 0.2445414847161572 0.09615384615384616
0 0.37117903930131 0.6346153846153846 0.26200873362445415 0.09615384615384616
0 0.4847161572052402 0.6899038461538461 0.24890829694323144 0.10096153846153846
0 0.5720524017467249 0.7548076923076923 0.27510917030567683 0.0985576923076923
0 0.611353711790393 0.8293269230769231 0.2838427947598253 0.0889423076923077