0 0.5327510917030568 0.09134615384615384 0.18777292576419213 0.052884615384615384
0 0.5152838427947598 0.13701923076923078 0.18777292576419213 0.06009615384615385
0 0.49344978165938863 0.18269230769230768 0.17903930131004367 0.07451923076923077
0 0.4585152838427948 0.22596153846153846 0.16593886462882096 0.06971153846153846
0 0.4104803493449782 0.2692307692307692 0.16593886462882096 0.06971153846153846
0 0.3624454148471616 0.3125 0.17467248908296942 0.06971153846153846
0 0.32751091703056767 0.36538461538461536 0.18777292576419213 0.0625
0 0.31004366812227074 0.41346153846153844 0.20087336244541484 0.0673076923076923
0 0.31004366812227074 0.47115384615384615 0.19213973799126638 0.07692307692307693
0 0.3318777292576419 0.53125 0.19213973799126638 0.07692307692307693
0 0.3930131004366812 0.59375 0.23580786026200873 0.08413461538461539
0 0.4497816593886463 0.6538461538461539 0.24890829694323144 0.09615384615384616
0 0.5065502183406113 0.7139423076923077 0.24890829694323144 0.0889423076923077
0 0.5458515283842795 0.7860576923076923 0.24890829694323144 0.08173076923076923
0 0.5589519650655022 0.8629807692307693 0.2576419213973799 0.07451923076923077