0 0.5458515283842795 0.040865384615384616 0.22270742358078602 0.04807692307692308
0 0.5152838427947598 0.08653846153846154 0.2052401746724891 0.028846153846153848
0 0.4847161572052402 0.1201923076923077 0.22270742358078602 0.040865384615384616
0 0.40611353711790393 0.15865384615384615 0.22270742358078602 0.05048076923076923
0 0.35807860262008734 0.20673076923076922 0.24890829694323144 0.057692307692307696
0 0.3231441048034934 0.25721153846153844 0.2445414847161572 0.057692307692307696
0 0.33624454148471616 0.3125 0.22707423580786026 0.055288461538461536
0 0.37117903930131 0.3605769230769231 0.24890829694323144 0.040865384615384616
0 0.4192139737991266 0.41346153846153844 0.27510917030567683 0.055288461538461536
0 0.4890829694323144 0.47115384615384615 0.25327510917030566 0.06009615384615385
0 0.5327510917030568 0.5192307692307693 0.2576419213973799 0.0673076923076923
0 0.6026200873362445 0.5817307692307693 0.30131004366812225 0.06490384615384616
0 0.6506550218340611 0.6466346153846154 0.26200873362445415 0.0625
0 0.6244541484716157 0.7163461538461539 0.27074235807860264 0.06971153846153846
0 0.5807860262008734 0.7836538461538461 0.2663755458515284 0.08653846153846154
0 0.49344978165938863 0.84375 0.29694323144104806 0.08173076923076923