0 0.40611353711790393 0.8245192307692307 0.2445414847161572 0.07692307692307693
0 0.4672489082969432 0.75 0.23580786026200873 0.06971153846153846
0 0.5065502183406113 0.6923076923076923 0.22270742358078602 0.06009615384615385
0 0.5502183406113537 0.6370192307692307 0.2314410480349345 0.0625
0 0.5502183406113537 0.5793269230769231 0.22707423580786026 0.0625
0 0.5589519650655022 0.53125 0.2183406113537118 0.052884615384615384
0 0.5502183406113537 0.47836538461538464 0.19213973799126638 0.0625
0 0.537117903930131 0.4182692307692308 0.17467248908296942 0.0673076923076923
0 0.5283842794759825 0.3629807692307692 0.17467248908296942 0.055288461538461536
0 0.5240174672489083 0.31009615384615385 0.1615720524017467 0.052884615384615384
0 0.5240174672489083 0.2620192307692308 0.1703056768558952 0.052884615384615384
0 0.537117903930131 0.22115384615384615 0.1703056768558952 0.052884615384615384
0 0.519650655021834 0.17548076923076922 0.20087336244541484 0.05048076923076923
0 0.519650655021834 0.125 0.16593886462882096 0.04326923076923077
0 0.5152838427947598 0.08413461538461539 0.17903930131004367 0.038461538461538464