0 0.6724890829694323 0.03365384615384615 0.2663755458515284 0.05048076923076923
0 0.6812227074235808 0.07211538461538461 0.2794759825327511 0.04807692307692308
0 0.6986899563318777 0.11057692307692307 0.2838427947598253 0.052884615384615384
0 0.6943231441048034 0.15625 0.27074235807860264 0.0673076923076923
0 0.6943231441048034 0.21394230769230768 0.26200873362445415 0.06490384615384616
0 0.6855895196506551 0.25961538461538464 0.27074235807860264 0.057692307692307696
0 0.6724890829694323 0.3173076923076923 0.2794759825327511 0.06009615384615385
0 0.6681222707423581 0.37259615384615385 0.28820960698689957 0.0625
0 0.6550218340611353 0.43028846153846156 0.2794759825327511 0.0625
0 0.6419213973799127 0.4879807692307692 0.29694323144104806 0.07211538461538461
0 0.6244541484716157 0.5480769230769231 0.31004366812227074 0.0673076923076923
0 0.6069868995633187 0.6129807692307693 0.34497816593886466 0.07692307692307693
0 0.5720524017467249 0.6802884615384616 0.3231441048034934 0.07692307692307693
0 0.5414847161572053 0.7403846153846154 0.34934497816593885 0.07692307692307693
0 0.49344978165938863 0.8028846153846154 0.388646288209607 0.08653846153846154
0 0.45414847161572053 0.8653846153846154 0.388646288209607 0.06009615384615385