0 0.4759825327510917 0.7836538461538461 0.2925764192139738 0.0673076923076923
0 0.4978165938864629 0.7091346153846154 0.2794759825327511 0.0673076923076923
0 0.5021834061135371 0.6370192307692307 0.2314410480349345 0.055288461538461536
0 0.5240174672489083 0.5769230769230769 0.22707423580786026 0.06490384615384616
0 0.5327510917030568 0.5120192307692307 0.22270742358078602 0.055288461538461536
0 0.537117903930131 0.4543269230769231 0.24017467248908297 0.05048076923076923
0 0.5502183406113537 0.3942307692307692 0.2445414847161572 0.057692307692307696
0 0.5414847161572053 0.33653846153846156 0.2183406113537118 0.04567307692307692
0 0.5283842794759825 0.2860576923076923 0.2183406113537118 0.055288461538461536
0 0.5283842794759825 0.2283653846153846 0.2096069868995633 0.04326923076923077
0 0.5065502183406113 0.17067307692307693 0.19213973799126638 0.05048076923076923
0 0.5109170305676856 0.125 0.20087336244541484 0.038461538461538464
0 0.5152838427947598 0.08413461538461539 0.18340611353711792 0.04326923076923077
0 0.5240174672489083 0.040865384615384616 0.18340611353711792 0.03125
0 0.48034934497816595 0.8413461538461539 0.2925764192139738 0.052884615384615384