0 0.4890829694323144 0.052884615384615384 0.23580786026200873 0.052884615384615384
0 0.48034934497816595 0.0985576923076923 0.2096069868995633 0.055288461538461536
0 0.4585152838427948 0.14182692307692307 0.2052401746724891 0.052884615384615384
0 0.4410480349344978 0.18990384615384615 0.23580786026200873 0.052884615384615384
0 0.4148471615720524 0.23557692307692307 0.22270742358078602 0.057692307692307696
0 0.4017467248908297 0.28125 0.21397379912663755 0.06009615384615385
0 0.4104803493449782 0.33413461538461536 0.23580786026200873 0.06009615384615385
0 0.4192139737991266 0.3798076923076923 0.2576419213973799 0.0625
0 0.43231441048034935 0.42788461538461536 0.25327510917030566 0.0625
0 0.4759825327510917 0.4855769230769231 0.2663755458515284 0.06971153846153846
0 0.5283842794759825 0.5408653846153846 0.2663755458515284 0.0625
0 0.5720524017467249 0.6033653846153846 0.2576419213973799 0.0673076923076923
0 0.5938864628820961 0.6658653846153846 0.2663755458515284 0.07932692307692307
0 0.5720524017467249 0.7355769230769231 0.2838427947598253 0.07211538461538461
0 0.5414847161572053 0.8100961538461539 0.2925764192139738 0.08173076923076923
0 0.49344978165938863 0.8653846153846154 0.30131004366812225 0.07932692307692307
0 0.4759825327510917 0.9230769230769231 0.3056768558951965 0.09134615384615384