0 0.5502183406113537 0.03125 0.18777292576419213 0.038461538461538464
0 0.5502183406113537 0.06971153846153846 0.19213973799126638 0.040865384615384616
0 0.5458515283842795 0.10817307692307693 0.18340611353711792 0.04567307692307692
0 0.5414847161572053 0.1466346153846154 0.1965065502183406 0.05048076923076923
0 0.5327510917030568 0.1875 0.1965065502183406 0.0625
0 0.4978165938864629 0.22596153846153846 0.17903930131004367 0.057692307692307696
0 0.44541484716157204 0.2644230769230769 0.20087336244541484 0.0673076923076923
0 0.3930131004366812 0.30288461538461536 0.19213973799126638 0.06971153846153846
0 0.37554585152838427 0.35096153846153844 0.21397379912663755 0.06490384615384616
0 0.3930131004366812 0.40384615384615385 0.24017467248908297 0.0625
0 0.4192139737991266 0.4543269230769231 0.2445414847161572 0.0625
0 0.4585152838427948 0.5072115384615384 0.2314410480349345 0.057692307692307696
0 0.4978165938864629 0.5649038461538461 0.2576419213973799 0.06971153846153846
0 0.537117903930131 0.625 0.2445414847161572 0.07211538461538461
0 0.5589519650655022 0.6923076923076923 0.25327510917030566 0.07692307692307693
0 0.5545851528384279 0.7644230769230769 0.25327510917030566 0.07692307692307693
0 0.537117903930131 0.8365384615384616 0.27074235807860264 0.07692307692307693
0 0.519650655021834 0.9086538461538461 0.314410480349345 0.08653846153846154