0 0.4759825327510917 0.040865384615384616 0.2096069868995633 0.040865384615384616
0 0.4759825327510917 0.06971153846153846 0.20087336244541484 0.036057692307692304
0 0.49344978165938863 0.10817307692307693 0.17467248908296942 0.04807692307692308
0 0.4978165938864629 0.15144230769230768 0.18777292576419213 0.04807692307692308
0 0.5021834061135371 0.19951923076923078 0.1703056768558952 0.05048076923076923
0 0.4978165938864629 0.24759615384615385 0.17903930131004367 0.057692307692307696
0 0.49344978165938863 0.30288461538461536 0.18340611353711792 0.052884615384615384
0 0.4847161572052402 0.3557692307692308 0.20087336244541484 0.04807692307692308
0 0.5021834061135371 0.4014423076923077 0.2183406113537118 0.052884615384615384
0 0.5152838427947598 0.44711538461538464 0.22270742358078602 0.057692307692307696
0 0.5502183406113537 0.5048076923076923 0.2445414847161572 0.06971153846153846
0 0.5633187772925764 0.5697115384615384 0.23580786026200873 0.0673076923076923
0 0.5851528384279476 0.6370192307692307 0.26200873362445415 0.0625
0 0.5851528384279476 0.7043269230769231 0.2576419213973799 0.07451923076923077
0 0.5633187772925764 0.7740384615384616 0.27510917030567683 0.07451923076923077
0 0.5283842794759825 0.8341346153846154 0.30131004366812225 0.08173076923076923
0 0.4672489082969432 0.8942307692307693 0.34497816593886466 0.08173076923076923