0 0.6506550218340611 0.8533653846153846 0.3231441048034934 0.08413461538461539
0 0.6724890829694323 0.7764423076923077 0.31004366812227074 0.06971153846153846
0 0.5633187772925764 0.7163461538461539 0.31877729257641924 0.08653846153846154
0 0.4148471615720524 0.6466346153846154 0.24017467248908297 0.08413461538461539
0 0.314410480349345 0.5913461538461539 0.30131004366812225 0.07211538461538461
0 0.2838427947598253 0.5264423076923077 0.3056768558951965 0.07211538461538461
0 0.2838427947598253 0.46634615384615385 0.30131004366812225 0.08173076923076923
0 0.33624454148471616 0.41586538461538464 0.2576419213973799 0.08173076923076923
0 0.40611353711790393 0.3629807692307692 0.2663755458515284 0.07692307692307693
0 0.462882096069869 0.31009615384615385 0.3056768558951965 0.07211538461538461
0 0.5152838427947598 0.25961538461538464 0.24890829694323144 0.06490384615384616
0 0.5458515283842795 0.20432692307692307 0.2314410480349345 0.06009615384615385
0 0.5720524017467249 0.16105769230769232 0.21397379912663755 0.06490384615384616
0 0.5851528384279476 0.11538461538461539 0.19213973799126638 0.052884615384615384
0 0.5764192139737991 0.07692307692307693 0.1965065502183406 0.04807692307692308