0 0.5021834061135371 0.8341346153846154 0.38427947598253276 0.07211538461538461
0 0.4978165938864629 0.7620192307692307 0.3537117903930131 0.0673076923076923
0 0.4890829694323144 0.6850961538461539 0.32751091703056767 0.06490384615384616
0 0.519650655021834 0.6129807692307693 0.31877729257641924 0.06009615384615385
0 0.5414847161572053 0.5480769230769231 0.30131004366812225 0.06009615384615385
0 0.5807860262008734 0.4855769230769231 0.3056768558951965 0.055288461538461536
0 0.611353711790393 0.43509615384615385 0.28820960698689957 0.04326923076923077
0 0.6069868995633187 0.38461538461538464 0.314410480349345 0.04807692307692308
0 0.5458515283842795 0.35096153846153844 0.26200873362445415 0.06009615384615385
0 0.45414847161572053 0.31490384615384615 0.23580786026200873 0.057692307692307696
0 0.3930131004366812 0.2668269230769231 0.24890829694323144 0.06009615384615385
0 0.34934497816593885 0.22115384615384615 0.22270742358078602 0.04567307692307692
0 0.3406113537117904 0.17548076923076922 0.26200873362445415 0.06009615384615385
0 0.314410480349345 0.125 0.24017467248908297 0.04567307692307692
0 0.314410480349345 0.07451923076923077 0.2576419213973799 0.040865384615384616