0 0.6244541484716157 0.8533653846153846 0.2663755458515284 0.08413461538461539
0 0.5807860262008734 0.7764423076923077 0.2925764192139738 0.09375
0 0.4890829694323144 0.7067307692307693 0.30131004366812225 0.0889423076923077
0 0.37117903930131 0.6442307692307693 0.2794759825327511 0.08173076923076923
0 0.314410480349345 0.5889423076923077 0.2794759825327511 0.08413461538461539
0 0.2183406113537118 0.5240384615384616 0.24017467248908297 0.07932692307692307
0 0.17903930131004367 0.4639423076923077 0.2663755458515284 0.0625
0 0.1615720524017467 0.40625 0.2314410480349345 0.0625
0 0.1703056768558952 0.35096153846153844 0.2052401746724891 0.0673076923076923
0 0.2183406113537118 0.30528846153846156 0.20087336244541484 0.0673076923076923
0 0.27510917030567683 0.25721153846153844 0.18340611353711792 0.06490384615384616
0 0.34934497816593885 0.21394230769230768 0.1615720524017467 0.0625
0 0.4104803493449782 0.17307692307692307 0.14847161572052403 0.057692307692307696
0 0.4366812227074236 0.12980769230769232 0.1615720524017467 0.055288461538461536
0 0.462882096069869 0.09134615384615384 0.17903930131004367 0.04807692307692308
0 0.47161572052401746 0.04807692307692308 0.20087336244541484 0.04326923076923077