0 0.5982532751091703 0.9014423076923077 0.3231441048034934 0.09615384615384616
0 0.6026200873362445 0.8293269230769231 0.32751091703056767 0.07932692307692307
0 0.6069868995633187 0.7620192307692307 0.3231441048034934 0.08653846153846154
0 0.5720524017467249 0.6923076923076923 0.29694323144104806 0.07692307692307693
0 0.4978165938864629 0.6201923076923077 0.2794759825327511 0.08173076923076923
0 0.44541484716157204 0.5600961538461539 0.28820960698689957 0.09375
0 0.38427947598253276 0.5048076923076923 0.25327510917030566 0.0673076923076923
0 0.3318777292576419 0.4519230769230769 0.2576419213973799 0.0673076923076923
0 0.35807860262008734 0.39663461538461536 0.2794759825327511 0.07451923076923077
0 0.37117903930131 0.35096153846153844 0.2314410480349345 0.057692307692307696
0 0.4148471615720524 0.30288461538461536 0.2838427947598253 0.09375
0 0.4759825327510917 0.2548076923076923 0.2183406113537118 0.06490384615384616
0 0.519650655021834 0.21394230769230768 0.25327510917030566 0.06490384615384616
0 0.5327510917030568 0.16346153846153846 0.25327510917030566 0.05048076923076923
0 0.5327510917030568 0.1201923076923077 0.2314410480349345 0.0625
0 0.5109170305676856 0.07692307692307693 0.2183406113537118 0.052884615384615384
0 0.48034934497816595 0.040865384615384616 0.24890829694323144 0.055288461538461536