0 0.31877729257641924 0.021634615384615384 0.20087336244541484 0.04326923076923077
0 0.3318777292576419 0.057692307692307696 0.20087336244541484 0.052884615384615384
0 0.34934497816593885 0.10336538461538461 0.1965065502183406 0.05048076923076923
0 0.35807860262008734 0.14903846153846154 0.1965065502183406 0.057692307692307696
0 0.3624454148471616 0.19951923076923078 0.20087336244541484 0.06009615384615385
0 0.3406113537117904 0.25240384615384615 0.1965065502183406 0.055288461538461536
0 0.33624454148471616 0.30528846153846156 0.21397379912663755 0.055288461538461536
0 0.36681222707423583 0.3485576923076923 0.22707423580786026 0.06490384615384616
0 0.39737991266375544 0.39663461538461536 0.2314410480349345 0.07211538461538461
0 0.4759825327510917 0.43509615384615385 0.27510917030567683 0.09134615384615384
0 0.5589519650655022 0.4735576923076923 0.2576419213973799 0.08653846153846154
0 0.6462882096069869 0.5168269230769231 0.2052401746724891 0.09375
0 0.74235807860262 0.5649038461538461 0.2445414847161572 0.08173076923076923
0 0.7947598253275109 0.6298076923076923 0.2445414847161572 0.07932692307692307
0 0.8034934497816594 0.7067307692307693 0.26200873362445415 0.08413461538461539
0 0.7336244541484717 0.7788461538461539 0.2576419213973799 0.10576923076923077
0 0.6419213973799127 0.8605769230769231 0.25327510917030566 0.1201923076923077
0 0.537117903930131 0.9206730769230769 0.2794759825327511 0.10336538461538461