0 0.5807860262008734 0.07692307692307693 0.25327510917030566 0.06009615384615385
0 0.5851528384279476 0.125 0.2663755458515284 0.052884615384615384
0 0.5764192139737991 0.17307692307692307 0.27074235807860264 0.06009615384615385
0 0.5589519650655022 0.22596153846153846 0.28820960698689957 0.06971153846153846
0 0.5414847161572053 0.28125 0.24890829694323144 0.08173076923076923
0 0.5545851528384279 0.34134615384615385 0.2576419213973799 0.07692307692307693
0 0.5633187772925764 0.38461538461538464 0.2663755458515284 0.07211538461538461
0 0.5283842794759825 0.4326923076923077 0.26200873362445415 0.0889423076923077
0 0.49344978165938863 0.49278846153846156 0.2925764192139738 0.08173076923076923
0 0.44541484716157204 0.5480769230769231 0.314410480349345 0.07692307692307693
0 0.44541484716157204 0.6057692307692307 0.3406113537117904 0.08173076923076923
0 0.47161572052401746 0.6706730769230769 0.33624454148471616 0.08413461538461539
0 0.49344978165938863 0.7427884615384616 0.3318777292576419 0.08653846153846154
0 0.49344978165938863 0.8100961538461539 0.33624454148471616 0.08173076923076923
0 0.4847161572052402 0.8677884615384616 0.3624454148471616 0.07451923076923077