0 0.6419213973799127 0.06490384615384616 0.23580786026200873 0.05048076923076923
0 0.62882096069869 0.10817307692307693 0.22270742358078602 0.06009615384615385
0 0.62882096069869 0.15384615384615385 0.28820960698689957 0.0673076923076923
0 0.5764192139737991 0.1971153846153846 0.3056768558951965 0.07451923076923077
0 0.5458515283842795 0.24278846153846154 0.3624454148471616 0.07692307692307693
0 0.4410480349344978 0.28846153846153844 0.314410480349345 0.07211538461538461
0 0.38427947598253276 0.33653846153846156 0.28820960698689957 0.07451923076923077
0 0.37554585152838427 0.3894230769230769 0.27074235807860264 0.07451923076923077
0 0.4104803493449782 0.44711538461538464 0.2838427947598253 0.07932692307692307
0 0.47161572052401746 0.5048076923076923 0.31004366812227074 0.0889423076923077
0 0.5458515283842795 0.5649038461538461 0.3231441048034934 0.08653846153846154
0 0.6069868995633187 0.6274038461538461 0.34497816593886466 0.07211538461538461
0 0.6069868995633187 0.6899038461538461 0.3930131004366812 0.08413461538461539
0 0.5676855895196506 0.7548076923076923 0.37554585152838427 0.09615384615384616
0 0.4759825327510917 0.8245192307692307 0.37117903930131 0.11057692307692307
0 0.36681222707423583 0.8990384615384616 0.4279475982532751 0.09615384615384616