0 0.5458515283842795 0.12740384615384615 0.1703056768558952 0.055288461538461536
0 0.5764192139737991 0.09134615384615384 0.13100436681222707 0.055288461538461536
0 0.4890829694323144 0.17307692307692307 0.17467248908296942 0.057692307692307696
0 0.4148471615720524 0.21634615384615385 0.17467248908296942 0.0625
0 0.32751091703056767 0.25 0.1703056768558952 0.07932692307692307
0 0.24890829694323144 0.29086538461538464 0.17903930131004367 0.07451923076923077
0 0.21397379912663755 0.34134615384615385 0.1965065502183406 0.06009615384615385
0 0.2096069868995633 0.4014423076923077 0.18340611353711792 0.05048076923076923
0 0.26200873362445415 0.45913461538461536 0.20087336244541484 0.0625
0 0.34934497816593885 0.5 0.2183406113537118 0.07451923076923077
0 0.4585152838427948 0.5528846153846154 0.22707423580786026 0.08173076923076923
0 0.5545851528384279 0.5985576923076923 0.2838427947598253 0.08173076923076923
0 0.5851528384279476 0.6706730769230769 0.30131004366812225 0.052884615384615384
0 0.5807860262008734 0.7331730769230769 0.26200873362445415 0.0673076923076923
0 0.5109170305676856 0.8076923076923077 0.22707423580786026 0.09375
0 0.462882096069869 0.8798076923076923 0.2576419213973799 0.06490384615384616