0 0.4366812227074236 0.07932692307692307 0.18777292576419213 0.05048076923076923
0 0.42358078602620086 0.1201923076923077 0.2096069868995633 0.05048076923076923
0 0.3799126637554585 0.1658653846153846 0.2052401746724891 0.052884615384615384
0 0.3231441048034934 0.21394230769230768 0.2314410480349345 0.057692307692307696
0 0.2576419213973799 0.2548076923076923 0.20087336244541484 0.057692307692307696
0 0.2183406113537118 0.30528846153846156 0.22270742358078602 0.0625
0 0.16593886462882096 0.35096153846153844 0.2314410480349345 0.06490384615384616
0 0.18340611353711792 0.41346153846153844 0.25327510917030566 0.052884615384615384
0 0.21397379912663755 0.46634615384615385 0.2794759825327511 0.0625
0 0.2445414847161572 0.5336538461538461 0.2663755458515284 0.06490384615384616
0 0.3056768558951965 0.59375 0.24017467248908297 0.055288461538461536
0 0.4148471615720524 0.6538461538461539 0.27074235807860264 0.09134615384615384
0 0.49344978165938863 0.7163461538461539 0.31877729257641924 0.09134615384615384
0 0.5807860262008734 0.7860576923076923 0.28820960698689957 0.10576923076923077
0 0.6244541484716157 0.8581730769230769 0.2925764192139738 0.07692307692307693
0 0.6637554585152838 0.9399038461538461 0.2925764192139738 0.06009615384615385