0 0.5633187772925764 0.04326923076923077 0.21397379912663755 0.052884615384615384
0 0.537117903930131 0.08653846153846154 0.1965065502183406 0.052884615384615384
0 0.5109170305676856 0.1346153846153846 0.20087336244541484 0.06009615384615385
0 0.4410480349344978 0.17307692307692307 0.2052401746724891 0.08653846153846154
0 0.3799126637554585 0.21394230769230768 0.18777292576419213 0.07451923076923077
0 0.29694323144104806 0.2548076923076923 0.16593886462882096 0.0625
0 0.23580786026200873 0.2956730769230769 0.17903930131004367 0.0625
0 0.22270742358078602 0.34375 0.18340611353711792 0.057692307692307696
0 0.2096069868995633 0.4014423076923077 0.18777292576419213 0.057692307692307696
0 0.25327510917030566 0.4519230769230769 0.2096069868995633 0.07932692307692307
0 0.3318777292576419 0.5048076923076923 0.26200873362445415 0.08413461538461539
0 0.43231441048034935 0.5552884615384616 0.2576419213973799 0.09375
0 0.5152838427947598 0.6153846153846154 0.27510917030567683 0.09615384615384616
0 0.5851528384279476 0.6875 0.2794759825327511 0.0889423076923077
0 0.6069868995633187 0.7620192307692307 0.2794759825327511 0.07451923076923077
0 0.5938864628820961 0.84375 0.3056768558951965 0.07932692307692307
0 0.5764192139737991 0.9182692307692307 0.29694323144104806 0.07692307692307693