0 0.5589519650655022 0.8293269230769231 0.2576419213973799 0.06971153846153846
0 0.5152838427947598 0.7548076923076923 0.2314410480349345 0.055288461538461536
0 0.48034934497816595 0.6971153846153846 0.2314410480349345 0.06009615384615385
0 0.4279475982532751 0.6298076923076923 0.22707423580786026 0.057692307692307696
0 0.4279475982532751 0.5697115384615384 0.26200873362445415 0.06971153846153846
0 0.4366812227074236 0.5048076923076923 0.22707423580786026 0.06009615384615385
0 0.4497816593886463 0.45913461538461536 0.18340611353711792 0.06009615384615385
0 0.49344978165938863 0.4014423076923077 0.1965065502183406 0.05048076923076923
0 0.5021834061135371 0.3485576923076923 0.20087336244541484 0.055288461538461536
0 0.5807860262008734 0.90625 0.2925764192139738 0.055288461538461536
0 0.4978165938864629 0.30528846153846156 0.19213973799126638 0.04807692307692308
0 0.4978165938864629 0.25961538461538464 0.17903930131004367 0.04807692307692308
0 0.5109170305676856 0.21634615384615385 0.14410480349344978 0.040865384615384616
0 0.5152838427947598 0.17067307692307693 0.14847161572052403 0.04326923076923077
0 0.5152838427947598 0.11778846153846154 0.15283842794759825 0.05048076923076923
0 0.4978165938864629 0.06971153846153846 0.1572052401746725 0.038461538461538464
0 0.48034934497816595 0.036057692307692304 0.1572052401746725 0.04326923076923077