0 0.4410480349344978 0.8605769230769231 0.34497816593886466 0.07932692307692307
0 0.4410480349344978 0.78125 0.32751091703056767 0.07211538461538461
0 0.47161572052401746 0.7163461538461539 0.3056768558951965 0.06490384615384616
0 0.5065502183406113 0.6610576923076923 0.3056768558951965 0.07211538461538461
0 0.5414847161572053 0.6009615384615384 0.27074235807860264 0.06490384615384616
0 0.5633187772925764 0.5432692307692307 0.27510917030567683 0.055288461538461536
0 0.5458515283842795 0.4855769230769231 0.2314410480349345 0.0625
0 0.5502183406113537 0.43028846153846156 0.23580786026200873 0.055288461538461536
0 0.5545851528384279 0.37740384615384615 0.2445414847161572 0.052884615384615384
0 0.5458515283842795 0.31971153846153844 0.2576419213973799 0.057692307692307696
0 0.5414847161572053 0.2668269230769231 0.26200873362445415 0.06971153846153846
0 0.5327510917030568 0.21875 0.2314410480349345 0.057692307692307696
0 0.5458515283842795 0.17548076923076922 0.22707423580786026 0.0673076923076923
0 0.5502183406113537 0.12259615384615384 0.22270742358078602 0.052884615384615384
0 0.5458515283842795 0.08173076923076923 0.24017467248908297 0.05048076923076923
0 0.5502183406113537 0.040865384615384616 0.2445414847161572 0.04807692307692308