0 0.4759825327510917 0.10096153846153846 0.19213973799126638 0.07211538461538461
0 0.519650655021834 0.13701923076923078 0.1965065502183406 0.055288461538461536
0 0.5327510917030568 0.17307692307692307 0.17903930131004367 0.055288461538461536
0 0.5021834061135371 0.2283653846153846 0.20087336244541484 0.07211538461538461
0 0.4279475982532751 0.27403846153846156 0.2183406113537118 0.07692307692307693
0 0.34497816593886466 0.31490384615384615 0.23580786026200873 0.08173076923076923
0 0.26200873362445415 0.3605769230769231 0.22707423580786026 0.07692307692307693
0 0.21397379912663755 0.4182692307692308 0.23580786026200873 0.0673076923076923
0 0.2183406113537118 0.4831730769230769 0.27510917030567683 0.07211538461538461
0 0.24017467248908297 0.5552884615384616 0.27074235807860264 0.09134615384615384
0 0.314410480349345 0.6201923076923077 0.2663755458515284 0.09134615384615384
0 0.4497816593886463 0.6875 0.29694323144104806 0.09615384615384616
0 0.537117903930131 0.7572115384615384 0.31877729257641924 0.10336538461538461