0 0.5633187772925764 0.8966346153846154 0.35807860262008734 0.07692307692307693
0 0.5982532751091703 0.8293269230769231 0.27074235807860264 0.07451923076923077
0 0.6506550218340611 0.7620192307692307 0.2794759825327511 0.07692307692307693
0 0.6375545851528385 0.6923076923076923 0.28820960698689957 0.07451923076923077
0 0.6026200873362445 0.625 0.2794759825327511 0.06971153846153846
0 0.48034934497816595 0.11538461538461539 0.2183406113537118 0.052884615384615384
0 0.5414847161572053 0.07211538461538461 0.2052401746724891 0.04326923076923077
0 0.4192139737991266 0.15384615384615385 0.20087336244541484 0.0625
0 0.36681222707423583 0.20432692307692307 0.2096069868995633 0.057692307692307696
0 0.28820960698689957 0.25 0.18340611353711792 0.0673076923076923
0 0.2576419213973799 0.2980769230769231 0.2052401746724891 0.06009615384615385
0 0.23580786026200873 0.35096153846153844 0.26200873362445415 0.055288461538461536
0 0.28820960698689957 0.39903846153846156 0.2663755458515284 0.040865384615384616
0 0.32751091703056767 0.43990384615384615 0.2925764192139738 0.04326923076923077
0 0.3624454148471616 0.4855769230769231 0.26200873362445415 0.05048076923076923
0 0.4497816593886463 0.5240384615384616 0.22270742358078602 0.07932692307692307
0 0.5109170305676856 0.5625 0.30131004366812225 0.0673076923076923