0 0.5414847161572053 0.040865384615384616 0.20087336244541484 0.04807692307692308
0 0.5414847161572053 0.07211538461538461 0.18340611353711792 0.04567307692307692
0 0.5502183406113537 0.11057692307692307 0.18340611353711792 0.04326923076923077
0 0.5327510917030568 0.15384615384615385 0.17903930131004367 0.05048076923076923
0 0.5152838427947598 0.18509615384615385 0.17903930131004367 0.055288461538461536
0 0.462882096069869 0.23798076923076922 0.23580786026200873 0.057692307692307696
0 0.4104803493449782 0.2932692307692308 0.24890829694323144 0.0625
0 0.388646288209607 0.33413461538461536 0.22270742358078602 0.057692307692307696
0 0.38427947598253276 0.38221153846153844 0.24017467248908297 0.0625
0 0.4104803493449782 0.43509615384615385 0.26200873362445415 0.07211538461538461
0 0.43231441048034935 0.4831730769230769 0.27074235807860264 0.07692307692307693
0 0.4672489082969432 0.5408653846153846 0.2925764192139738 0.0673076923076923
0 0.5240174672489083 0.6009615384615384 0.2838427947598253 0.07692307692307693
0 0.5633187772925764 0.6778846153846154 0.27074235807860264 0.07932692307692307
0 0.5764192139737991 0.7524038461538461 0.27074235807860264 0.07692307692307693
0 0.5676855895196506 0.8317307692307693 0.2794759825327511 0.07451923076923077
0 0.5458515283842795 0.90625 0.314410480349345 0.07932692307692307