0 0.4585152838427948 0.8774038461538461 0.34934497816593885 0.07211538461538461
0 0.47161572052401746 0.8076923076923077 0.3318777292576419 0.057692307692307696
0 0.4890829694323144 0.7524038461538461 0.3056768558951965 0.052884615384615384
0 0.4890829694323144 0.6923076923076923 0.2838427947598253 0.055288461538461536
0 0.4585152838427948 0.6418269230769231 0.2838427947598253 0.04807692307692308
0 0.43231441048034935 0.5769230769230769 0.28820960698689957 0.07451923076923077
0 0.4585152838427948 0.5120192307692307 0.27074235807860264 0.06009615384615385
0 0.4978165938864629 0.4543269230769231 0.2314410480349345 0.052884615384615384
0 0.519650655021834 0.4014423076923077 0.2314410480349345 0.05048076923076923
0 0.5545851528384279 0.35096153846153844 0.23580786026200873 0.052884615384615384
0 0.5720524017467249 0.30528846153846156 0.22707423580786026 0.04807692307692308
0 0.5895196506550219 0.25240384615384615 0.2314410480349345 0.040865384615384616
0 0.5807860262008734 0.20432692307692307 0.22707423580786026 0.052884615384615384
0 0.537117903930131 0.14903846153846154 0.22270742358078602 0.04567307692307692
0 0.4759825327510917 0.09375 0.23580786026200873 0.057692307692307696