0 0.5589519650655022 0.06971153846153846 0.28820960698689957 0.04567307692307692
0 0.5589519650655022 0.10817307692307693 0.27510917030567683 0.04807692307692308
0 0.5589519650655022 0.1466346153846154 0.26200873362445415 0.04807692307692308
0 0.5589519650655022 0.18990384615384615 0.2576419213973799 0.04807692307692308
0 0.5502183406113537 0.23076923076923078 0.2445414847161572 0.04807692307692308
0 0.5458515283842795 0.27163461538461536 0.24890829694323144 0.04807692307692308
0 0.5414847161572053 0.3173076923076923 0.24890829694323144 0.04807692307692308
0 0.5327510917030568 0.3629807692307692 0.2663755458515284 0.055288461538461536
0 0.5152838427947598 0.40865384615384615 0.2576419213973799 0.0625
0 0.49344978165938863 0.45913461538461536 0.2838427947598253 0.057692307692307696
0 0.45414847161572053 0.5072115384615384 0.29694323144104806 0.06490384615384616
0 0.43231441048034935 0.5625 0.3056768558951965 0.06490384615384616
0 0.4017467248908297 0.6225961538461539 0.31004366812227074 0.06490384615384616
0 0.37117903930131 0.6875 0.314410480349345 0.0625
0 0.3930131004366812 0.7572115384615384 0.3318777292576419 0.06971153846153846
0 0.4410480349344978 0.8221153846153846 0.37554585152838427 0.09134615384615384