0 0.5720524017467249 0.11778846153846154 0.21397379912663755 0.04807692307692308
0 0.5895196506550219 0.1658653846153846 0.2052401746724891 0.038461538461538464
0 0.5982532751091703 0.21394230769230768 0.23580786026200873 0.052884615384615384
0 0.6026200873362445 0.27163461538461536 0.2314410480349345 0.057692307692307696
0 0.5982532751091703 0.3245192307692308 0.21397379912663755 0.05048076923076923
0 0.6026200873362445 0.3798076923076923 0.24890829694323144 0.05048076923076923
0 0.5764192139737991 0.43028846153846156 0.2314410480349345 0.052884615384615384
0 0.5720524017467249 0.4831730769230769 0.2445414847161572 0.04567307692307692
0 0.5676855895196506 0.5384615384615384 0.2838427947598253 0.05048076923076923
0 0.5458515283842795 0.5985576923076923 0.29694323144104806 0.0673076923076923
0 0.5283842794759825 0.6658653846153846 0.28820960698689957 0.057692307692307696
0 0.5065502183406113 0.7235576923076923 0.29694323144104806 0.0625
0 0.5283842794759825 0.7860576923076923 0.3231441048034934 0.08173076923076923
0 0.5720524017467249 0.875 0.3406113537117904 0.06009615384615385
0 0.5589519650655022 0.9399038461538461 0.39737991266375544 0.06490384615384616