0 0.5589519650655022 0.03365384615384615 0.18777292576419213 0.05048076923076923
0 0.5458515283842795 0.07211538461538461 0.17903930131004367 0.04807692307692308
0 0.5283842794759825 0.11298076923076923 0.16593886462882096 0.055288461538461536
0 0.5152838427947598 0.15625 0.1615720524017467 0.052884615384615384
0 0.49344978165938863 0.20432692307692307 0.16593886462882096 0.06490384615384616
0 0.4759825327510917 0.25721153846153844 0.1703056768558952 0.0625
0 0.462882096069869 0.3076923076923077 0.18340611353711792 0.0625
0 0.4672489082969432 0.3557692307692308 0.18340611353711792 0.057692307692307696
0 0.48034934497816595 0.40865384615384615 0.20087336244541484 0.0625
0 0.519650655021834 0.4567307692307692 0.2052401746724891 0.07211538461538461
0 0.5851528384279476 0.5072115384615384 0.2314410480349345 0.08653846153846154
0 0.6375545851528385 0.5649038461538461 0.2445414847161572 0.06971153846153846
0 0.6768558951965066 0.6274038461538461 0.23580786026200873 0.08173076923076923
0 0.6375545851528385 0.6826923076923077 0.24890829694323144 0.08413461538461539
0 0.5589519650655022 0.7379807692307693 0.2576419213973799 0.08653846153846154
0 0.48034934497816595 0.7980769230769231 0.2663755458515284 0.08173076923076923
0 0.45414847161572053 0.8677884615384616 0.30131004366812225 0.09134615384615384