0 0.4672489082969432 0.8846153846153846 0.28820960698689957 0.08173076923076923
0 0.40611353711790393 0.8028846153846154 0.26200873362445415 0.06971153846153846
0 0.4148471615720524 0.7235576923076923 0.24017467248908297 0.07451923076923077
0 0.4847161572052402 0.6730769230769231 0.1965065502183406 0.06971153846153846
0 0.5764192139737991 0.6105769230769231 0.24017467248908297 0.07692307692307693
0 0.611353711790393 0.5576923076923077 0.2183406113537118 0.06009615384615385
0 0.6244541484716157 0.5096153846153846 0.22270742358078602 0.06009615384615385
0 0.6026200873362445 0.44711538461538464 0.22707423580786026 0.057692307692307696
0 0.5720524017467249 0.3942307692307692 0.1965065502183406 0.04326923076923077
0 0.5633187772925764 0.34134615384615385 0.21397379912663755 0.055288461538461536
0 0.5502183406113537 0.2932692307692308 0.1965065502183406 0.055288461538461536
0 0.5589519650655022 0.24759615384615385 0.20087336244541484 0.057692307692307696
0 0.5589519650655022 0.20192307692307693 0.1965065502183406 0.052884615384615384
0 0.5414847161572053 0.15144230769230768 0.18340611353711792 0.052884615384615384
0 0.5414847161572053 0.0985576923076923 0.16593886462882096 0.036057692307692304
0 0.5502183406113537 0.06971153846153846 0.19213973799126638 0.038461538461538464