0 0.5109170305676856 0.8581730769230769 0.26200873362445415 0.08173076923076923
0 0.5502183406113537 0.7908653846153846 0.23580786026200873 0.0673076923076923
0 0.5851528384279476 0.7259615384615384 0.24017467248908297 0.0625
0 0.5807860262008734 0.6586538461538461 0.1965065502183406 0.052884615384615384
0 0.48034934497816595 0.04807692307692308 0.19213973799126638 0.03125
0 0.4759825327510917 0.08653846153846154 0.18777292576419213 0.057692307692307696
0 0.4585152838427948 0.13221153846153846 0.17903930131004367 0.04567307692307692
0 0.4410480349344978 0.18269230769230768 0.17903930131004367 0.052884615384615384
0 0.4192139737991266 0.23557692307692307 0.18340611353711792 0.05048076923076923
0 0.4192139737991266 0.28365384615384615 0.18777292576419213 0.052884615384615384
0 0.4192139737991266 0.3317307692307692 0.20087336244541484 0.052884615384615384
0 0.43231441048034935 0.38461538461538464 0.22270742358078602 0.040865384615384616
0 0.45414847161572053 0.4423076923076923 0.25327510917030566 0.055288461538461536
0 0.4978165938864629 0.4879807692307692 0.24890829694323144 0.0673076923076923
0 0.5502183406113537 0.5408653846153846 0.2838427947598253 0.04807692307692308
0 0.5807860262008734 0.59375 0.26200873362445415 0.06009615384615385