0 0.47161572052401746 0.06490384615384616 0.2576419213973799 0.04807692307692308
0 0.4847161572052402 0.10336538461538461 0.24017467248908297 0.04326923076923077
0 0.5065502183406113 0.14182692307692307 0.2445414847161572 0.04567307692307692
0 0.5152838427947598 0.18028846153846154 0.22707423580786026 0.04567307692307692
0 0.5240174672489083 0.21634615384615385 0.2183406113537118 0.04326923076923077
0 0.519650655021834 0.2548076923076923 0.22707423580786026 0.04567307692307692
0 0.5109170305676856 0.2932692307692308 0.22270742358078602 0.05048076923076923
0 0.5109170305676856 0.3317307692307692 0.22707423580786026 0.04807692307692308
0 0.5109170305676856 0.375 0.24017467248908297 0.052884615384615384
0 0.5109170305676856 0.4206730769230769 0.22707423580786026 0.05048076923076923
0 0.5065502183406113 0.46634615384615385 0.2445414847161572 0.04567307692307692
0 0.5109170305676856 0.5168269230769231 0.2663755458515284 0.052884615384615384
0 0.519650655021834 0.5649038461538461 0.2663755458515284 0.0625
0 0.5240174672489083 0.6201923076923077 0.2576419213973799 0.06490384615384616
0 0.5414847161572053 0.6850961538461539 0.2576419213973799 0.0673076923076923
0 0.5327510917030568 0.75 0.27510917030567683 0.07932692307692307
0 0.4890829694323144 0.8125 0.31004366812227074 0.08173076923076923
0 0.462882096069869 0.8774038461538461 0.3231441048034934 0.07211538461538461