0 0.40611353711790393 0.036057692307692304 0.2663755458515284 0.04567307692307692
0 0.39737991266375544 0.07451923076923077 0.24890829694323144 0.052884615384615384
0 0.4148471615720524 0.10576923076923077 0.2445414847161572 0.04567307692307692
0 0.4192139737991266 0.13701923076923078 0.2314410480349345 0.04807692307692308
0 0.4366812227074236 0.16346153846153846 0.2183406113537118 0.04567307692307692
0 0.45414847161572053 0.21394230769230768 0.24890829694323144 0.055288461538461536
0 0.43231441048034935 0.25721153846153844 0.2445414847161572 0.052884615384615384
0 0.42358078602620086 0.3004807692307692 0.26200873362445415 0.057692307692307696
0 0.39737991266375544 0.34615384615384615 0.2663755458515284 0.055288461538461536
0 0.39737991266375544 0.3870192307692308 0.24890829694323144 0.052884615384615384
0 0.38427947598253276 0.4326923076923077 0.26200873362445415 0.06490384615384616
0 0.37554585152838427 0.49038461538461536 0.2838427947598253 0.06971153846153846
0 0.33624454148471616 0.5480769230769231 0.27074235807860264 0.06009615384615385
0 0.34497816593886466 0.6153846153846154 0.2838427947598253 0.06971153846153846
0 0.3930131004366812 0.6706730769230769 0.2663755458515284 0.0625
0 0.42358078602620086 0.7259615384615384 0.2925764192139738 0.0625
0 0.4279475982532751 0.78125 0.29694323144104806 0.06971153846153846
0 0.4192139737991266 0.8389423076923077 0.3056768558951965 0.057692307692307696
0 0.4017467248908297 0.8894230769230769 0.3231441048034934 0.06490384615384616