0 0.4978165938864629 0.052884615384615384 0.24017467248908297 0.05048076923076923
0 0.5065502183406113 0.09375 0.22270742358078602 0.055288461538461536
0 0.519650655021834 0.13701923076923078 0.2314410480349345 0.055288461538461536
0 0.5240174672489083 0.18028846153846154 0.1965065502183406 0.055288461538461536
0 0.519650655021834 0.22596153846153846 0.2052401746724891 0.05048076923076923
0 0.5152838427947598 0.2668269230769231 0.21397379912663755 0.052884615384615384
0 0.5065502183406113 0.31009615384615385 0.2183406113537118 0.055288461538461536
0 0.4978165938864629 0.3557692307692308 0.22707423580786026 0.057692307692307696
0 0.49344978165938863 0.39903846153846156 0.22707423580786026 0.052884615384615384
0 0.4890829694323144 0.4543269230769231 0.22707423580786026 0.057692307692307696
0 0.5021834061135371 0.5048076923076923 0.2576419213973799 0.0625
0 0.5109170305676856 0.5600961538461539 0.26200873362445415 0.0625
0 0.5109170305676856 0.625 0.27510917030567683 0.0625
0 0.5065502183406113 0.6850961538461539 0.2925764192139738 0.0673076923076923
0 0.5065502183406113 0.75 0.3056768558951965 0.07451923076923077
0 0.5021834061135371 0.8341346153846154 0.3318777292576419 0.07932692307692307