0 0.5502183406113537 0.7548076923076923 0.37554585152838427 0.0889423076923077
0 0.4890829694323144 0.6995192307692307 0.37554585152838427 0.0889423076923077
0 0.37554585152838427 0.6346153846153846 0.3318777292576419 0.10817307692307693
0 0.2794759825327511 0.5600961538461539 0.3056768558951965 0.08173076923076923
0 0.2445414847161572 0.4951923076923077 0.32751091703056767 0.07211538461538461
0 0.2663755458515284 0.42788461538461536 0.32751091703056767 0.06971153846153846
0 0.3231441048034934 0.3798076923076923 0.2576419213973799 0.08173076923076923
0 0.42358078602620086 0.33413461538461536 0.2838427947598253 0.0673076923076923
0 0.49344978165938863 0.28125 0.2663755458515284 0.0625
0 0.5109170305676856 0.23076923076923078 0.2838427947598253 0.0673076923076923
0 0.5152838427947598 0.18028846153846154 0.27074235807860264 0.06490384615384616
0 0.5240174672489083 0.12740384615384615 0.26200873362445415 0.055288461538461536
0 0.5152838427947598 0.07932692307692307 0.22707423580786026 0.052884615384615384
0 0.5109170305676856 0.038461538461538464 0.23580786026200873 0.055288461538461536