0 0.6026200873362445 0.06971153846153846 0.2663755458515284 0.05048076923076923
0 0.6026200873362445 0.10817307692307693 0.2445414847161572 0.05048076923076923
0 0.6026200873362445 0.1466346153846154 0.24017467248908297 0.055288461538461536
0 0.5851528384279476 0.18990384615384615 0.2314410480349345 0.057692307692307696
0 0.5633187772925764 0.24278846153846154 0.27074235807860264 0.07211538461538461
0 0.5240174672489083 0.2956730769230769 0.25327510917030566 0.06490384615384616
0 0.4978165938864629 0.34375 0.3318777292576419 0.06490384615384616
0 0.4890829694323144 0.3918269230769231 0.3624454148471616 0.07692307692307693
0 0.4847161572052402 0.4519230769230769 0.314410480349345 0.07211538461538461
0 0.5458515283842795 0.5096153846153846 0.2838427947598253 0.08653846153846154
0 0.6419213973799127 0.5600961538461539 0.314410480349345 0.0889423076923077
0 0.6899563318777293 0.6225961538461539 0.34497816593886466 0.07692307692307693
0 0.6986899563318777 0.6850961538461539 0.35807860262008734 0.08413461538461539
0 0.6593886462882096 0.7596153846153846 0.33624454148471616 0.09375
0 0.5633187772925764 0.8197115384615384 0.35807860262008734 0.11298076923076923