0 0.5545851528384279 0.8245192307692307 0.2445414847161572 0.0625
0 0.5633187772925764 0.7548076923076923 0.2096069868995633 0.0673076923076923
0 0.5502183406113537 0.6826923076923077 0.2052401746724891 0.06490384615384616
0 0.5021834061135371 0.6225961538461539 0.1703056768558952 0.06971153846153846
0 0.4410480349344978 0.5552884615384616 0.2052401746724891 0.0673076923076923
0 0.3930131004366812 0.5048076923076923 0.2314410480349345 0.06009615384615385
0 0.3624454148471616 0.4495192307692308 0.22270742358078602 0.0673076923076923
0 0.3318777292576419 0.3894230769230769 0.2183406113537118 0.04567307692307692
0 0.34497816593886466 0.34615384615384615 0.2183406113537118 0.06009615384615385
0 0.36681222707423583 0.2980769230769231 0.20087336244541484 0.05048076923076923
0 0.38427947598253276 0.25721153846153844 0.17903930131004367 0.0625
0 0.45414847161572053 0.21875 0.14410480349344978 0.05048076923076923
0 0.4978165938864629 0.1778846153846154 0.13537117903930132 0.04326923076923077
0 0.5414847161572053 0.1346153846153846 0.1615720524017467 0.04567307692307692
0 0.5545851528384279 0.09134615384615384 0.15283842794759825 0.04326923076923077
0 0.5545851528384279 0.057692307692307696 0.17903930131004367 0.038461538461538464
0 0.5676855895196506 0.019230769230769232 0.18777292576419213 0.038461538461538464
0 0.537117903930131 0.8846153846153846 0.28820960698689957 0.06490384615384616