0 0.5938864628820961 0.09375 0.19213973799126638 0.04567307692307692
0 0.5720524017467249 0.1346153846153846 0.19213973799126638 0.04567307692307692
0 0.5109170305676856 0.17307692307692307 0.17903930131004367 0.055288461538461536
0 0.4585152838427948 0.2091346153846154 0.2052401746724891 0.0625
0 0.36681222707423583 0.2403846153846154 0.22707423580786026 0.0673076923076923
0 0.27074235807860264 0.3293269230769231 0.22270742358078602 0.05048076923076923
0 0.314410480349345 0.28365384615384615 0.22270742358078602 0.0625
0 0.2838427947598253 0.3798076923076923 0.21397379912663755 0.04807692307692308
0 0.3056768558951965 0.43509615384615385 0.20087336244541484 0.06009615384615385
0 0.3799126637554585 0.49038461538461536 0.23580786026200873 0.0625
0 0.4410480349344978 0.5480769230769231 0.2794759825327511 0.06009615384615385
0 0.49344978165938863 0.6081730769230769 0.24017467248908297 0.057692307692307696
0 0.5327510917030568 0.6706730769230769 0.24890829694323144 0.0625
0 0.5502183406113537 0.7403846153846154 0.26200873362445415 0.06490384615384616
0 0.5633187772925764 0.8197115384615384 0.2576419213973799 0.07211538461538461
0 0.5676855895196506 0.8966346153846154 0.26200873362445415 0.08173076923076923