0 0.48034934497816595 0.036057692307692304 0.22270742358078602 0.04567307692307692
0 0.4847161572052402 0.06971153846153846 0.21397379912663755 0.04326923076923077
0 0.4847161572052402 0.11057692307692307 0.2183406113537118 0.057692307692307696
0 0.4890829694323144 0.15865384615384615 0.2314410480349345 0.055288461538461536
0 0.4759825327510917 0.20432692307692307 0.23580786026200873 0.055288461538461536
0 0.4672489082969432 0.25 0.22707423580786026 0.055288461538461536
0 0.45414847161572053 0.3004807692307692 0.22707423580786026 0.052884615384615384
0 0.44541484716157204 0.34615384615384615 0.22707423580786026 0.055288461538461536
0 0.4672489082969432 0.40384615384615385 0.27510917030567683 0.06971153846153846
0 0.5240174672489083 0.4519230769230769 0.27510917030567683 0.0625
0 0.5895196506550219 0.5048076923076923 0.2576419213973799 0.07211538461538461
0 0.6768558951965066 0.5552884615384616 0.2794759825327511 0.08413461538461539
0 0.7161572052401747 0.625 0.2838427947598253 0.08173076923076923
0 0.7030567685589519 0.6947115384615384 0.2925764192139738 0.08653846153846154
0 0.6593886462882096 0.7716346153846154 0.314410480349345 0.09615384615384616
0 0.5676855895196506 0.8389423076923077 0.34934497816593885 0.09615384615384616
0 0.5065502183406113 0.90625 0.38427947598253276 0.09615384615384616