0 0.4978165938864629 0.052884615384615384 0.16593886462882096 0.04567307692307692
0 0.5021834061135371 0.09375 0.1703056768558952 0.052884615384615384
0 0.5065502183406113 0.1346153846153846 0.17467248908296942 0.055288461538461536
0 0.5021834061135371 0.18028846153846154 0.19213973799126638 0.06009615384615385
0 0.5021834061135371 0.23076923076923078 0.2096069868995633 0.057692307692307696
0 0.5021834061135371 0.2764423076923077 0.2052401746724891 0.0625
0 0.5109170305676856 0.3293269230769231 0.19213973799126638 0.0673076923076923
0 0.537117903930131 0.37259615384615385 0.2052401746724891 0.06490384615384616
0 0.5589519650655022 0.4230769230769231 0.22270742358078602 0.07211538461538461
0 0.5502183406113537 0.4807692307692308 0.2183406113537118 0.07451923076923077
0 0.5458515283842795 0.5360576923076923 0.2052401746724891 0.0625
0 0.519650655021834 0.5961538461538461 0.20087336244541484 0.06971153846153846
0 0.4890829694323144 0.6586538461538461 0.2183406113537118 0.07692307692307693
0 0.462882096069869 0.7283653846153846 0.2445414847161572 0.06971153846153846
0 0.462882096069869 0.7956730769230769 0.2314410480349345 0.08173076923076923
0 0.47161572052401746 0.8677884615384616 0.2925764192139738 0.07932692307692307