0 0.4104803493449782 0.026442307692307692 0.20087336244541484 0.04326923076923077
0 0.42358078602620086 0.057692307692307696 0.2052401746724891 0.04807692307692308
0 0.4410480349344978 0.10336538461538461 0.18777292576419213 0.04807692307692308
0 0.4366812227074236 0.14423076923076922 0.20087336244541484 0.052884615384615384
0 0.4279475982532751 0.1875 0.19213973799126638 0.052884615384615384
0 0.4104803493449782 0.2283653846153846 0.19213973799126638 0.0625
0 0.388646288209607 0.27884615384615385 0.20087336244541484 0.06009615384615385
0 0.36681222707423583 0.3173076923076923 0.1965065502183406 0.057692307692307696
0 0.34934497816593885 0.3629807692307692 0.2096069868995633 0.0625
0 0.34497816593886466 0.41346153846153844 0.22270742358078602 0.06009615384615385
0 0.3537117903930131 0.4639423076923077 0.22270742358078602 0.06490384615384616
0 0.37117903930131 0.5192307692307693 0.2314410480349345 0.0673076923076923
0 0.3930131004366812 0.5793269230769231 0.2314410480349345 0.07451923076923077
0 0.4366812227074236 0.6418269230769231 0.21397379912663755 0.07211538461538461
0 0.48034934497816595 0.7091346153846154 0.26200873362445415 0.07211538461538461
0 0.5021834061135371 0.7740384615384616 0.25327510917030566 0.07692307692307693
0 0.5152838427947598 0.8461538461538461 0.2663755458515284 0.07451923076923077
0 0.5065502183406113 0.9086538461538461 0.2663755458515284 0.07451923076923077