0 0.4890829694323144 0.7764423076923077 0.35807860262008734 0.07211538461538461
0 0.4978165938864629 0.7067307692307693 0.314410480349345 0.07932692307692307
0 0.5152838427947598 0.6418269230769231 0.35807860262008734 0.07211538461538461
0 0.5109170305676856 0.5745192307692307 0.40611353711790393 0.06971153846153846
0 0.4978165938864629 0.5120192307692307 0.3406113537117904 0.0673076923076923
0 0.4759825327510917 0.4543269230769231 0.35807860262008734 0.07451923076923077
0 0.462882096069869 0.4014423076923077 0.3056768558951965 0.06490384615384616
0 0.4585152838427948 0.35096153846153844 0.2838427947598253 0.06971153846153846
0 0.4978165938864629 0.2980769230769231 0.28820960698689957 0.06971153846153846
0 0.5152838427947598 0.24519230769230768 0.2838427947598253 0.07451923076923077
0 0.5676855895196506 0.20192307692307693 0.2838427947598253 0.057692307692307696
0 0.5851528384279476 0.15384615384615385 0.2663755458515284 0.055288461538461536
0 0.611353711790393 0.11057692307692307 0.2794759825327511 0.052884615384615384
0 0.5851528384279476 0.06971153846153846 0.2576419213973799 0.04567307692307692
0 0.4410480349344978 0.84375 0.37554585152838427 0.0625
0 0.4410480349344978 0.9206730769230769 0.388646288209607 0.08413461538461539