0 0.5589519650655022 0.8605769230769231 0.4017467248908297 0.0889423076923077
0 0.5633187772925764 0.7884615384615384 0.37554585152838427 0.08173076923076923
0 0.5589519650655022 0.71875 0.35807860262008734 0.06009615384615385
0 0.5589519650655022 0.6418269230769231 0.36681222707423583 0.06971153846153846
0 0.5327510917030568 0.5745192307692307 0.36681222707423583 0.0673076923076923
0 0.4847161572052402 0.5144230769230769 0.38427947598253276 0.057692307692307696
0 0.4497816593886463 0.4567307692307692 0.33624454148471616 0.057692307692307696
0 0.40611353711790393 0.3942307692307692 0.34497816593886466 0.055288461538461536
0 0.39737991266375544 0.35096153846153844 0.29694323144104806 0.05048076923076923
0 0.38427947598253276 0.2980769230769231 0.30131004366812225 0.05048076923076923
0 0.4017467248908297 0.24759615384615385 0.27510917030567683 0.06009615384615385
0 0.4410480349344978 0.20432692307692307 0.26200873362445415 0.057692307692307696
0 0.4978165938864629 0.16346153846153846 0.2576419213973799 0.0625
0 0.5414847161572053 0.11057692307692307 0.27074235807860264 0.057692307692307696
0 0.5720524017467249 0.06971153846153846 0.2663755458515284 0.055288461538461536