0 0.5458515283842795 0.03125 0.22270742358078602 0.04807692307692308
0 0.5414847161572053 0.07451923076923077 0.22707423580786026 0.052884615384615384
0 0.5414847161572053 0.11538461538461539 0.2183406113537118 0.052884615384615384
0 0.537117903930131 0.1658653846153846 0.23580786026200873 0.06009615384615385
0 0.5152838427947598 0.20673076923076922 0.24017467248908297 0.055288461538461536
0 0.519650655021834 0.2548076923076923 0.23580786026200873 0.052884615384615384
0 0.5240174672489083 0.30288461538461536 0.2445414847161572 0.052884615384615384
0 0.5327510917030568 0.35336538461538464 0.24890829694323144 0.055288461538461536
0 0.5502183406113537 0.40625 0.24890829694323144 0.06009615384615385
0 0.5982532751091703 0.4543269230769231 0.27510917030567683 0.06971153846153846
0 0.6506550218340611 0.5048076923076923 0.27074235807860264 0.0673076923076923
0 0.7074235807860262 0.5673076923076923 0.31877729257641924 0.07211538461538461
0 0.7161572052401747 0.6322115384615384 0.2838427947598253 0.07451923076923077
0 0.6724890829694323 0.6947115384615384 0.3231441048034934 0.07932692307692307
0 0.5938864628820961 0.7572115384615384 0.31877729257641924 0.08653846153846154
0 0.5240174672489083 0.8221153846153846 0.31004366812227074 0.09615384615384616
0 0.4497816593886463 0.8966346153846154 0.35807860262008734 0.09134615384615384