0 0.462882096069869 0.03365384615384615 0.3930131004366812 0.05048076923076923
0 0.4585152838427948 0.06971153846153846 0.37117903930131 0.055288461538461536
0 0.4497816593886463 0.11057692307692307 0.3406113537117904 0.055288461538461536
0 0.4410480349344978 0.1466346153846154 0.33624454148471616 0.057692307692307696
0 0.4192139737991266 0.18028846153846154 0.3231441048034934 0.0625
0 0.4192139737991266 0.22596153846153846 0.3318777292576419 0.06009615384615385
0 0.4192139737991266 0.27884615384615385 0.32751091703056767 0.0673076923076923
0 0.4192139737991266 0.3293269230769231 0.3318777292576419 0.0625
0 0.4017467248908297 0.375 0.3318777292576419 0.0673076923076923
0 0.4017467248908297 0.4230769230769231 0.3318777292576419 0.0625
0 0.38427947598253276 0.47596153846153844 0.3406113537117904 0.07932692307692307
0 0.35807860262008734 0.5408653846153846 0.3318777292576419 0.07692307692307693
0 0.3537117903930131 0.6081730769230769 0.3231441048034934 0.07932692307692307
0 0.3406113537117904 0.6706730769230769 0.33624454148471616 0.07932692307692307
0 0.31877729257641924 0.7379807692307693 0.4104803493449782 0.07932692307692307
0 0.31877729257641924 0.8004807692307693 0.45414847161572053 0.07451923076923077