0 0.4104803493449782 0.7644230769230769 0.37117903930131 0.07451923076923077
0 0.4017467248908297 0.6899038461538461 0.3406113537117904 0.06971153846153846
0 0.4148471615720524 0.6298076923076923 0.36681222707423583 0.0673076923076923
0 0.4017467248908297 0.5721153846153846 0.3231441048034934 0.0625
0 0.39737991266375544 0.5096153846153846 0.314410480349345 0.0625
0 0.4017467248908297 0.46153846153846156 0.314410480349345 0.055288461538461536
0 0.3930131004366812 0.40865384615384615 0.32751091703056767 0.052884615384615384
0 0.43231441048034935 0.35336538461538464 0.29694323144104806 0.057692307692307696
0 0.4366812227074236 0.2932692307692308 0.2838427947598253 0.057692307692307696
0 0.44541484716157204 0.24278846153846154 0.29694323144104806 0.04567307692307692
0 0.462882096069869 0.19230769230769232 0.28820960698689957 0.04567307692307692
0 0.49344978165938863 0.13942307692307693 0.31877729257641924 0.055288461538461536
0 0.519650655021834 0.09134615384615384 0.3056768558951965 0.0625
0 0.5545851528384279 0.038461538461538464 0.30131004366812225 0.0625
0 0.4279475982532751 0.8269230769230769 0.35807860262008734 0.0625