0 0.5764192139737991 0.07211538461538461 0.25327510917030566 0.052884615384615384
0 0.5414847161572053 0.1201923076923077 0.22270742358078602 0.0625
0 0.49344978165938863 0.16346153846153846 0.24017467248908297 0.07692307692307693
0 0.4585152838427948 0.2091346153846154 0.2314410480349345 0.06971153846153846
0 0.39737991266375544 0.25 0.3056768558951965 0.07692307692307693
0 0.30131004366812225 0.29086538461538464 0.27510917030567683 0.0625
0 0.25327510917030566 0.3293269230769231 0.2663755458515284 0.07451923076923077
0 0.2314410480349345 0.3870192307692308 0.29694323144104806 0.0673076923076923
0 0.24017467248908297 0.4375 0.2925764192139738 0.07932692307692307
0 0.28820960698689957 0.4951923076923077 0.2925764192139738 0.09134615384615384
0 0.36681222707423583 0.5528846153846154 0.27074235807860264 0.10817307692307693
0 0.4759825327510917 0.6153846153846154 0.31877729257641924 0.09615384615384616
0 0.5589519650655022 0.6778846153846154 0.314410480349345 0.08413461538461539
0 0.611353711790393 0.7475961538461539 0.3406113537117904 0.08653846153846154
0 0.5938864628820961 0.8365384615384616 0.3318777292576419 0.09615384615384616