0 0.6200873362445415 0.8533653846153846 0.24890829694323144 0.07692307692307693
0 0.5807860262008734 0.7644230769230769 0.24890829694323144 0.0889423076923077
0 0.4759825327510917 0.7067307692307693 0.17467248908296942 0.08413461538461539
0 0.3799126637554585 0.6610576923076923 0.18340611353711792 0.08413461538461539
0 0.28820960698689957 0.6105769230769231 0.2096069868995633 0.08653846153846154
0 0.22270742358078602 0.5408653846153846 0.2314410480349345 0.07932692307692307
0 0.2445414847161572 0.47596153846153844 0.2183406113537118 0.06971153846153846
0 0.28820960698689957 0.41586538461538464 0.2052401746724891 0.07211538461538461
0 0.3318777292576419 0.36778846153846156 0.18777292576419213 0.06490384615384616
0 0.3930131004366812 0.3125 0.18777292576419213 0.055288461538461536
0 0.45414847161572053 0.25721153846153844 0.1703056768558952 0.07211538461538461
0 0.5109170305676856 0.2091346153846154 0.17467248908296942 0.06009615384615385
0 0.5633187772925764 0.15384615384615385 0.15283842794759825 0.052884615384615384
0 0.5764192139737991 0.10817307692307693 0.1615720524017467 0.052884615384615384
0 0.5764192139737991 0.06971153846153846 0.17467248908296942 0.04807692307692308
0 0.6069868995633187 0.9254807692307693 0.3056768558951965 0.06490384615384616