0 0.5895196506550219 0.7764423076923077 0.28820960698689957 0.07692307692307693
0 0.5895196506550219 0.8629807692307693 0.3406113537117904 0.0673076923076923
0 0.5633187772925764 0.7067307692307693 0.2925764192139738 0.0673076923076923
0 0.5021834061135371 0.6370192307692307 0.2663755458515284 0.07692307692307693
0 0.43231441048034935 0.5769230769230769 0.2663755458515284 0.08173076923076923
0 0.37117903930131 0.5192307692307693 0.2663755458515284 0.07692307692307693
0 0.314410480349345 0.46634615384615385 0.23580786026200873 0.06971153846153846
0 0.30131004366812225 0.4110576923076923 0.22707423580786026 0.038461538461538464
0 0.314410480349345 0.3629807692307692 0.2314410480349345 0.06009615384615385
0 0.33624454148471616 0.31490384615384615 0.22270742358078602 0.06009615384615385
0 0.35807860262008734 0.2692307692307692 0.22707423580786026 0.0673076923076923
0 0.3930131004366812 0.21875 0.22707423580786026 0.0625
0 0.42358078602620086 0.18028846153846154 0.22707423580786026 0.06490384615384616
0 0.4497816593886463 0.13701923076923078 0.22270742358078602 0.07211538461538461
0 0.4978165938864629 0.09134615384615384 0.2576419213973799 0.0625