0 0.5938864628820961 0.84375 0.2925764192139738 0.06971153846153846
0 0.6026200873362445 0.7596153846153846 0.3231441048034934 0.08413461538461539
0 0.5764192139737991 0.6850961538461539 0.28820960698689957 0.0673076923076923
0 0.5109170305676856 0.6177884615384616 0.27074235807860264 0.07932692307692307
0 0.4148471615720524 0.5600961538461539 0.27510917030567683 0.07692307692307693
0 0.462882096069869 0.13221153846153846 0.18777292576419213 0.04567307692307692
0 0.3930131004366812 0.17307692307692307 0.16593886462882096 0.052884615384615384
0 0.33624454148471616 0.21394230769230768 0.1615720524017467 0.052884615384615384
0 0.2576419213973799 0.2620192307692308 0.1572052401746725 0.04326923076923077
0 0.2096069868995633 0.3076923076923077 0.2183406113537118 0.04567307692307692
0 0.19213973799126638 0.35096153846153844 0.2445414847161572 0.055288461538461536
0 0.18340611353711792 0.40384615384615385 0.2576419213973799 0.05048076923076923
0 0.2096069868995633 0.47115384615384615 0.2052401746724891 0.06971153846153846
0 0.31877729257641924 0.5096153846153846 0.2445414847161572 0.08413461538461539
0 0.5021834061135371 0.08653846153846154 0.17467248908296942 0.06009615384615385
0 0.5807860262008734 0.9182692307692307 0.31877729257641924 0.07932692307692307