0 0.6026200873362445 0.14182692307692307 0.18340611353711792 0.04807692307692308
0 0.5676855895196506 0.18509615384615385 0.17903930131004367 0.04567307692307692
0 0.519650655021834 0.23076923076923078 0.18777292576419213 0.06009615384615385
0 0.44541484716157204 0.27403846153846156 0.17903930131004367 0.052884615384615384
0 0.40611353711790393 0.3173076923076923 0.19213973799126638 0.04807692307692308
0 0.37117903930131 0.3605769230769231 0.18777292576419213 0.057692307692307696
0 0.3537117903930131 0.4110576923076923 0.18777292576419213 0.057692307692307696
0 0.36681222707423583 0.4639423076923077 0.1965065502183406 0.055288461538461536
0 0.4192139737991266 0.5216346153846154 0.20087336244541484 0.0673076923076923
0 0.5240174672489083 0.5625 0.2096069868995633 0.07692307692307693
0 0.6331877729257642 0.6129807692307693 0.2576419213973799 0.08173076923076923
0 0.7467248908296943 0.7524038461538461 0.2445414847161572 0.06490384615384616
0 0.6986899563318777 0.6706730769230769 0.2576419213973799 0.09615384615384616
0 0.7161572052401747 0.8076923076923077 0.28820960698689957 0.08173076923076923
0 0.62882096069869 0.8774038461538461 0.2663755458515284 0.10817307692307693