0 0.6855895196506551 0.13221153846153846 0.15283842794759825 0.055288461538461536
0 0.6855895196506551 0.0889423076923077 0.18340611353711792 0.052884615384615384
0 0.6812227074235808 0.18028846153846154 0.17903930131004367 0.04807692307692308
0 0.6899563318777293 0.23076923076923078 0.17467248908296942 0.052884615384615384
0 0.6637554585152838 0.2764423076923077 0.16593886462882096 0.04326923076923077
0 0.6244541484716157 0.32211538461538464 0.1703056768558952 0.04807692307692308
0 0.5807860262008734 0.3605769230769231 0.18777292576419213 0.040865384615384616
0 0.5414847161572053 0.40865384615384615 0.17903930131004367 0.04567307692307692
0 0.4672489082969432 0.4519230769230769 0.2183406113537118 0.06490384615384616
0 0.37117903930131 0.5048076923076923 0.22270742358078602 0.0625
0 0.30131004366812225 0.5504807692307693 0.22707423580786026 0.06490384615384616
0 0.23580786026200873 0.6129807692307693 0.25327510917030566 0.06009615384615385
0 0.22270742358078602 0.6875 0.21397379912663755 0.07451923076923077
0 0.23580786026200873 0.7620192307692307 0.2663755458515284 0.07451923076923077
0 0.2925764192139738 0.8317307692307693 0.24890829694323144 0.09134615384615384