0 0.5240174672489083 0.10336538461538461 0.17467248908296942 0.038461538461538464
0 0.5327510917030568 0.13701923076923078 0.1703056768558952 0.04807692307692308
0 0.5502183406113537 0.18028846153846154 0.1615720524017467 0.05048076923076923
0 0.5589519650655022 0.22115384615384615 0.1703056768558952 0.036057692307692304
0 0.5545851528384279 0.2668269230769231 0.18340611353711792 0.052884615384615384
0 0.537117903930131 0.30528846153846156 0.17903930131004367 0.04807692307692308
0 0.5109170305676856 0.35096153846153844 0.17903930131004367 0.038461538461538464
0 0.5109170305676856 0.39663461538461536 0.18340611353711792 0.038461538461538464
0 0.4978165938864629 0.4423076923076923 0.20087336244541484 0.038461538461538464
0 0.4978165938864629 0.4951923076923077 0.22707423580786026 0.057692307692307696
0 0.5152838427947598 0.5528846153846154 0.21397379912663755 0.057692307692307696
0 0.5152838427947598 0.6129807692307693 0.21397379912663755 0.06490384615384616
0 0.5240174672489083 0.6682692307692307 0.2445414847161572 0.057692307692307696
0 0.5065502183406113 0.7331730769230769 0.24017467248908297 0.06009615384615385
0 0.4847161572052402 0.7980769230769231 0.26200873362445415 0.0673076923076923
0 0.47161572052401746 0.8701923076923077 0.2794759825327511 0.07211538461538461