0 0.4890829694323144 0.8725961538461539 0.2096069868995633 0.07451923076923077
0 0.5283842794759825 0.7980769230769231 0.1965065502183406 0.07692307692307693
0 0.5676855895196506 0.7259615384615384 0.2183406113537118 0.06971153846153846
0 0.5807860262008734 0.6706730769230769 0.18777292576419213 0.057692307692307696
0 0.5589519650655022 0.6033653846153846 0.2096069868995633 0.0673076923076923
0 0.5327510917030568 0.5408653846153846 0.1965065502183406 0.0625
0 0.5152838427947598 0.5048076923076923 0.1965065502183406 0.05048076923076923
0 0.47161572052401746 0.4495192307692308 0.2052401746724891 0.0625
0 0.4585152838427948 0.3918269230769231 0.18777292576419213 0.06009615384615385
0 0.4497816593886463 0.33413461538461536 0.19213973799126638 0.055288461538461536
0 0.45414847161572053 0.28125 0.1615720524017467 0.0625
0 0.4890829694323144 0.2283653846153846 0.14847161572052403 0.0625
0 0.5065502183406113 0.17548076923076922 0.13973799126637554 0.04807692307692308
0 0.5240174672489083 0.12980769230769232 0.13537117903930132 0.052884615384615384
0 0.5240174672489083 0.08413461538461539 0.1572052401746725 0.052884615384615384
0 0.519650655021834 0.04807692307692308 0.16593886462882096 0.036057692307692304