0 0.42358078602620086 0.8389423076923077 0.36681222707423583 0.07692307692307693
0 0.5065502183406113 0.7740384615384616 0.31877729257641924 0.06971153846153846
0 0.5895196506550219 0.7067307692307693 0.2663755458515284 0.0673076923076923
0 0.6681222707423581 0.6418269230769231 0.26200873362445415 0.0673076923076923
0 0.6812227074235808 0.5745192307692307 0.27510917030567683 0.06971153846153846
0 0.6550218340611353 0.5096153846153846 0.26200873362445415 0.07451923076923077
0 0.5938864628820961 0.4519230769230769 0.2445414847161572 0.07211538461538461
0 0.5109170305676856 0.40384615384615385 0.23580786026200873 0.055288461538461536
0 0.4585152838427948 0.3581730769230769 0.25327510917030566 0.06009615384615385
0 0.4366812227074236 0.3004807692307692 0.2576419213973799 0.06009615384615385
0 0.4585152838427948 0.25961538461538464 0.2314410480349345 0.06490384615384616
0 0.4890829694323144 0.20673076923076922 0.18777292576419213 0.06490384615384616
0 0.537117903930131 0.16346153846153846 0.1572052401746725 0.04807692307692308
0 0.5545851528384279 0.1201923076923077 0.17903930131004367 0.040865384615384616
0 0.5545851528384279 0.07932692307692307 0.17467248908296942 0.04807692307692308
0 0.5589519650655022 0.038461538461538464 0.18777292576419213 0.040865384615384616