0 0.5240174672489083 0.05048076923076923 0.2445414847161572 0.052884615384615384
0 0.4978165938864629 0.09134615384615384 0.22707423580786026 0.052884615384615384
0 0.462882096069869 0.13701923076923078 0.2314410480349345 0.055288461538461536
0 0.4104803493449782 0.18509615384615385 0.2314410480349345 0.0673076923076923
0 0.33624454148471616 0.2283653846153846 0.2838427947598253 0.08173076923076923
0 0.25327510917030566 0.27403846153846156 0.24017467248908297 0.06490384615384616
0 0.24017467248908297 0.3269230769230769 0.26200873362445415 0.06490384615384616
0 0.26200873362445415 0.38461538461538464 0.28820960698689957 0.0673076923076923
0 0.31004366812227074 0.4230769230769231 0.2576419213973799 0.0673076923076923
0 0.4279475982532751 0.46634615384615385 0.28820960698689957 0.08173076923076923
0 0.5458515283842795 0.5048076923076923 0.2576419213973799 0.07932692307692307
0 0.611353711790393 0.5384615384615384 0.2445414847161572 0.08413461538461539
0 0.6899563318777293 0.5793269230769231 0.28820960698689957 0.08413461538461539
0 0.7292576419213974 0.6466346153846154 0.31004366812227074 0.07692307692307693
0 0.7074235807860262 0.7043269230769231 0.31004366812227074 0.07692307692307693
0 0.6375545851528385 0.7524038461538461 0.3231441048034934 0.08173076923076923
0 0.5414847161572053 0.8100961538461539 0.314410480349345 0.08653846153846154
0 0.45414847161572053 0.8677884615384616 0.3624454148471616 0.0889423076923077