0 0.5240174672489083 0.8197115384615384 0.28820960698689957 0.0625
0 0.47161572052401746 0.7475961538461539 0.2794759825327511 0.057692307692307696
0 0.4148471615720524 0.6778846153846154 0.2838427947598253 0.07451923076923077
0 0.30131004366812225 0.5192307692307693 0.25327510917030566 0.06490384615384616
0 0.30131004366812225 0.5769230769230769 0.24890829694323144 0.055288461538461536
0 0.36681222707423583 0.6274038461538461 0.27510917030567683 0.0673076923076923
0 0.30131004366812225 0.46634615384615385 0.24017467248908297 0.06009615384615385
0 0.3318777292576419 0.4182692307692308 0.2314410480349345 0.06490384615384616
0 0.38427947598253276 0.37259615384615385 0.21397379912663755 0.05048076923076923
0 0.4192139737991266 0.32211538461538464 0.2052401746724891 0.055288461538461536
0 0.43231441048034935 0.2644230769230769 0.17903930131004367 0.04326923076923077
0 0.44541484716157204 0.21875 0.17903930131004367 0.052884615384615384
0 0.47161572052401746 0.1658653846153846 0.17467248908296942 0.040865384615384616
0 0.4890829694323144 0.125 0.1572052401746725 0.03365384615384615
0 0.4978165938864629 0.08653846153846154 0.13973799126637554 0.036057692307692304