0 0.5720524017467249 0.8653846153846154 0.42358078602620086 0.10336538461538461
0 0.6200873362445415 0.7980769230769231 0.4104803493449782 0.07932692307692307
0 0.6375545851528385 0.7259615384615384 0.39737991266375544 0.07692307692307693
0 0.6375545851528385 0.6586538461538461 0.388646288209607 0.07692307692307693
0 0.611353711790393 0.5841346153846154 0.4017467248908297 0.08413461538461539
0 0.6244541484716157 0.5216346153846154 0.388646288209607 0.0625
0 0.6200873362445415 0.46634615384615385 0.3537117903930131 0.055288461538461536
0 0.611353711790393 0.40625 0.33624454148471616 0.06009615384615385
0 0.6069868995633187 0.3485576923076923 0.31877729257641924 0.052884615384615384
0 0.5938864628820961 0.2980769230769231 0.29694323144104806 0.055288461538461536
0 0.5676855895196506 0.2403846153846154 0.32751091703056767 0.04807692307692308
0 0.5458515283842795 0.1971153846153846 0.30131004366812225 0.052884615384615384
0 0.5240174672489083 0.14903846153846154 0.29694323144104806 0.05048076923076923
0 0.4890829694323144 0.10096153846153846 0.29694323144104806 0.052884615384615384
0 0.462882096069869 0.052884615384615384 0.31877729257641924 0.05048076923076923