0 0.4585152838427948 0.8677884615384616 0.43231441048034935 0.08413461538461539
0 0.5240174672489083 0.7860576923076923 0.4017467248908297 0.07932692307692307
0 0.6157205240174672 0.7163461538461539 0.388646288209607 0.07451923076923077
0 0.6812227074235808 0.6442307692307693 0.37117903930131 0.08413461538461539
0 0.6768558951965066 0.5865384615384616 0.3624454148471616 0.06490384615384616
0 0.6244541484716157 0.5240384615384616 0.37117903930131 0.06971153846153846
0 0.5633187772925764 0.4735576923076923 0.37117903930131 0.06009615384615385
0 0.462882096069869 0.42788461538461536 0.3318777292576419 0.06009615384615385
0 0.4366812227074236 0.36538461538461536 0.3406113537117904 0.07451923076923077
0 0.45414847161572053 0.3076923076923077 0.31877729257641924 0.057692307692307696
0 0.4890829694323144 0.2692307692307692 0.2576419213973799 0.0625
0 0.5458515283842795 0.2283653846153846 0.26200873362445415 0.057692307692307696
0 0.5938864628820961 0.18269230769230768 0.27510917030567683 0.06009615384615385
0 0.6200873362445415 0.13701923076923078 0.26200873362445415 0.05048076923076923
0 0.6462882096069869 0.09615384615384616 0.28820960698689957 0.05048076923076923
0 0.6462882096069869 0.055288461538461536 0.30131004366812225 0.04807692307692308