0 0.4978165938864629 0.04807692307692308 0.17903930131004367 0.04567307692307692
0 0.4890829694323144 0.0889423076923077 0.18777292576419213 0.04807692307692308
0 0.4585152838427948 0.12980769230769232 0.17467248908296942 0.052884615384615384
0 0.4279475982532751 0.17307692307692307 0.18340611353711792 0.052884615384615384
0 0.39737991266375544 0.21394230769230768 0.18340611353711792 0.055288461538461536
0 0.37117903930131 0.2548076923076923 0.17903930131004367 0.052884615384615384
0 0.3537117903930131 0.3004807692307692 0.19213973799126638 0.057692307692307696
0 0.34497816593886466 0.35096153846153844 0.20087336244541484 0.057692307692307696
0 0.36681222707423583 0.39663461538461536 0.2096069868995633 0.06009615384615385
0 0.3799126637554585 0.43990384615384615 0.2314410480349345 0.06490384615384616
0 0.462882096069869 0.4951923076923077 0.25327510917030566 0.07932692307692307
0 0.5327510917030568 0.5456730769230769 0.26200873362445415 0.07451923076923077
0 0.5851528384279476 0.6033653846153846 0.24890829694323144 0.07692307692307693
0 0.6069868995633187 0.6730769230769231 0.2576419213973799 0.07692307692307693
0 0.6026200873362445 0.7403846153846154 0.26200873362445415 0.08173076923076923
0 0.5633187772925764 0.8052884615384616 0.28820960698689957 0.0889423076923077
0 0.5283842794759825 0.875 0.30131004366812225 0.08653846153846154