0 0.4104803493449782 0.03125 0.2925764192139738 0.04807692307692308
0 0.4192139737991266 0.06490384615384616 0.2838427947598253 0.04567307692307692
0 0.4366812227074236 0.10096153846153846 0.23580786026200873 0.05048076923076923
0 0.45414847161572053 0.14182692307692307 0.2183406113537118 0.05048076923076923
0 0.47161572052401746 0.17307692307692307 0.2052401746724891 0.04326923076923077
0 0.48034934497816595 0.21634615384615385 0.22270742358078602 0.052884615384615384
0 0.4847161572052402 0.25961538461538464 0.23580786026200873 0.052884615384615384
0 0.48034934497816595 0.3076923076923077 0.24890829694323144 0.052884615384615384
0 0.4847161572052402 0.35336538461538464 0.26200873362445415 0.055288461538461536
0 0.4890829694323144 0.40625 0.24890829694323144 0.06490384615384616
0 0.47161572052401746 0.45913461538461536 0.24890829694323144 0.057692307692307696
0 0.45414847161572053 0.5192307692307693 0.25327510917030566 0.06971153846153846
0 0.4497816593886463 0.5961538461538461 0.27074235807860264 0.06971153846153846
0 0.4672489082969432 0.6490384615384616 0.2838427947598253 0.0673076923076923
0 0.48034934497816595 0.7067307692307693 0.29694323144104806 0.05048076923076923
0 0.48034934497816595 0.7596153846153846 0.314410480349345 0.0673076923076923
0 0.47161572052401746 0.8221153846153846 0.314410480349345 0.0673076923076923
0 0.4585152838427948 0.875 0.3318777292576419 0.06009615384615385