0 0.5589519650655022 0.8990384615384616 0.2794759825327511 0.0625
0 0.5240174672489083 0.8365384615384616 0.26200873362445415 0.06490384615384616
0 0.49344978165938863 0.7596153846153846 0.25327510917030566 0.07211538461538461
0 0.44541484716157204 0.6923076923076923 0.2183406113537118 0.06490384615384616
0 0.3930131004366812 0.6346153846153846 0.22707423580786026 0.06490384615384616
0 0.34934497816593885 0.5769230769230769 0.23580786026200873 0.0673076923076923
0 0.33624454148471616 0.5168269230769231 0.24017467248908297 0.057692307692307696
0 0.35807860262008734 0.46634615384615385 0.22270742358078602 0.0673076923076923
0 0.37554585152838427 0.40865384615384615 0.2663755458515284 0.06490384615384616
0 0.388646288209607 0.3629807692307692 0.2445414847161572 0.0673076923076923
0 0.42358078602620086 0.31490384615384615 0.2445414847161572 0.0625
0 0.4759825327510917 0.27884615384615385 0.24890829694323144 0.0673076923076923
0 0.5240174672489083 0.22355769230769232 0.25327510917030566 0.06490384615384616
0 0.5414847161572053 0.18509615384615385 0.2445414847161572 0.055288461538461536
0 0.5676855895196506 0.13942307692307693 0.22707423580786026 0.057692307692307696