0 0.5283842794759825 0.07211538461538461 0.1965065502183406 0.057692307692307696
0 0.519650655021834 0.1201923076923077 0.1965065502183406 0.055288461538461536
0 0.4890829694323144 0.17548076923076922 0.22707423580786026 0.06490384615384616
0 0.4366812227074236 0.21634615384615385 0.2314410480349345 0.07211538461538461
0 0.3537117903930131 0.25961538461538464 0.2314410480349345 0.07211538461538461
0 0.29694323144104806 0.3076923076923077 0.2096069868995633 0.07451923076923077
0 0.26200873362445415 0.3557692307692308 0.2096069868995633 0.0625
0 0.25327510917030566 0.40865384615384615 0.22270742358078602 0.057692307692307696
0 0.24890829694323144 0.4543269230769231 0.23580786026200873 0.057692307692307696
0 0.26200873362445415 0.49038461538461536 0.23580786026200873 0.055288461538461536
0 0.30131004366812225 0.5264423076923077 0.24890829694323144 0.06971153846153846
0 0.3537117903930131 0.5817307692307693 0.2663755458515284 0.08173076923076923
0 0.4192139737991266 0.6394230769230769 0.2663755458515284 0.0985576923076923
0 0.4890829694323144 0.7091346153846154 0.3056768558951965 0.08173076923076923
0 0.537117903930131 0.7764423076923077 0.2838427947598253 0.08653846153846154
0 0.5633187772925764 0.8581730769230769 0.30131004366812225 0.07932692307692307