0 0.5633187772925764 0.16105769230769232 0.23580786026200873 0.06009615384615385
0 0.5633187772925764 0.21875 0.1965065502183406 0.055288461538461536
0 0.537117903930131 0.2692307692307692 0.16593886462882096 0.04326923076923077
0 0.4672489082969432 0.31009615384615385 0.17467248908296942 0.06009615384615385
0 0.36681222707423583 0.34375 0.2183406113537118 0.07211538461538461
0 0.26200873362445415 0.3870192307692308 0.2052401746724891 0.06971153846153846
0 0.2183406113537118 0.44711538461538464 0.24017467248908297 0.0625
0 0.20087336244541484 0.5144230769230769 0.2314410480349345 0.0625
0 0.24017467248908297 0.5793269230769231 0.22707423580786026 0.07211538461538461
0 0.34934497816593885 0.6466346153846154 0.2052401746724891 0.07451923076923077
0 0.49344978165938863 0.6971153846153846 0.22270742358078602 0.08653846153846154
0 0.611353711790393 0.7668269230769231 0.26200873362445415 0.0889423076923077
0 0.6593886462882096 0.8461538461538461 0.2925764192139738 0.0673076923076923
0 0.6943231441048034 0.9182692307692307 0.30131004366812225 0.06490384615384616
0 0.537117903930131 0.12259615384615384 0.2052401746724891 0.057692307692307696