0 0.4759825327510917 0.040865384615384616 0.25327510917030566 0.040865384615384616
0 0.4978165938864629 0.08173076923076923 0.24890829694323144 0.052884615384615384
0 0.5109170305676856 0.12740384615384615 0.24017467248908297 0.04807692307692308
0 0.4978165938864629 0.17067307692307693 0.22707423580786026 0.052884615384615384
0 0.48034934497816595 0.21153846153846154 0.22707423580786026 0.055288461538461536
0 0.42358078602620086 0.2548076923076923 0.23580786026200873 0.05048076923076923
0 0.40611353711790393 0.2956730769230769 0.21397379912663755 0.05048076923076923
0 0.3930131004366812 0.3485576923076923 0.2096069868995633 0.05048076923076923
0 0.39737991266375544 0.39903846153846156 0.22707423580786026 0.0625
0 0.39737991266375544 0.4495192307692308 0.24890829694323144 0.06009615384615385
0 0.43231441048034935 0.5 0.25327510917030566 0.06009615384615385
0 0.462882096069869 0.5576923076923077 0.27510917030567683 0.0625
0 0.5109170305676856 0.6177884615384616 0.28820960698689957 0.0673076923076923
0 0.537117903930131 0.6778846153846154 0.28820960698689957 0.0673076923076923
0 0.5545851528384279 0.7548076923076923 0.31004366812227074 0.07211538461538461
0 0.5589519650655022 0.8293269230769231 0.31877729257641924 0.07932692307692307
0 0.5327510917030568 0.8990384615384616 0.34934497816593885 0.07932692307692307