0 0.5283842794759825 0.11298076923076923 0.19213973799126638 0.05048076923076923
0 0.49344978165938863 0.16105769230769232 0.20087336244541484 0.06971153846153846
0 0.4585152838427948 0.21634615384615385 0.21397379912663755 0.0673076923076923
0 0.43231441048034935 0.25961538461538464 0.2314410480349345 0.06490384615384616
0 0.4148471615720524 0.3076923076923077 0.24890829694323144 0.06009615384615385
0 0.388646288209607 0.3629807692307692 0.22270742358078602 0.0625
0 0.38427947598253276 0.41346153846153844 0.2052401746724891 0.07692307692307693
0 0.42358078602620086 0.46634615384615385 0.2183406113537118 0.07451923076923077
0 0.4847161572052402 0.5168269230769231 0.25327510917030566 0.08413461538461539
0 0.5414847161572053 0.5697115384615384 0.25327510917030566 0.07932692307692307
0 0.5676855895196506 0.6322115384615384 0.27510917030567683 0.07211538461538461
0 0.5633187772925764 0.6923076923076923 0.2838427947598253 0.07451923076923077
0 0.537117903930131 0.7548076923076923 0.3056768558951965 0.08173076923076923
0 0.4847161572052402 0.8221153846153846 0.2794759825327511 0.09375
0 0.43231441048034935 0.8894230769230769 0.28820960698689957 0.09134615384615384