0 0.6506550218340611 0.036057692307692304 0.24890829694323144 0.04807692307692308
0 0.6331877729257642 0.07692307692307693 0.24017467248908297 0.06009615384615385
0 0.5895196506550219 0.11298076923076923 0.2314410480349345 0.055288461538461536
0 0.519650655021834 0.15144230769230768 0.2445414847161572 0.057692307692307696
0 0.4672489082969432 0.19230769230769232 0.2794759825327511 0.0625
0 0.4192139737991266 0.2283653846153846 0.2925764192139738 0.057692307692307696
0 0.4148471615720524 0.27163461538461536 0.2794759825327511 0.057692307692307696
0 0.4366812227074236 0.3173076923076923 0.28820960698689957 0.04807692307692308
0 0.47161572052401746 0.3581730769230769 0.2838427947598253 0.0625
0 0.537117903930131 0.4182692307692308 0.314410480349345 0.06971153846153846
0 0.611353711790393 0.47836538461538464 0.3056768558951965 0.07692307692307693
0 0.6899563318777293 0.5456730769230769 0.314410480349345 0.07932692307692307
0 0.7467248908296943 0.5985576923076923 0.30131004366812225 0.07211538461538461
0 0.7991266375545851 0.6466346153846154 0.3231441048034934 0.08173076923076923
0 0.7379912663755459 0.7115384615384616 0.3056768558951965 0.08173076923076923
0 0.6724890829694323 0.7475961538461539 0.314410480349345 0.08653846153846154
0 0.5676855895196506 0.7980769230769231 0.3318777292576419 0.09375
0 0.43231441048034935 0.8509615384615384 0.3537117903930131 0.09375
0 0.31877729257641924 0.9038461538461539 0.35807860262008734 0.0889423076923077