0 0.519650655021834 0.9206730769230769 0.38427947598253276 0.07451923076923077
0 0.5152838427947598 0.8389423076923077 0.3624454148471616 0.08413461538461539
0 0.5545851528384279 0.7524038461538461 0.3056768558951965 0.08413461538461539
0 0.5458515283842795 0.12740384615384615 0.2838427947598253 0.055288461538461536
0 0.5589519650655022 0.19471153846153846 0.2838427947598253 0.07451923076923077
0 0.6026200873362445 0.28125 0.27074235807860264 0.0625
0 0.6419213973799127 0.35336538461538464 0.3056768558951965 0.0625
0 0.6855895196506551 0.4206730769230769 0.3231441048034934 0.06009615384615385
0 0.6768558951965066 0.4855769230769231 0.28820960698689957 0.0625
0 0.6593886462882096 0.5576923076923077 0.3318777292576419 0.07211538461538461
0 0.6200873362445415 0.6225961538461539 0.27510917030567683 0.055288461538461536
0 0.5982532751091703 0.6802884615384616 0.30131004366812225 0.06009615384615385