0 0.5807860262008734 0.8653846153846154 0.27510917030567683 0.07211538461538461
0 0.5720524017467249 0.7908653846153846 0.2838427947598253 0.0625
0 0.5458515283842795 0.7235576923076923 0.24890829694323144 0.06009615384615385
0 0.5327510917030568 0.6634615384615384 0.22707423580786026 0.06490384615384616
0 0.5109170305676856 0.6033653846153846 0.24017467248908297 0.06009615384615385
0 0.5021834061135371 0.5432692307692307 0.24017467248908297 0.06490384615384616
0 0.49344978165938863 0.47836538461538464 0.22707423580786026 0.05048076923076923
0 0.49344978165938863 0.42788461538461536 0.1965065502183406 0.05048076923076923
0 0.49344978165938863 0.37740384615384615 0.24017467248908297 0.06490384615384616
0 0.49344978165938863 0.3293269230769231 0.17467248908296942 0.04807692307692308
0 0.49344978165938863 0.2692307692307692 0.20087336244541484 0.055288461538461536
0 0.4978165938864629 0.21394230769230768 0.16593886462882096 0.052884615384615384
0 0.49344978165938863 0.16105769230769232 0.1572052401746725 0.04567307692307692
0 0.49344978165938863 0.1201923076923077 0.17903930131004367 0.04326923076923077
0 0.5021834061135371 0.08653846153846154 0.17903930131004367 0.036057692307692304