0 0.48034934497816595 0.8269230769230769 0.31004366812227074 0.0889423076923077
0 0.5414847161572053 0.7668269230769231 0.27074235807860264 0.0889423076923077
0 0.6200873362445415 0.6947115384615384 0.28820960698689957 0.08653846153846154
0 0.6681222707423581 0.6322115384615384 0.24890829694323144 0.07932692307692307
0 0.6943231441048034 0.5673076923076923 0.27074235807860264 0.06971153846153846
0 0.6943231441048034 0.5096153846153846 0.2576419213973799 0.06971153846153846
0 0.6157205240174672 0.4519230769230769 0.2445414847161572 0.06971153846153846
0 0.537117903930131 0.39903846153846156 0.25327510917030566 0.0625
0 0.5065502183406113 0.35336538461538464 0.2663755458515284 0.052884615384615384
0 0.5021834061135371 0.30528846153846156 0.23580786026200873 0.06009615384615385
0 0.5065502183406113 0.25240384615384615 0.2052401746724891 0.0625
0 0.537117903930131 0.21394230769230768 0.16593886462882096 0.057692307692307696
0 0.5807860262008734 0.16826923076923078 0.19213973799126638 0.0673076923076923
0 0.6069868995633187 0.12259615384615384 0.17467248908296942 0.04807692307692308
0 0.5982532751091703 0.07451923076923077 0.1572052401746725 0.04807692307692308
0 0.5764192139737991 0.036057692307692304 0.21397379912663755 0.04326923076923077
0 0.4366812227074236 0.8990384615384616 0.37554585152838427 0.07692307692307693