0 0.5065502183406113 0.8389423076923077 0.2445414847161572 0.08413461538461539
0 0.5414847161572053 0.7692307692307693 0.23580786026200873 0.07211538461538461
0 0.5895196506550219 0.7091346153846154 0.23580786026200873 0.0625
0 0.5807860262008734 0.6418269230769231 0.24890829694323144 0.0673076923076923
0 0.5764192139737991 0.5817307692307693 0.2183406113537118 0.06971153846153846
0 0.5458515283842795 0.5240384615384616 0.2096069868995633 0.0673076923076923
0 0.5152838427947598 0.4639423076923077 0.19213973799126638 0.05048076923076923
0 0.5065502183406113 0.41346153846153844 0.21397379912663755 0.06009615384615385
0 0.5152838427947598 0.3557692307692308 0.1965065502183406 0.04567307692307692
0 0.5109170305676856 0.30288461538461536 0.2052401746724891 0.06490384615384616
0 0.5065502183406113 0.25961538461538464 0.2052401746724891 0.0625
0 0.5065502183406113 0.20673076923076922 0.21397379912663755 0.06490384615384616
0 0.5021834061135371 0.15865384615384615 0.2052401746724891 0.04807692307692308
0 0.5240174672489083 0.11057692307692307 0.19213973799126638 0.04326923076923077
0 0.5109170305676856 0.07451923076923077 0.19213973799126638 0.04326923076923077