0 0.4366812227074236 0.9206730769230769 0.33624454148471616 0.08653846153846154
0 0.4366812227074236 0.8389423076923077 0.30131004366812225 0.07692307692307693
0 0.4585152838427948 0.7692307692307693 0.2663755458515284 0.0625
0 0.4847161572052402 0.7115384615384616 0.2576419213973799 0.07692307692307693
0 0.4978165938864629 0.6538461538461539 0.2314410480349345 0.05048076923076923
0 0.5283842794759825 0.59375 0.2576419213973799 0.0673076923076923
0 0.519650655021834 0.53125 0.2663755458515284 0.055288461538461536
0 0.5109170305676856 0.47115384615384615 0.2445414847161572 0.055288461538461536
0 0.5065502183406113 0.4206730769230769 0.21397379912663755 0.052884615384615384
0 0.5109170305676856 0.3701923076923077 0.22270742358078602 0.04807692307692308
0 0.5021834061135371 0.3269230769230769 0.18777292576419213 0.040865384615384616
0 0.5240174672489083 0.2764423076923077 0.2314410480349345 0.038461538461538464
0 0.519650655021834 0.23317307692307693 0.22707423580786026 0.038461538461538464
0 0.5021834061135371 0.1875 0.1965065502183406 0.04326923076923077
0 0.49344978165938863 0.1466346153846154 0.2052401746724891 0.038461538461538464
0 0.4890829694323144 0.10096153846153846 0.21397379912663755 0.04567307692307692