0 0.5327510917030568 0.8653846153846154 0.2663755458515284 0.07451923076923077
0 0.5458515283842795 0.8076923076923077 0.24890829694323144 0.0673076923076923
0 0.5458515283842795 0.7379807692307693 0.24017467248908297 0.0625
0 0.5109170305676856 0.6682692307692307 0.24890829694323144 0.06490384615384616
0 0.4585152838427948 0.6033653846153846 0.2314410480349345 0.06490384615384616
0 0.4148471615720524 0.5432692307692307 0.21397379912663755 0.057692307692307696
0 0.39737991266375544 0.4855769230769231 0.2052401746724891 0.057692307692307696
0 0.388646288209607 0.4326923076923077 0.23580786026200873 0.06009615384615385
0 0.3799126637554585 0.38461538461538464 0.2183406113537118 0.057692307692307696
0 0.40611353711790393 0.33653846153846156 0.21397379912663755 0.05048076923076923
0 0.43231441048034935 0.2932692307692308 0.2096069868995633 0.04567307692307692
0 0.4672489082969432 0.25240384615384615 0.22707423580786026 0.0625
0 0.5021834061135371 0.19951923076923078 0.2183406113537118 0.04807692307692308
0 0.5283842794759825 0.16105769230769232 0.17903930131004367 0.04326923076923077
0 0.5327510917030568 0.12259615384615384 0.1615720524017467 0.040865384615384616