0 0.5720524017467249 0.11298076923076923 0.2052401746724891 0.04567307692307692
0 0.5633187772925764 0.15384615384615385 0.19213973799126638 0.04807692307692308
0 0.5633187772925764 0.19951923076923078 0.18777292576419213 0.055288461538461536
0 0.5764192139737991 0.24519230769230768 0.2183406113537118 0.06490384615384616
0 0.5895196506550219 0.2980769230769231 0.2096069868995633 0.06009615384615385
0 0.5851528384279476 0.3485576923076923 0.2052401746724891 0.0625
0 0.5895196506550219 0.39663461538461536 0.21397379912663755 0.055288461538461536
0 0.6069868995633187 0.44711538461538464 0.21397379912663755 0.06490384615384616
0 0.6462882096069869 0.49759615384615385 0.23580786026200873 0.0673076923076923
0 0.6899563318777293 0.5528846153846154 0.2663755458515284 0.07692307692307693
0 0.7292576419213974 0.6057692307692307 0.29694323144104806 0.07692307692307693
0 0.7379912663755459 0.6802884615384616 0.3231441048034934 0.06971153846153846
0 0.7205240174672489 0.75 0.29694323144104806 0.0889423076923077
0 0.6419213973799127 0.8197115384615384 0.2925764192139738 0.0985576923076923
0 0.5458515283842795 0.8918269230769231 0.2925764192139738 0.10336538461538461