0 0.5851528384279476 0.8389423076923077 0.28820960698689957 0.07211538461538461
0 0.5938864628820961 0.9230769230769231 0.30131004366812225 0.06971153846153846
0 0.5458515283842795 0.7620192307692307 0.2576419213973799 0.06009615384615385
0 0.519650655021834 0.6995192307692307 0.24890829694323144 0.06490384615384616
0 0.4672489082969432 0.6370192307692307 0.24890829694323144 0.06009615384615385
0 0.4104803493449782 0.5793269230769231 0.2445414847161572 0.0673076923076923
0 0.34934497816593885 0.5240384615384616 0.24890829694323144 0.0625
0 0.27510917030567683 0.47115384615384615 0.2838427947598253 0.07692307692307693
0 0.2183406113537118 0.40384615384615385 0.3056768558951965 0.07451923076923077
0 0.1965065502183406 0.34615384615384615 0.31877729257641924 0.0673076923076923
0 0.2052401746724891 0.2956730769230769 0.3231441048034934 0.07932692307692307
0 0.44541484716157204 0.125 0.27510917030567683 0.06009615384615385
0 0.388646288209607 0.16346153846153846 0.2576419213973799 0.057692307692307696
0 0.32751091703056767 0.20192307692307693 0.2794759825327511 0.09134615384615384