0 0.6724890829694323 0.04326923076923077 0.27510917030567683 0.0625
0 0.6768558951965066 0.09375 0.25327510917030566 0.0673076923076923
0 0.6724890829694323 0.1466346153846154 0.25327510917030566 0.08173076923076923
0 0.6550218340611353 0.19471153846153846 0.2314410480349345 0.0625
0 0.6637554585152838 0.24519230769230768 0.28820960698689957 0.0673076923076923
0 0.6550218340611353 0.29086538461538464 0.314410480349345 0.07211538461538461
0 0.6462882096069869 0.3485576923076923 0.314410480349345 0.07451923076923077
0 0.6157205240174672 0.41346153846153844 0.31877729257641924 0.07692307692307693
0 0.6026200873362445 0.4831730769230769 0.3231441048034934 0.07211538461538461
0 0.5938864628820961 0.5240384615384616 0.36681222707423583 0.07451923076923077
0 0.5720524017467249 0.5745192307692307 0.3406113537117904 0.07692307692307693
0 0.6026200873362445 0.6298076923076923 0.3537117903930131 0.07211538461538461
0 0.6375545851528385 0.6947115384615384 0.35807860262008734 0.08653846153846154
0 0.6550218340611353 0.7740384615384616 0.4148471615720524 0.08173076923076923
0 0.6593886462882096 0.84375 0.36681222707423583 0.09375
0 0.5633187772925764 0.8966346153846154 0.37554585152838427 0.0985576923076923