0 0.5414847161572053 0.03125 0.22707423580786026 0.040865384615384616
0 0.5283842794759825 0.06490384615384616 0.2052401746724891 0.040865384615384616
0 0.519650655021834 0.0985576923076923 0.2052401746724891 0.04807692307692308
0 0.4978165938864629 0.13942307692307693 0.2052401746724891 0.055288461538461536
0 0.4847161572052402 0.1971153846153846 0.24017467248908297 0.06490384615384616
0 0.4847161572052402 0.25 0.26200873362445415 0.06009615384615385
0 0.47161572052401746 0.30288461538461536 0.25327510917030566 0.06009615384615385
0 0.4672489082969432 0.3557692307692308 0.24017467248908297 0.0625
0 0.4847161572052402 0.40384615384615385 0.24017467248908297 0.06971153846153846
0 0.5240174672489083 0.4543269230769231 0.23580786026200873 0.07932692307692307
0 0.5764192139737991 0.5072115384615384 0.27510917030567683 0.09134615384615384
0 0.6331877729257642 0.5697115384615384 0.2794759825327511 0.07451923076923077
0 0.6637554585152838 0.6298076923076923 0.2838427947598253 0.07451923076923077
0 0.6069868995633187 0.6971153846153846 0.36681222707423583 0.0889423076923077
0 0.5720524017467249 0.7668269230769231 0.35807860262008734 0.09615384615384616
0 0.5065502183406113 0.8317307692307693 0.3406113537117904 0.10817307692307693
0 0.4410480349344978 0.9086538461538461 0.33624454148471616 0.09134615384615384