0 0.4497816593886463 0.8581730769230769 0.3537117903930131 0.08413461538461539
0 0.5895196506550219 0.7908653846153846 0.3624454148471616 0.08173076923076923
0 0.7030567685589519 0.7259615384615384 0.32751091703056767 0.08413461538461539
0 0.7292576419213974 0.6514423076923077 0.314410480349345 0.07211538461538461
0 0.6681222707423581 0.5817307692307693 0.3056768558951965 0.07692307692307693
0 0.5807860262008734 0.5288461538461539 0.2925764192139738 0.0673076923076923
0 0.4847161572052402 0.47596153846153844 0.2576419213973799 0.06971153846153846
0 0.42358078602620086 0.4254807692307692 0.2183406113537118 0.052884615384615384
0 0.42358078602620086 0.37259615384615385 0.2314410480349345 0.055288461538461536
0 0.47161572052401746 0.3173076923076923 0.20087336244541484 0.057692307692307696
0 0.5502183406113537 0.27884615384615385 0.19213973799126638 0.057692307692307696
0 0.6026200873362445 0.23317307692307693 0.1965065502183406 0.057692307692307696
0 0.6419213973799127 0.1875 0.19213973799126638 0.05048076923076923
0 0.6768558951965066 0.13701923076923078 0.2052401746724891 0.04567307692307692
0 0.6637554585152838 0.09134615384615384 0.18777292576419213 0.04326923076923077