0 0.5414847161572053 0.0889423076923077 0.24017467248908297 0.052884615384615384
0 0.5414847161572053 0.12740384615384615 0.2576419213973799 0.052884615384615384
0 0.5327510917030568 0.16826923076923078 0.2576419213973799 0.052884615384615384
0 0.5152838427947598 0.20673076923076922 0.2576419213973799 0.06971153846153846
0 0.4978165938864629 0.25 0.2925764192139738 0.0625
0 0.4672489082969432 0.2860576923076923 0.3231441048034934 0.06490384615384616
0 0.4410480349344978 0.3269230769230769 0.34934497816593885 0.06971153846153846
0 0.4148471615720524 0.38221153846153844 0.32751091703056767 0.0625
0 0.40611353711790393 0.43509615384615385 0.3406113537117904 0.0625
0 0.4017467248908297 0.4879807692307692 0.3231441048034934 0.057692307692307696
0 0.39737991266375544 0.5408653846153846 0.314410480349345 0.06490384615384616
0 0.4104803493449782 0.6081730769230769 0.3056768558951965 0.08173076923076923
0 0.45414847161572053 0.6826923076923077 0.2925764192139738 0.08413461538461539
0 0.4978165938864629 0.7548076923076923 0.3231441048034934 0.0889423076923077
0 0.5327510917030568 0.8245192307692307 0.34934497816593885 0.08413461538461539
0 0.5502183406113537 0.9038461538461539 0.3624454148471616 0.08173076923076923