0 0.4890829694323144 0.8701923076923077 0.388646288209607 0.07692307692307693
0 0.5152838427947598 0.8004807692307693 0.3537117903930131 0.07692307692307693
0 0.5633187772925764 0.7379807692307693 0.35807860262008734 0.0673076923076923
0 0.6026200873362445 0.6682692307692307 0.2794759825327511 0.055288461538461536
0 0.5414847161572053 0.07932692307692307 0.2314410480349345 0.04326923076923077
0 0.5152838427947598 0.12259615384615384 0.22270742358078602 0.05048076923076923
0 0.45414847161572053 0.20432692307692307 0.18777292576419213 0.05048076923076923
0 0.4192139737991266 0.25 0.18777292576419213 0.04326923076923077
0 0.4104803493449782 0.2956730769230769 0.2576419213973799 0.052884615384615384
0 0.43231441048034935 0.34375 0.2838427947598253 0.055288461538461536
0 0.4279475982532751 0.3894230769230769 0.3056768558951965 0.04567307692307692
0 0.4672489082969432 0.44471153846153844 0.2838427947598253 0.05048076923076923
0 0.519650655021834 0.4879807692307692 0.3056768558951965 0.05048076923076923
0 0.5633187772925764 0.53125 0.2838427947598253 0.052884615384615384
0 0.6069868995633187 0.6009615384615384 0.3231441048034934 0.06971153846153846
0 0.49344978165938863 0.17067307692307693 0.2183406113537118 0.05048076923076923