0 0.5720524017467249 0.05048076923076923 0.26200873362445415 0.06009615384615385
0 0.5502183406113537 0.08653846153846154 0.27510917030567683 0.0625
0 0.5021834061135371 0.12980769230769232 0.24017467248908297 0.06490384615384616
0 0.48034934497816595 0.1778846153846154 0.26200873362445415 0.06971153846153846
0 0.44541484716157204 0.21634615384615385 0.27074235807860264 0.06490384615384616
0 0.4279475982532751 0.2668269230769231 0.31004366812227074 0.0673076923076923
0 0.42358078602620086 0.31009615384615385 0.34934497816593885 0.06490384615384616
0 0.4366812227074236 0.35096153846153844 0.3537117903930131 0.08653846153846154
0 0.4672489082969432 0.4014423076923077 0.34934497816593885 0.08413461538461539
0 0.5021834061135371 0.44471153846153844 0.3406113537117904 0.0673076923076923
0 0.5458515283842795 0.49759615384615385 0.3318777292576419 0.07692307692307693
0 0.5807860262008734 0.5600961538461539 0.3231441048034934 0.07692307692307693
0 0.6069868995633187 0.6177884615384616 0.3406113537117904 0.08413461538461539
0 0.6026200873362445 0.6899038461538461 0.31877729257641924 0.07692307692307693
0 0.5502183406113537 0.7572115384615384 0.3231441048034934 0.08413461538461539
0 0.4978165938864629 0.8221153846153846 0.3406113537117904 0.10096153846153846
0 0.47161572052401746 0.8918269230769231 0.35807860262008734 0.07451923076923077
0 0.4366812227074236 0.9495192307692307 0.34934497816593885 0.08413461538461539