0 0.37117903930131 0.8293269230769231 0.37117903930131 0.07692307692307693
0 0.34497816593886466 0.7524038461538461 0.3318777292576419 0.07932692307692307
0 0.33624454148471616 0.6802884615384616 0.3231441048034934 0.07692307692307693
0 0.4978165938864629 0.5576923076923077 0.29694323144104806 0.06971153846153846
0 0.5851528384279476 0.5240384615384616 0.27510917030567683 0.057692307692307696
0 0.6855895196506551 0.4879807692307692 0.26200873362445415 0.07211538461538461
0 0.8078602620087336 0.4639423076923077 0.2576419213973799 0.0625
0 0.851528384279476 0.4182692307692308 0.22707423580786026 0.0625
0 0.5327510917030568 0.14423076923076922 0.21397379912663755 0.04807692307692308
0 0.5720524017467249 0.18509615384615385 0.29694323144104806 0.0673076923076923
0 0.6026200873362445 0.23317307692307693 0.25327510917030566 0.07692307692307693
0 0.6506550218340611 0.27403846153846156 0.22270742358078602 0.052884615384615384
0 0.74235807860262 0.31009615384615385 0.20087336244541484 0.04807692307692308
0 0.8122270742358079 0.33653846153846156 0.18777292576419213 0.052884615384615384
0 0.851528384279476 0.3701923076923077 0.22270742358078602 0.04567307692307692
0 0.4279475982532751 0.6081730769230769 0.34497816593886466 0.07692307692307693