0 0.5589519650655022 0.8245192307692307 0.34934497816593885 0.07692307692307693
0 0.5851528384279476 0.7475961538461539 0.34497816593886466 0.06490384615384616
0 0.5895196506550219 0.6826923076923077 0.314410480349345 0.07211538461538461
0 0.5633187772925764 0.6201923076923077 0.30131004366812225 0.0625
0 0.5240174672489083 0.5600961538461539 0.28820960698689957 0.0625
0 0.4672489082969432 0.5024038461538461 0.28820960698689957 0.057692307692307696
0 0.4104803493449782 0.4519230769230769 0.24890829694323144 0.057692307692307696
0 0.4148471615720524 0.3894230769230769 0.2794759825327511 0.057692307692307696
0 0.4366812227074236 0.3389423076923077 0.25327510917030566 0.05048076923076923
0 0.48034934497816595 0.29086538461538464 0.24017467248908297 0.0625
0 0.5589519650655022 0.24759615384615385 0.2096069868995633 0.055288461538461536
0 0.6069868995633187 0.19471153846153846 0.2096069868995633 0.05048076923076923
0 0.6244541484716157 0.15144230769230768 0.17467248908296942 0.040865384615384616
0 0.6331877729257642 0.10576923076923077 0.1703056768558952 0.040865384615384616
0 0.5152838427947598 0.9038461538461539 0.47161572052401746 0.08173076923076923