0 0.462882096069869 0.875 0.2314410480349345 0.07451923076923077
0 0.5021834061135371 0.8052884615384616 0.2183406113537118 0.06009615384615385
0 0.5240174672489083 0.7379807692307693 0.2314410480349345 0.06009615384615385
0 0.537117903930131 0.6754807692307693 0.22270742358078602 0.06009615384615385
0 0.5283842794759825 0.6177884615384616 0.2183406113537118 0.06490384615384616
0 0.5065502183406113 0.5552884615384616 0.2096069868995633 0.05048076923076923
0 0.4759825327510917 0.5024038461538461 0.1703056768558952 0.05048076923076923
0 0.47161572052401746 0.44711538461538464 0.18340611353711792 0.05048076923076923
0 0.44541484716157204 0.40384615384615385 0.1703056768558952 0.05048076923076923
0 0.4497816593886463 0.34615384615384615 0.15283842794759825 0.057692307692307696
0 0.4585152838427948 0.3004807692307692 0.17467248908296942 0.052884615384615384
0 0.4847161572052402 0.25 0.1703056768558952 0.057692307692307696
0 0.5065502183406113 0.20673076923076922 0.1615720524017467 0.06490384615384616
0 0.5021834061135371 0.16105769230769232 0.16593886462882096 0.04567307692307692
0 0.5109170305676856 0.11778846153846154 0.1615720524017467 0.04807692307692308
0 0.519650655021834 0.08173076923076923 0.1615720524017467 0.04326923076923077