0 0.5633187772925764 0.9158653846153846 0.314410480349345 0.0673076923076923
0 0.5764192139737991 0.8509615384615384 0.314410480349345 0.055288461538461536
0 0.5764192139737991 0.7908653846153846 0.27074235807860264 0.06009615384615385
0 0.5458515283842795 0.7211538461538461 0.23580786026200873 0.0625
0 0.4847161572052402 0.6730769230769231 0.20087336244541484 0.0625
0 0.4279475982532751 0.6177884615384616 0.22270742358078602 0.055288461538461536
0 0.3799126637554585 0.5649038461538461 0.20087336244541484 0.0673076923076923
0 0.35807860262008734 0.5072115384615384 0.2183406113537118 0.052884615384615384
0 0.35807860262008734 0.4519230769230769 0.2052401746724891 0.04567307692307692
0 0.34934497816593885 0.3942307692307692 0.2096069868995633 0.04807692307692308
0 0.36681222707423583 0.3317307692307692 0.21397379912663755 0.0625
0 0.4104803493449782 0.27163461538461536 0.20087336244541484 0.04326923076923077
0 0.4279475982532751 0.22355769230769232 0.2096069868995633 0.04807692307692308
0 0.45414847161572053 0.1778846153846154 0.1703056768558952 0.04807692307692308
0 0.45414847161572053 0.14423076923076922 0.18777292576419213 0.04326923076923077
0 0.4585152838427948 0.10336538461538461 0.18340611353711792 0.05048076923076923