0 0.5807860262008734 0.84375 0.25327510917030566 0.06490384615384616
0 0.5895196506550219 0.7692307692307693 0.1965065502183406 0.06009615384615385
0 0.5720524017467249 0.6995192307692307 0.20087336244541484 0.057692307692307696
0 0.5502183406113537 0.6394230769230769 0.19213973799126638 0.052884615384615384
0 0.519650655021834 0.5769230769230769 0.19213973799126638 0.06009615384615385
0 0.5065502183406113 0.5240384615384616 0.19213973799126638 0.052884615384615384
0 0.4847161572052402 0.4639423076923077 0.1703056768558952 0.055288461538461536
0 0.4890829694323144 0.41346153846153844 0.17467248908296942 0.055288461538461536
0 0.462882096069869 0.3605769230769231 0.1615720524017467 0.05048076923076923
0 0.44541484716157204 0.31009615384615385 0.1615720524017467 0.05048076923076923
0 0.44541484716157204 0.25961538461538464 0.13973799126637554 0.040865384615384616
0 0.45414847161572053 0.21634615384615385 0.12663755458515283 0.04807692307692308
0 0.45414847161572053 0.16826923076923078 0.14847161572052403 0.04567307692307692
0 0.44541484716157204 0.11778846153846154 0.13100436681222707 0.04567307692307692
0 0.4497816593886463 0.06971153846153846 0.16593886462882096 0.040865384615384616