0 0.6637554585152838 0.040865384615384616 0.2096069868995633 0.04807692307692308
0 0.6506550218340611 0.08173076923076923 0.18777292576419213 0.040865384615384616
0 0.6244541484716157 0.1201923076923077 0.18777292576419213 0.038461538461538464
0 0.6026200873362445 0.16826923076923078 0.2096069868995633 0.05048076923076923
0 0.5807860262008734 0.21153846153846154 0.2445414847161572 0.04326923076923077
0 0.5764192139737991 0.25961538461538464 0.24017467248908297 0.04567307692307692
0 0.5633187772925764 0.31490384615384615 0.24017467248908297 0.05048076923076923
0 0.5502183406113537 0.36538461538461536 0.2663755458515284 0.05048076923076923
0 0.5327510917030568 0.41586538461538464 0.27510917030567683 0.06009615384615385
0 0.5240174672489083 0.4735576923076923 0.2663755458515284 0.055288461538461536
0 0.5502183406113537 0.5288461538461539 0.34497816593886466 0.057692307692307696
0 0.5458515283842795 0.5889423076923077 0.3056768558951965 0.04807692307692308
0 0.5589519650655022 0.6394230769230769 0.3406113537117904 0.06971153846153846
0 0.5851528384279476 0.7067307692307693 0.28820960698689957 0.06490384615384616
0 0.5938864628820961 0.7668269230769231 0.3231441048034934 0.06490384615384616
0 0.5545851528384279 0.8293269230769231 0.3231441048034934 0.08173076923076923
0 0.5109170305676856 0.9038461538461539 0.388646288209607 0.06009615384615385