0 0.4366812227074236 0.8725961538461539 0.2663755458515284 0.07451923076923077
0 0.4890829694323144 0.8076923076923077 0.23580786026200873 0.0673076923076923
0 0.5676855895196506 0.7572115384615384 0.2445414847161572 0.0673076923076923
0 0.6244541484716157 0.6971153846153846 0.2314410480349345 0.06490384615384616
0 0.6331877729257642 0.6274038461538461 0.22270742358078602 0.0625
0 0.6069868995633187 0.5625 0.25327510917030566 0.06971153846153846
0 0.537117903930131 0.5072115384615384 0.2052401746724891 0.07451923076923077
0 0.45414847161572053 0.4567307692307692 0.2314410480349345 0.07451923076923077
0 0.48034934497816595 0.14903846153846154 0.15283842794759825 0.04326923076923077
0 0.4497816593886463 0.18990384615384615 0.1572052401746725 0.04567307692307692
0 0.39737991266375544 0.23076923076923078 0.14847161572052403 0.04326923076923077
0 0.35807860262008734 0.27163461538461536 0.1703056768558952 0.052884615384615384
0 0.34497816593886466 0.31971153846153844 0.20087336244541484 0.05048076923076923
0 0.36681222707423583 0.36538461538461536 0.2183406113537118 0.04567307692307692
0 0.4017467248908297 0.41346153846153844 0.25327510917030566 0.05048076923076923