0 0.537117903930131 0.8004807692307693 0.39737991266375544 0.07692307692307693
0 0.5502183406113537 0.7379807692307693 0.3537117903930131 0.0673076923076923
0 0.5152838427947598 0.6730769230769231 0.32751091703056767 0.06490384615384616
0 0.5240174672489083 0.6153846153846154 0.3056768558951965 0.0625
0 0.5240174672489083 0.5649038461538461 0.2794759825327511 0.06009615384615385
0 0.5327510917030568 0.5048076923076923 0.2794759825327511 0.052884615384615384
0 0.5240174672489083 0.4495192307692308 0.27510917030567683 0.052884615384615384
0 0.5065502183406113 0.3918269230769231 0.26200873362445415 0.052884615384615384
0 0.5065502183406113 0.3389423076923077 0.22270742358078602 0.052884615384615384
0 0.4978165938864629 0.28846153846153844 0.2183406113537118 0.06009615384615385
0 0.4890829694323144 0.23557692307692307 0.22270742358078602 0.06009615384615385
0 0.4890829694323144 0.18269230769230768 0.20087336244541484 0.052884615384615384
0 0.4759825327510917 0.13221153846153846 0.2096069868995633 0.05048076923076923
0 0.47161572052401746 0.08653846153846154 0.22707423580786026 0.052884615384615384
0 0.4410480349344978 0.040865384615384616 0.2314410480349345 0.04567307692307692