0 0.5589519650655022 0.8774038461538461 0.23580786026200873 0.07932692307692307
0 0.6200873362445415 0.8125 0.24890829694323144 0.07211538461538461
0 0.6506550218340611 0.7451923076923077 0.22707423580786026 0.07211538461538461
0 0.5851528384279476 0.6730769230769231 0.19213973799126638 0.07211538461538461
0 0.4759825327510917 0.6225961538461539 0.19213973799126638 0.09615384615384616
0 0.37554585152838427 0.5793269230769231 0.22270742358078602 0.09615384615384616
0 0.2925764192139738 0.5360576923076923 0.20087336244541484 0.08413461538461539
0 0.23580786026200873 0.4735576923076923 0.19213973799126638 0.0673076923076923
0 0.2314410480349345 0.40384615384615385 0.16593886462882096 0.055288461538461536
0 0.27074235807860264 0.35096153846153844 0.18340611353711792 0.06490384615384616
0 0.3231441048034934 0.3076923076923077 0.19213973799126638 0.0673076923076923
0 0.3930131004366812 0.2692307692307692 0.16593886462882096 0.07692307692307693
0 0.462882096069869 0.2283653846153846 0.15283842794759825 0.0673076923076923
0 0.5240174672489083 0.1875 0.1703056768558952 0.0625
0 0.5414847161572053 0.1346153846153846 0.17467248908296942 0.057692307692307696
0 0.5633187772925764 0.09375 0.17903930131004367 0.05048076923076923
0 0.5633187772925764 0.05048076923076923 0.18777292576419213 0.06009615384615385