0 0.4847161572052402 0.036057692307692304 0.19213973799126638 0.038461538461538464
0 0.49344978165938863 0.06971153846153846 0.1965065502183406 0.04567307692307692
0 0.49344978165938863 0.10817307692307693 0.1965065502183406 0.052884615384615384
0 0.4497816593886463 0.14903846153846154 0.2183406113537118 0.0625
0 0.40611353711790393 0.19230769230769232 0.2052401746724891 0.06009615384615385
0 0.34934497816593885 0.2283653846153846 0.21397379912663755 0.06009615384615385
0 0.314410480349345 0.27403846153846156 0.22707423580786026 0.06971153846153846
0 0.30131004366812225 0.32211538461538464 0.2183406113537118 0.057692307692307696
0 0.31004366812227074 0.375 0.22707423580786026 0.0625
0 0.3406113537117904 0.4182692307692308 0.21397379912663755 0.0625
0 0.40611353711790393 0.47115384615384615 0.22707423580786026 0.07451923076923077
0 0.48034934497816595 0.5216346153846154 0.25327510917030566 0.06971153846153846
0 0.5633187772925764 0.5745192307692307 0.24017467248908297 0.07451923076923077
0 0.6244541484716157 0.6346153846153846 0.24017467248908297 0.07211538461538461
0 0.6419213973799127 0.7043269230769231 0.25327510917030566 0.07692307692307693
0 0.6462882096069869 0.7788461538461539 0.24890829694323144 0.06971153846153846
0 0.6375545851528385 0.8509615384615384 0.27074235807860264 0.08173076923076923