0 0.44541484716157204 0.04326923076923077 0.2183406113537118 0.04326923076923077
0 0.4410480349344978 0.07692307692307693 0.2183406113537118 0.04326923076923077
0 0.4366812227074236 0.11538461538461539 0.22270742358078602 0.052884615384615384
0 0.4279475982532751 0.16346153846153846 0.22270742358078602 0.0625
0 0.4192139737991266 0.21634615384615385 0.2314410480349345 0.0625
0 0.3799126637554585 0.2668269230769231 0.22707423580786026 0.0673076923076923
0 0.3318777292576419 0.31971153846153844 0.2576419213973799 0.0673076923076923
0 0.2838427947598253 0.36778846153846156 0.2663755458515284 0.07211538461538461
0 0.27510917030567683 0.42788461538461536 0.2838427947598253 0.07692307692307693
0 0.31004366812227074 0.4879807692307692 0.3056768558951965 0.07211538461538461
0 0.36681222707423583 0.5432692307692307 0.30131004366812225 0.07692307692307693
0 0.4410480349344978 0.59375 0.31004366812227074 0.08653846153846154
0 0.519650655021834 0.6442307692307693 0.2925764192139738 0.07692307692307693
0 0.5676855895196506 0.7019230769230769 0.2838427947598253 0.06971153846153846
0 0.5982532751091703 0.7716346153846154 0.2925764192139738 0.07211538461538461
0 0.5938864628820961 0.8485576923076923 0.31004366812227074 0.09134615384615384