0 0.5589519650655022 0.8461538461538461 0.3056768558951965 0.07211538461538461
0 0.5327510917030568 0.7836538461538461 0.2794759825327511 0.06009615384615385
0 0.5109170305676856 0.7163461538461539 0.2576419213973799 0.057692307692307696
0 0.48034934497816595 0.6610576923076923 0.24890829694323144 0.06490384615384616
0 0.4585152838427948 0.5961538461538461 0.24017467248908297 0.0625
0 0.44541484716157204 0.5408653846153846 0.23580786026200873 0.057692307692307696
0 0.44541484716157204 0.4855769230769231 0.24890829694323144 0.06009615384615385
0 0.4672489082969432 0.43028846153846156 0.24890829694323144 0.06490384615384616
0 0.49344978165938863 0.38221153846153844 0.24017467248908297 0.04807692307692308
0 0.4978165938864629 0.3389423076923077 0.22707423580786026 0.0673076923076923
0 0.5065502183406113 0.2764423076923077 0.22707423580786026 0.06490384615384616
0 0.5021834061135371 0.21634615384615385 0.21397379912663755 0.057692307692307696
0 0.4978165938864629 0.17067307692307693 0.21397379912663755 0.05048076923076923
0 0.4978165938864629 0.12740384615384615 0.15283842794759825 0.04326923076923077
0 0.4978165938864629 0.08653846153846154 0.1615720524017467 0.028846153846153848