0 0.5502183406113537 0.038461538461538464 0.2183406113537118 0.04326923076923077
0 0.5502183406113537 0.07451923076923077 0.1965065502183406 0.04567307692307692
0 0.5414847161572053 0.11298076923076923 0.21397379912663755 0.055288461538461536
0 0.5327510917030568 0.15625 0.22707423580786026 0.06490384615384616
0 0.49344978165938863 0.2091346153846154 0.22270742358078602 0.07211538461538461
0 0.4585152838427948 0.2692307692307692 0.2445414847161572 0.06009615384615385
0 0.4366812227074236 0.31490384615384615 0.22707423580786026 0.055288461538461536
0 0.4279475982532751 0.36538461538461536 0.2445414847161572 0.06490384615384616
0 0.4497816593886463 0.41346153846153844 0.2445414847161572 0.057692307692307696
0 0.4978165938864629 0.46153846153846156 0.26200873362445415 0.07932692307692307
0 0.5676855895196506 0.5120192307692307 0.2576419213973799 0.07451923076923077
0 0.6550218340611353 0.5721153846153846 0.27074235807860264 0.08173076923076923
0 0.7205240174672489 0.6201923076923077 0.27510917030567683 0.07451923076923077
0 0.7292576419213974 0.6634615384615384 0.3231441048034934 0.06490384615384616
0 0.7161572052401747 0.7091346153846154 0.2925764192139738 0.07451923076923077
0 0.6593886462882096 0.7644230769230769 0.2838427947598253 0.08413461538461539
0 0.6026200873362445 0.8269230769230769 0.31004366812227074 0.07692307692307693
0 0.5283842794759825 0.8894230769230769 0.3231441048034934 0.08653846153846154
0 0.47161572052401746 0.9495192307692307 0.3406113537117904 0.0889423076923077