0 0.5152838427947598 0.8293269230769231 0.3406113537117904 0.06971153846153846
0 0.5021834061135371 0.7620192307692307 0.33624454148471616 0.06490384615384616
0 0.49344978165938863 0.6947115384615384 0.314410480349345 0.06971153846153846
0 0.462882096069869 0.6298076923076923 0.29694323144104806 0.0673076923076923
0 0.4017467248908297 0.5673076923076923 0.32751091703056767 0.06971153846153846
0 0.36681222707423583 0.5096153846153846 0.28820960698689957 0.057692307692307696
0 0.33624454148471616 0.46153846153846156 0.30131004366812225 0.06009615384615385
0 0.314410480349345 0.40865384615384615 0.29694323144104806 0.06009615384615385
0 0.31877729257641924 0.35336538461538464 0.2794759825327511 0.06009615384615385
0 0.34497816593886466 0.31009615384615385 0.27510917030567683 0.06971153846153846
0 0.35807860262008734 0.2620192307692308 0.2838427947598253 0.0625
0 0.39737991266375544 0.21634615384615385 0.2663755458515284 0.06971153846153846
0 0.4497816593886463 0.16826923076923078 0.24890829694323144 0.06009615384615385
0 0.4759825327510917 0.12740384615384615 0.2314410480349345 0.0625
0 0.5065502183406113 0.08413461538461539 0.22270742358078602 0.06490384615384616